date_time,file,committer_name
Mon Dec 15 23:29:41 2008,Combo.java,Scott Kovatch
Mon Dec 15 23:34:52 2008,Display.java,Scott Kovatch
Mon Dec 15 23:34:52 2008,Text.java,Scott Kovatch
Tue Jan  6 20:35:08 2009,Image.java,Scott Kovatch
Tue Jan  6 20:59:01 2009,MenuItem.java,Scott Kovatch
Tue Jan  6 23:40:52 2009,Label.java,Scott Kovatch
