date_time,file,committer_name
Fri Jul 30 13:51:22 2010,.classpath,wjongman
Fri Jul 30 13:51:22 2010,.project,wjongman
Fri Jul 30 13:51:22 2010,org.eclipse.jdt.core.prefs,wjongman
Fri Jul 30 13:51:22 2010,org.eclipse.pde.core.prefs,wjongman
Fri Jul 30 13:51:22 2010,MANIFEST.MF,wjongman
Fri Jul 30 13:51:22 2010,build.properties,wjongman
Fri Jul 30 13:51:22 2010,export.jardesc,wjongman
Fri Jul 30 13:51:22 2010,Oscilloscope.java,wjongman
Fri Jul 30 13:51:22 2010,OscilloscopeDispatcher.java,wjongman
Fri Jul 30 13:53:05 2010,.classpath,wjongman
Fri Jul 30 13:53:05 2010,.project,wjongman
Fri Jul 30 13:53:05 2010,org.eclipse.jdt.core.prefs,wjongman
Fri Jul 30 13:53:05 2010,org.eclipse.pde.core.prefs,wjongman
Fri Jul 30 13:53:05 2010,MANIFEST.MF,wjongman
Fri Jul 30 13:53:05 2010,build.properties,wjongman
Fri Jul 30 13:53:05 2010,soundbites.license,wjongman
Fri Jul 30 13:53:05 2010,Snippet.java,wjongman
Fri Jul 30 13:53:05 2010,Snippet2.java,wjongman
Fri Jul 30 13:53:05 2010,Snippet3.java,wjongman
Fri Jul 30 13:53:05 2010,SnippetDispatcher.java,wjongman
Sun Aug 15 23:03:19 2010,.cvsignore,wjongman
Sun Aug 15 23:03:19 2010,Snippet.java,wjongman
Sun Aug 15 23:03:19 2010,Snippet1.java,wjongman
Sun Aug 15 23:03:19 2010,Snippet2.java,wjongman
Sun Aug 15 23:03:19 2010,Snippet3.java,wjongman
Sun Aug 15 23:03:19 2010,SnippetDispatcher.java,wjongman
Sun Aug 15 23:03:21 2010,.classpath,wjongman
Sun Aug 15 23:03:21 2010,org.eclipse.jdt.core.prefs,wjongman
Sun Aug 15 23:03:21 2010,MANIFEST.MF,wjongman
Sun Aug 15 23:03:21 2010,build.properties,wjongman
Sun Aug 15 23:03:21 2010,nebula.product,wjongman
Sun Aug 15 23:03:21 2010,plugin.xml,wjongman
Sun Aug 15 23:03:21 2010,ExamplesView.java,wjongman
Sun Aug 15 23:03:21 2010,Activator.java,wjongman
Sun Aug 15 23:03:21 2010,DateChooserExampleTab.java,wjongman
Sun Aug 15 23:03:21 2010,OscilloscopeExampleTab.java,wjongman
Sun Aug 15 23:03:22 2010,MANIFEST.MF,wjongman
Sun Aug 15 23:03:22 2010,Oscilloscope.java,wjongman
Sun Aug 15 23:03:22 2010,OscilloscopeDispatcher.java,wjongman
