date_time,file,committer_name
Thu Jul 14 22:02:33 2022,Library.java,Eclipse Releng Bot
Thu Jul 14 22:02:33 2022,make_common.mak,Eclipse Releng Bot
Thu Aug 11  2:32:24 2022,Library.java,Eclipse Releng Bot
Thu Aug 11  2:32:24 2022,make_common.mak,Eclipse Releng Bot
