date_time,file,committer_name
Wed Aug 31 20:42:42 2016,AbstractTestSegmentStore.java,Matthew Khouzam
Wed Aug 31 20:42:42 2016,ArrayListStoreTest.java,Matthew Khouzam
Wed Aug 31 20:42:42 2016,LazyArrayListStoreTest.java,Matthew Khouzam
Wed Aug 31 20:42:42 2016,LazyArrayListStore.java,Matthew Khouzam
Wed Aug 31 20:43:04 2016,CallGraphAnalysis.java,Matthew Khouzam
Tue Sep  6 15:48:52 2016,CallStackView.java,Matthew Khouzam
Wed Sep  7 13:13:49 2016,AbstractTestSegmentStore.java,Matthew Khouzam
Wed Sep  7 13:13:49 2016,ArrayListStore.java,Matthew Khouzam
Wed Sep  7 17:46:58 2016,.classpath,Matthew Khouzam
Wed Sep  7 17:46:58 2016,SegmentStoreBenchmark.java,Matthew Khouzam
Wed Sep  7 20:18:21 2016,OfflineStatisticsCalculator.java,Matthew Khouzam
Wed Sep  7 20:18:21 2016,SegmentStoreStatisticsTest.java,Matthew Khouzam
Wed Sep  7 20:18:21 2016,SegmentStoreStatistics.java,Matthew Khouzam
Wed Sep  7 20:23:02 2016,AggregatedCalledFunction.java,Matthew Khouzam
Wed Sep  7 20:23:02 2016,AggregatedCalledFunctionStatistics.java,Matthew Khouzam
Thu Sep  8 16:43:36 2016,UstDebugInfoBinaryFile.java,Matthew Khouzam
Fri Sep  9  1:30:05 2016,KernelEventHandlerUtils.java,Matthew Khouzam
Fri Sep  9  1:30:05 2016,SchedSwitchHandler.java,Matthew Khouzam
Fri Sep  9  1:30:05 2016,StateDumpHandler.java,Matthew Khouzam
Mon Sep 12 19:57:56 2016,ControlFlowView.java,Matthew Khouzam
Thu Sep 15 15:35:28 2016,SegmentStoreStatisticsTest.java,Matthew Khouzam
Mon Sep 19 13:48:34 2016,SystemCallLatencyStatisticsViewer.java,Matthew Khouzam
Mon Sep 19 13:48:34 2016,AbstractSegmentStoreStatisticsViewer.java,Matthew Khouzam
Mon Sep 19 13:48:34 2016,Messages.java,Matthew Khouzam
Mon Sep 19 13:48:34 2016,messages.properties,Matthew Khouzam
Mon Sep 19 13:48:34 2016,PatternStatisticsViewer.java,Matthew Khouzam
Thu Sep 22 17:19:24 2016,SystemCallLatencyAnalysis.java,Matthew Khouzam
Fri Sep 23 13:48:02 2016,build.properties,Matthew Khouzam
Fri Sep 23 13:48:02 2016,TmfAnalysisModuleHelperXml.java,Matthew Khouzam
