date_time,file,committer_name
Fri Sep 12 20:10:19 2008,MANIFEST.MF,DJ Houghton
Fri Sep 12 20:10:19 2008,AutomatedTests.java,DJ Houghton
Fri Sep 12 20:10:19 2008,AbstractReconcilerTest.java,DJ Houghton
Fri Sep 12 20:10:19 2008,AllTests.java,DJ Houghton
Fri Sep 12 20:10:19 2008,BasicTests.java,DJ Houghton
Fri Sep 12 20:10:19 2008,ReconcilerTestSuite.java,DJ Houghton
Sat Sep 13 12:56:20 2008,AutomatedTests.java,DJ Houghton
Thu Sep 18 20:48:26 2008,MANIFEST.MF,DJ Houghton
Thu Sep 18 20:48:26 2008,AbstractReconcilerTest.java,DJ Houghton
Thu Sep 18 20:48:26 2008,AllTests.java,DJ Houghton
Thu Sep 18 20:48:26 2008,BasicTests.java,DJ Houghton
Thu Sep 18 20:48:26 2008,ConfigurationTests.java,DJ Houghton
Thu Sep 18 20:48:26 2008,feature.xml,DJ Houghton
Thu Sep 18 20:48:26 2008,feature.xml,DJ Houghton
Thu Sep 18 20:48:26 2008,feature.xml,DJ Houghton
Thu Sep 18 20:48:26 2008,plugin.xml,DJ Houghton
Mon Sep 22 18:00:28 2008,AbstractReconcilerTest.java,DJ Houghton
Tue Sep 23 19:52:32 2008,AllTests.java,DJ Houghton
Tue Sep 23 19:52:32 2008,FeaturePatchTest.java,DJ Houghton
Tue Sep 23 19:52:32 2008,feature.xml,DJ Houghton
Tue Sep 23 19:52:32 2008,feature.xml,DJ Houghton
Wed Sep 24 13:40:05 2008,FileUtils.java,DJ Houghton
Fri Sep 26 18:43:53 2008,FeaturePatchTest.java,DJ Houghton
Fri Sep 26 19:17:53 2008,ArtifactRepositoryManagerTest.java,DJ Houghton
Fri Sep 26 19:30:02 2008,SimpleArtifactRepository.java,DJ Houghton
Fri Sep 26 19:30:02 2008,SimpleArtifactRepositoryTest.java,DJ Houghton
Fri Sep 26 20:31:51 2008,OperationGenerationTest.java,DJ Houghton
Fri Sep 26 20:48:39 2008,BasicTests.java,DJ Houghton
Fri Sep 26 20:48:39 2008,ConfigurationTests.java,DJ Houghton
Fri Sep 26 20:48:39 2008,FeaturePatchTest.java,DJ Houghton
Mon Sep 29 19:02:12 2008,EquinoxManipulatorImpl.java,DJ Houghton
Mon Sep 29 19:02:12 2008,ConfigurationTests.java,DJ Houghton
Mon Sep 29 19:02:12 2008,SimpleConfiguratorManipulatorImpl.java,DJ Houghton
Tue Sep 30 14:59:19 2008,MirrorApplication.java,DJ Houghton
Tue Sep 30 14:59:19 2008,MirrorApplication.java,DJ Houghton
Tue Sep 30 15:40:35 2008,OrderedProperties.java,DJ Houghton
Tue Sep 30 15:40:35 2008,AllTests.java,DJ Houghton
Tue Sep 30 15:40:35 2008,OrderedPropertiesTest.java,DJ Houghton
Tue Sep 30 17:41:34 2008,FileUtils.java,DJ Houghton
Tue Sep 30 17:41:34 2008,TarEntry.java,DJ Houghton
Tue Sep 30 17:41:34 2008,TarException.java,DJ Houghton
Tue Sep 30 17:41:34 2008,TarFile.java,DJ Houghton
Tue Sep 30 17:41:34 2008,TarInputStream.java,DJ Houghton
Tue Sep 30 17:41:34 2008,AllTests.java,DJ Houghton
Tue Sep 30 17:41:34 2008,FileUtilsTest.java,DJ Houghton
Tue Sep 30 18:10:46 2008,TarEntry.java,DJ Houghton
Tue Sep 30 18:10:46 2008,TarException.java,DJ Houghton
Tue Sep 30 18:10:46 2008,TarFile.java,DJ Houghton
Tue Sep 30 18:10:46 2008,TarInputStream.java,DJ Houghton
Tue Sep 30 20:38:47 2008,MirrorApplication.java,DJ Houghton
Tue Sep 30 21:02:50 2008,org.eclipse.jdt.core.prefs,DJ Houghton
Tue Sep 30 21:02:50 2008,MANIFEST.MF,DJ Houghton
Tue Sep 30 21:02:50 2008,AbstractProvisioningTest.java,DJ Houghton
Tue Sep 30 21:02:50 2008,AutomatedTests.java,DJ Houghton
Tue Sep 30 21:02:50 2008,AllTests.java,DJ Houghton
Tue Sep 30 21:02:50 2008,ArtifactMirrorApplicationTest.java,DJ Houghton
Tue Sep 30 21:02:50 2008,MetadataMirrorApplicationTest.java,DJ Houghton
Tue Sep 30 21:02:50 2008,artifacts.xml,DJ Houghton
Tue Sep 30 21:02:50 2008,content.xml,DJ Houghton
Tue Sep 30 21:02:50 2008,site.xml,DJ Houghton
Tue Sep 30 21:02:50 2008,artifacts.xml,DJ Houghton
Tue Sep 30 21:02:50 2008,content.xml,DJ Houghton
Tue Sep 30 21:02:50 2008,site.xml,DJ Houghton
Tue Sep 30 21:02:50 2008,artifacts.xml,DJ Houghton
Tue Sep 30 21:02:50 2008,content.xml,DJ Houghton
Tue Sep 30 21:02:50 2008,site.xml,DJ Houghton
Tue Sep 30 21:02:50 2008,artifacts.xml,DJ Houghton
Tue Sep 30 21:02:50 2008,content.xml,DJ Houghton
Tue Sep 30 22:02:21 2008,MirrorApplication.java,DJ Houghton
Tue Sep 30 22:02:21 2008,MirrorApplication.java,DJ Houghton
Wed Oct  1 15:19:38 2008,MirrorApplication.java,DJ Houghton
Wed Oct  1 15:19:38 2008,MirrorApplication.java,DJ Houghton
Wed Oct  1 19:43:57 2008,AbstractReconcilerTest.java,DJ Houghton
Wed Oct  1 20:28:43 2008,AbstractReconcilerTest.java,DJ Houghton
Wed Oct  1 20:34:48 2008,AllTests.java,DJ Houghton
Wed Oct  1 20:34:48 2008,ArtifactRepositoryCleanupTest.java,DJ Houghton
Wed Oct  1 20:34:48 2008,MetadataRepositoryCleanupTest.java,DJ Houghton
Thu Oct  2 21:08:09 2008,MirrorApplication.java,DJ Houghton
Thu Oct  2 21:08:09 2008,ArtifactMirrorApplicationTest.java,DJ Houghton
Thu Oct  2 21:08:09 2008,MetadataMirrorApplicationTest.java,DJ Houghton
Thu Oct  2 21:23:49 2008,MANIFEST.MF,DJ Houghton
Thu Oct  2 21:23:49 2008,MANIFEST.MF,DJ Houghton
Thu Oct  2 21:23:49 2008,MANIFEST.MF,DJ Houghton
Thu Oct  2 21:23:49 2008,Application.java,DJ Houghton
Thu Oct  2 21:23:49 2008,Messages.java,DJ Houghton
Thu Oct  2 21:23:49 2008,messages.properties,DJ Houghton
Thu Oct  2 21:23:49 2008,MANIFEST.MF,DJ Houghton
Thu Oct  2 21:23:49 2008,AllTests.java,DJ Houghton
Thu Oct  2 21:23:49 2008,DirectorAppTest.java,DJ Houghton
Fri Oct  3 20:27:17 2008,PlatformXmlListener.java,DJ Houghton
Fri Oct  3 20:27:17 2008,AbstractReconcilerTest.java,DJ Houghton
Fri Oct  3 20:27:17 2008,BasicTests.java,DJ Houghton
Fri Oct  3 20:27:17 2008,ConfigurationTests.java,DJ Houghton
Fri Oct  3 20:27:17 2008,FeaturePatchTest.java,DJ Houghton
Fri Oct  3 20:53:01 2008,ProvisioningHelper.java,DJ Houghton
Fri Oct  3 20:53:01 2008,SimplePlanner.java,DJ Houghton
Fri Oct  3 20:53:01 2008,MetadataRepositoryManager.java,DJ Houghton
Fri Oct  3 22:02:50 2008,MirrorApplication.java,DJ Houghton
Fri Oct  3 22:02:50 2008,MirrorApplication.java,DJ Houghton
Fri Oct  3 22:02:50 2008,AbstractProvisioningTest.java,DJ Houghton
Fri Oct  3 22:02:50 2008,ArtifactMirrorApplicationTest.java,DJ Houghton
Fri Oct  3 22:02:50 2008,MetadataMirrorApplicationTest.java,DJ Houghton
Tue Oct  7 21:31:45 2008,ConfigurationTests.java,DJ Houghton
Wed Oct  8 14:06:35 2008,StructuredIUGroup.java,DJ Houghton
Wed Oct  8 14:06:35 2008,AvailableIUGroup.java,DJ Houghton
Wed Oct  8 14:06:35 2008,MetadataRepositories.java,DJ Houghton
Wed Oct  8 20:15:26 2008,MANIFEST.MF,DJ Houghton
Wed Oct  8 20:15:26 2008,EntryAdvice.java,DJ Houghton
Wed Oct  8 20:15:26 2008,RepositoryListener.java,DJ Houghton
Wed Oct  8 20:15:26 2008,DropinsRepositoryListener.java,DJ Houghton
Wed Oct  8 20:15:26 2008,PlatformXmlListener.java,DJ Houghton
Wed Oct  8 20:15:26 2008,AbstractReconcilerTest.java,DJ Houghton
Wed Oct  8 20:15:26 2008,ConfigurationTests.java,DJ Houghton
Wed Oct  8 20:15:26 2008,MANIFEST.MF,DJ Houghton
Wed Oct  8 20:15:26 2008,PlatformConfigurationWrapper.java,DJ Houghton
Wed Oct  8 20:15:26 2008,InstallFeatureAction.java,DJ Houghton
Wed Oct  8 20:15:26 2008,Site.java,DJ Houghton
Fri Oct 10 18:24:56 2008,Application.java,DJ Houghton
Fri Oct 10 18:24:56 2008,EclipseGeneratorApplication.java,DJ Houghton
Fri Oct 10 18:24:56 2008,EclipseInstallGeneratorInfoProvider.java,DJ Houghton
Fri Oct 10 18:24:56 2008,Generator.java,DJ Houghton
Fri Oct 10 18:24:56 2008,IGeneratorInfo.java,DJ Houghton
Fri Oct 10 18:24:56 2008,GeneratorTask.java,DJ Houghton
Fri Oct 10 18:24:56 2008,MirrorApplication.java,DJ Houghton
Fri Oct 10 18:24:56 2008,All p2 Tests.launch,DJ Houghton
Fri Oct 10 18:24:56 2008,AutomatedTests.java,DJ Houghton
Fri Oct 10 18:24:56 2008,ArtifactMirrorApplicationTest.java,DJ Houghton
Fri Oct 10 18:24:56 2008,ArtifactRepositoryCleanupTest.java,DJ Houghton
Fri Oct 10 18:24:56 2008,MetadataMirrorApplicationTest.java,DJ Houghton
Fri Oct 10 18:24:56 2008,MetadataRepositoryCleanupTest.java,DJ Houghton
Fri Oct 10 18:24:56 2008,site.xml,DJ Houghton
Fri Oct 10 18:24:56 2008,MirrorApplication.java,DJ Houghton
Fri Oct 10 18:25:36 2008,MirrorApplication.java,DJ Houghton
Fri Oct 10 18:25:36 2008,AbstractPublisherApplication.java,DJ Houghton
Fri Oct 10 18:25:36 2008,Publisher.java,DJ Houghton
Fri Oct 10 18:25:36 2008,FeaturesAndBundlesPublisherApplication.java,DJ Houghton
Fri Oct 10 18:25:36 2008,InstallPublisherApplication.java,DJ Houghton
Fri Oct 10 18:25:36 2008,ProductPublisherApplication.java,DJ Houghton
Fri Oct 10 18:25:36 2008,PublisherTask.java,DJ Houghton
Fri Oct 10 18:25:36 2008,AutomatedTests.java,DJ Houghton
Fri Oct 10 18:25:36 2008,DirectorAppTest.java,DJ Houghton
Fri Oct 10 18:25:36 2008,GeneratorTests.java,DJ Houghton
Fri Oct 10 18:25:36 2008,TestGeneratorInfo.java,DJ Houghton
Fri Oct 10 18:25:36 2008,UtilTest.java,DJ Houghton
Fri Oct 10 18:25:36 2008,site.xml,DJ Houghton
Fri Oct 10 18:25:36 2008,site.xml,DJ Houghton
Fri Oct 10 20:19:15 2008,DirectorTask.java,DJ Houghton
Fri Oct 10 20:19:15 2008,PublisherTask.java,DJ Houghton
Sat Oct 11 15:07:25 2008,Activator.java,DJ Houghton
Sat Oct 11 15:07:25 2008,PlatformXmlListener.java,DJ Houghton
Sat Oct 11 15:07:25 2008,PlatformConfigurationWrapper.java,DJ Houghton
