date_time,file,committer_name
Thu Mar 11 12:51:07 2021,BundleErrorReporter.java,Vikas Chandra
Thu Mar 11 12:51:07 2021,PDEUIMessages.java,Vikas Chandra
Thu Mar 11 12:51:07 2021,ResolutionGenerator.java,Vikas Chandra
Thu Mar 11 12:51:07 2021,UpdateExecutionEnvironment.java,Vikas Chandra
Thu Mar 11 12:51:07 2021,pderesources.properties,Vikas Chandra
Wed Mar 17  5:52:05 2021,MANIFEST.MF,Vikas Chandra
Wed Mar 17  5:52:05 2021,pom.xml,Vikas Chandra
Wed Mar 17  5:52:05 2021,PDEState.java,Vikas Chandra
