date_time,file,committer_name
Thu Nov 16 19:52:14 2023,CheCodeLocatorLoader.ts,Shmaraiev Oleksandr
Thu Nov 16 19:52:14 2023,Factory.spec.ts,Shmaraiev Oleksandr
Thu Nov 16 19:52:14 2023,NoSetupRepoFactory.spec.ts,Shmaraiev Oleksandr
Thu Nov 16 19:52:14 2023,RefusedOAuthFactory.spec.ts,Shmaraiev Oleksandr
Thu Nov 16 19:52:14 2023,ProjectAndFileTests.ts,Shmaraiev Oleksandr
Mon Dec  4 15:25:11 2023,NoSetupRepoFactory.spec.ts,Shmaraiev Oleksandr
Tue Dec  5 10:00:25 2023,Workspaces.ts,Shmaraiev Oleksandr
