date_time,file,committer_name
Fri Jun  9  5:55:47 2017,EditorController.js,Shiv Kandikuppa
Fri Jun  9  5:55:47 2017,editor-template.html,Shiv Kandikuppa
Sat Jun 10 23:23:13 2017,Readme.md,Shiv Kandikuppa
Sat Jun 10 23:23:13 2017,DevToolServer.java,Shiv Kandikuppa
Sat Jun 10 23:23:13 2017,UserController.java,Shiv Kandikuppa
Sat Jun 10 23:23:13 2017,LoginController.js,Shiv Kandikuppa
Sat Jun 10 23:23:13 2017,devtoolApp.js,Shiv Kandikuppa
Sat Jun 10 23:23:13 2017,LoginDataService.js,Shiv Kandikuppa
Sat Jun 10 23:23:13 2017,AppServiceLoader.js,Shiv Kandikuppa
Sat Jun 10 23:23:13 2017,index.html,Shiv Kandikuppa
Sat Jun 10 23:23:13 2017,Readme.md,Shiv Kandikuppa
Sat Jun 10 23:23:13 2017,tutorial-create_and_publish_with_devtool.md,Shiv Kandikuppa
Sat Jun 10 23:23:13 2017,tutorial-create_webapp_with_vorto.md,Shiv Kandikuppa
Sun Jun 11 13:49:42 2017,Readme.md,Shiv Kandikuppa
Sun Jun 11 13:49:42 2017,EditorController.js,Shiv Kandikuppa
Sun Jun 11 13:49:42 2017,Readme.md,Shiv Kandikuppa
Sun Jun 11 13:49:42 2017,tutorial-create_and_publish_with_web_editor.md,Shiv Kandikuppa
Sun Jun 11 23:21:14 2017,EditorController.js,Shiv Kandikuppa
Tue Jun 20 22:51:47 2017,EditorController.js,Shiv Kandikuppa
Thu Jun 22  7:42:39 2017,FileResourceHandler.xtend,Shiv Kandikuppa
Thu Jun 22  7:42:39 2017,IProjectRepositoryService.java,Shiv Kandikuppa
Thu Jun 22  7:42:39 2017,ProjectRepositoryFileConstants.java,Shiv Kandikuppa
Thu Jun 22  7:42:39 2017,ProjectRepositoryServiceFS.java,Shiv Kandikuppa
Thu Jun 22  7:42:39 2017,EditorConfigurationCloud.java,Shiv Kandikuppa
Thu Jun 22  7:42:39 2017,EditorConfigurationLocal.java,Shiv Kandikuppa
Thu Jun 22  7:42:39 2017,DeleteResourceRequest.java,Shiv Kandikuppa
Thu Jun 22  7:42:39 2017,LinkReferenceModelRequest.java,Shiv Kandikuppa
Thu Jun 22  7:42:39 2017,LinkReferenceResourceRequest.java,Shiv Kandikuppa
Thu Jun 22  7:42:39 2017,Response.java,Shiv Kandikuppa
Thu Jun 22  7:42:39 2017,GlobalContext.java,Shiv Kandikuppa
Thu Jun 22  7:42:39 2017,LinkReferenceResponse.java,Shiv Kandikuppa
Thu Jun 22  7:42:39 2017,IEditorService.java,Shiv Kandikuppa
Thu Jun 22  7:42:39 2017,IProjectService.java,Shiv Kandikuppa
Thu Jun 22  7:42:39 2017,XtextEditorProjectServiceImpl.java,Shiv Kandikuppa
Thu Jun 22  7:42:39 2017,Constants.java,Shiv Kandikuppa
Thu Jun 22  7:42:39 2017,DevtoolReferenceLinker.java,Shiv Kandikuppa
Thu Jun 22  7:42:39 2017,WebUtils.java,Shiv Kandikuppa
Thu Jun 22  7:42:39 2017,ProjectController.java,Shiv Kandikuppa
Thu Jun 22  7:42:39 2017,AbstractEditorController.java,Shiv Kandikuppa
Thu Jun 22  7:42:39 2017,DatatypeEditorController.java,Shiv Kandikuppa
Thu Jun 22  7:42:39 2017,FunctionBlockEditorController.java,Shiv Kandikuppa
Thu Jun 22  7:42:39 2017,InformationModelEditorController.java,Shiv Kandikuppa
Thu Jun 22  7:42:39 2017,EditorController.js,Shiv Kandikuppa
Thu Jun 22  8:02:53 2017,EditorController.js,Shiv Kandikuppa
Thu Jun 22 23:19:55 2017,ProjectRepositoryFileConstants.java,Shiv Kandikuppa
Thu Jun 22 23:19:55 2017,ProjectRepositoryServiceFS.java,Shiv Kandikuppa
Thu Jun 22 23:19:55 2017,Project.java,Shiv Kandikuppa
Thu Jun 22 23:19:55 2017,IProjectService.java,Shiv Kandikuppa
Thu Jun 22 23:19:55 2017,XtextEditorProjectServiceImpl.java,Shiv Kandikuppa
Thu Jun 22 23:19:55 2017,ProjectResourceComparator.java,Shiv Kandikuppa
Thu Jun 22 23:19:55 2017,ProjectController.java,Shiv Kandikuppa
Sat Jun 24  8:58:17 2017,IProjectService.java,Shiv Kandikuppa
Sat Jun 24  8:58:17 2017,XtextEditorProjectServiceImpl.java,Shiv Kandikuppa
Sat Jun 24  8:58:17 2017,ProjectController.java,Shiv Kandikuppa
Sat Jun 24  8:58:17 2017,AppControllerLoader.js,Shiv Kandikuppa
Sat Jun 24  8:58:17 2017,DeleteProjectController.js,Shiv Kandikuppa
Sat Jun 24  8:58:17 2017,ProjectController.js,Shiv Kandikuppa
Sat Jun 24  8:58:17 2017,ShareDataService.js,Shiv Kandikuppa
Sat Jun 24  8:58:17 2017,ProjectDataService.js,Shiv Kandikuppa
Sat Jun 24  8:58:17 2017,editor-template.html,Shiv Kandikuppa
Sat Jun 24  8:58:17 2017,delete-project-modal-template.html,Shiv Kandikuppa
Sat Jun 24  8:58:17 2017,project-template.html,Shiv Kandikuppa
Sat Jun 24 10:08:58 2017,EditorController.js,Shiv Kandikuppa
Sun Jun 25  0:00:33 2017,application-local.yml,Shiv Kandikuppa
Sun Jun 25  0:00:33 2017,EditorController.js,Shiv Kandikuppa
Sun Jun 25  0:00:33 2017,ProjectController.js,Shiv Kandikuppa
Sun Jun 25  0:00:33 2017,editor-template.html,Shiv Kandikuppa
Sun Jun 25  0:00:33 2017,project-template.html,Shiv Kandikuppa
Mon Jun 26  0:13:50 2017,Readme.md,Shiv Kandikuppa
Mon Jun 26  0:13:50 2017,EditorController.js,Shiv Kandikuppa
Mon Jun 26  9:26:12 2017,EditorController.js,Shiv Kandikuppa
Tue Jun 27  5:01:22 2017,EditorController.js,Shiv Kandikuppa
Tue Jun 27  9:04:55 2017,WebUtils.java,Shiv Kandikuppa
Tue Jun 27  9:04:55 2017,ProjectController.java,Shiv Kandikuppa
Wed Jun 28 11:46:02 2017,WebUtils.java,Shiv Kandikuppa
Wed Jun 28 11:46:02 2017,ProjectController.java,Shiv Kandikuppa
Fri Jun 30  5:48:02 2017,DeleteResourceRequest.java,Shiv Kandikuppa
Fri Jun 30  5:48:02 2017,ProjectController.java,Shiv Kandikuppa
Fri Jun 30  5:48:02 2017,ProjectDataService.js,Shiv Kandikuppa
