date_time,file,committer_name
Thu Nov 15  9:46:53 2007,CompilationUnitTests.java,David Audel
Thu Nov 15  9:46:53 2007,ResolveTests_1_5.java,David Audel
Thu Nov 15  9:46:53 2007,buildnotes_jdt-core.html,David Audel
Thu Nov 15  9:46:53 2007,SelectionParser.java,David Audel
Mon Nov 19 11:53:39 2007,buildnotes_jdt-core.html,David Audel
Mon Nov 19 11:53:39 2007,SelectionRequestor.java,David Audel
Wed Nov 21 14:35:39 2007,GenericsCompletionParserTest.java,David Audel
Wed Nov 21 14:35:39 2007,messages.properties,David Audel
Wed Nov 21 14:35:39 2007,buildnotes_jdt-core.html,David Audel
Wed Nov 21 14:35:39 2007,CompletionParser.java,David Audel
Wed Nov 21 15:13:00 2007,AnnotationDietRecoveryTest.java,David Audel
Wed Nov 21 15:13:00 2007,buildnotes_jdt-core.html,David Audel
Wed Nov 21 15:13:00 2007,RecoveredMethod.java,David Audel
Wed Nov 28 11:04:46 2007,StatementRecoveryTest_1_5.java,David Audel
Wed Nov 28 11:04:46 2007,java.g,David Audel
Wed Dec  5 10:03:22 2007,CompletionTests.java,David Audel
Wed Dec  5 10:03:22 2007,CompletionWithMissingTypesTests.java,David Audel
