date_time,file,committer_name
Tue Jul 12 19:07:16 2005,TableColumn.java,Veronika Irvine
Tue Jul 12 19:36:30 2005,Table.java,Veronika Irvine
Tue Jul 12 19:36:30 2005,TableColumn.java,Veronika Irvine
Tue Jul 12 19:37:49 2005,Table.java,Veronika Irvine
Tue Jul 12 21:26:17 2005,Table.java,Veronika Irvine
Tue Jul 12 21:26:17 2005,TableColumn.java,Veronika Irvine
Wed Jul 13 14:18:49 2005,Tree.java,Veronika Irvine
Wed Jul 13 14:18:49 2005,TreeColumn.java,Veronika Irvine
Wed Jul 13 14:28:22 2005,Table.java,Veronika Irvine
Wed Jul 13 14:30:04 2005,Tree.java,Veronika Irvine
Wed Jul 13 14:30:04 2005,TreeColumn.java,Veronika Irvine
Wed Jul 13 14:44:59 2005,Tree.java,Veronika Irvine
Wed Jul 13 14:44:59 2005,TreeColumn.java,Veronika Irvine
Thu Jul 14 14:37:47 2005,Composite.java,Veronika Irvine
Thu Jul 14 14:37:47 2005,Shell.java,Veronika Irvine
Thu Jul 14 14:37:47 2005,Widget.java,Veronika Irvine
Thu Jul 14 15:52:10 2005,Composite.java,Veronika Irvine
Thu Jul 14 15:52:10 2005,Shell.java,Veronika Irvine
Thu Jul 14 17:21:18 2005,Composite.java,Veronika Irvine
Thu Jul 14 17:22:13 2005,Composite.java,Veronika Irvine
Thu Jul 14 17:41:42 2005,Composite.java,Veronika Irvine
Thu Jul 14 17:41:42 2005,Shell.java,Veronika Irvine
Thu Jul 14 17:41:42 2005,Widget.java,Veronika Irvine
Thu Jul 14 17:41:42 2005,Composite.java,Veronika Irvine
Thu Jul 14 17:41:42 2005,Shell.java,Veronika Irvine
Thu Jul 14 17:41:42 2005,Widget.java,Veronika Irvine
Thu Jul 14 17:41:42 2005,Composite.java,Veronika Irvine
Thu Jul 14 17:41:42 2005,Shell.java,Veronika Irvine
Thu Jul 14 17:41:42 2005,Widget.java,Veronika Irvine
Thu Jul 14 18:12:20 2005,Composite.java,Veronika Irvine
Thu Jul 14 18:12:20 2005,Shell.java,Veronika Irvine
Thu Jul 14 18:12:20 2005,Widget.java,Veronika Irvine
Mon Jul 18 15:46:18 2005,GridLayout.java,Veronika Irvine
Mon Jul 18 16:39:41 2005,CTabFolder.java,Veronika Irvine
Tue Jul 19 14:34:04 2005,Table.java,Veronika Irvine
Tue Jul 19 14:34:04 2005,Tree.java,Veronika Irvine
Tue Jul 19 15:01:50 2005,Tree.java,Veronika Irvine
Tue Jul 19 20:57:23 2005,Tree.java,Veronika Irvine
Tue Jul 19 20:57:23 2005,TreeColumn.java,Veronika Irvine
Wed Jul 20 18:48:30 2005,Tree.java,Veronika Irvine
Wed Jul 20 18:48:30 2005,TreeColumn.java,Veronika Irvine
Wed Jul 20 18:50:37 2005,Tree.java,Veronika Irvine
Wed Jul 20 18:50:37 2005,TreeColumn.java,Veronika Irvine
Thu Jul 21 16:28:30 2005,Tree.java,Veronika Irvine
Mon Jul 25 21:11:16 2005,TreeItem.java,Veronika Irvine
Mon Jul 25 21:13:32 2005,Tree.java,Veronika Irvine
Mon Aug  8 15:12:13 2005,CTabFolder.java,Veronika Irvine
Wed Aug 10 15:33:40 2005,Snippet192.java,Veronika Irvine
Wed Aug 10 16:19:04 2005,Snippet192.java,Veronika Irvine
Wed Aug 10 16:19:04 2005,Snippet2.java,Veronika Irvine
Wed Aug 10 16:24:06 2005,Snippet192.java,Veronika Irvine
Wed Aug 10 16:24:06 2005,Snippet2.java,Veronika Irvine
Wed Aug 10 17:42:32 2005,Snippet193.java,Veronika Irvine
