date_time,file,committer_name
Thu Jan  2 14:42:40 2020,async_subscribe.rs,fpagliughi
Thu Jan  2 14:42:40 2020,async_client.rs,fpagliughi
Thu Jan  2 16:35:35 2020,README.md,fpagliughi
Thu Jan  2 16:35:35 2020,futures_consume.rs,fpagliughi
Thu Jan  2 16:35:35 2020,async_client.rs,fpagliughi
Fri Jan  3  0:38:04 2020,rpc_math_srvr.rs,fpagliughi
Fri Jan  3  0:38:04 2020,async_client.rs,fpagliughi
Fri Jan  3  4:18:04 2020,async_persist_publish.rs,fpagliughi
Fri Jan  3  4:18:04 2020,async_publish.rs,fpagliughi
Fri Jan  3  4:18:04 2020,async_publish_time.rs,fpagliughi
Fri Jan  3  4:18:04 2020,async_subscribe.rs,fpagliughi
Fri Jan  3  4:18:04 2020,futures_consume.rs,fpagliughi
Fri Jan  3  4:18:04 2020,futures_publish.rs,fpagliughi
Fri Jan  3  4:18:04 2020,futures_roundtrip.rs,fpagliughi
Fri Jan  3  4:18:04 2020,rpc_math_cli.rs,fpagliughi
Fri Jan  3  4:18:04 2020,rpc_math_srvr.rs,fpagliughi
Fri Jan  3  4:18:04 2020,ssl_publish.rs,fpagliughi
Fri Jan  3  4:18:04 2020,sync_consume.rs,fpagliughi
Fri Jan  3  4:18:04 2020,sync_publish.rs,fpagliughi
Fri Jan  3  4:18:04 2020,topic_publish.rs,fpagliughi
Fri Jan  3  4:18:04 2020,connect_options.rs,fpagliughi
Fri Jan  3  4:18:04 2020,create_options.rs,fpagliughi
Fri Jan  3  4:18:04 2020,message.rs,fpagliughi
Fri Jan  3  4:18:04 2020,properties.rs,fpagliughi
Fri Jan  3  4:18:04 2020,response_options.rs,fpagliughi
Fri Jan  3  4:18:04 2020,string_collection.rs,fpagliughi
Fri Jan  3  4:18:04 2020,subscribe_options.rs,fpagliughi
Fri Jan  3  4:18:04 2020,types.rs,fpagliughi
Fri Jan  3  4:18:04 2020,will_options.rs,fpagliughi
Sun Jan  5 17:03:31 2020,Cargo.toml,fpagliughi
Sun Jan  5 17:03:31 2020,bindings_paho_mqtt_c_1.3.1-aarch64-unknown-linux-gnu.rs,fpagliughi
Sun Jan  5 17:03:31 2020,bindings_paho_mqtt_c_1.3.1-armv7-unknown-linux-gnueabihf.rs,fpagliughi
Sun Jan  5 17:03:31 2020,bindings_paho_mqtt_c_1.3.1-default-32.rs,fpagliughi
Sun Jan  5 17:03:31 2020,bindings_paho_mqtt_c_1.3.1-x86_64-unknown-linux-gnu.rs,fpagliughi
Sun Jan  5 17:03:31 2020,build.rs,fpagliughi
