date_time,file,committer_name
Tue Jan 12 18:31:09 2021,pom.xml,wes-johnson
Tue Jan 12 18:31:09 2021,.gitignore,wes-johnson
Tue Jan 12 18:31:09 2021,pom.xml,wes-johnson
Tue Jan 12 18:31:09 2021,.gitignore,wes-johnson
Tue Jan 12 18:31:09 2021,pom.xml,wes-johnson
Tue Jan 12 18:31:09 2021,SparkplugExtension.java,wes-johnson
Tue Jan 12 18:31:09 2021,TestInterceptor.java,wes-johnson
Tue Jan 12 18:31:09 2021,TestMqtt.java,wes-johnson
Tue Jan 12 18:31:09 2021,pom.xml,wes-johnson
Tue Jan 26 21:58:59 2021,.gitignore,wes-johnson
Tue Jan 26 21:58:59 2021,pom.xml,wes-johnson
Tue Jan 26 21:58:59 2021,pom.xml,wes-johnson
Tue Jan 26 21:58:59 2021,Sparkplug_4_Topics.adoc,wes-johnson
Tue Jan 26 21:58:59 2021,sparkplug_spec.adoc,wes-johnson
Tue Jan 26 21:58:59 2021,tck-audit.xsl,wes-johnson
Tue Jan 26 21:58:59 2021,pom.xml,wes-johnson
Tue Jan 26 21:58:59 2021,.gitignore,wes-johnson
Tue Jan 26 21:58:59 2021,pom.xml,wes-johnson
Tue Jan 26 21:58:59 2021,TestInterceptor.java,wes-johnson
Tue Jan 26 21:58:59 2021,TestMqtt.java,wes-johnson
Tue Jan 26 21:58:59 2021,pom.xml,wes-johnson
Tue Jan 26 21:58:59 2021,THIRD-PARTY.properties,wes-johnson
Tue Jan 26 21:58:59 2021,LifecycleExtension.java,wes-johnson
Tue Jan 26 21:58:59 2021,LifecycleInterceptor.java,wes-johnson
Tue Jan 26 21:58:59 2021,LifecycleTestResult.java,wes-johnson
Tue Jan 26 21:58:59 2021,LifecycleTest.java,wes-johnson
