date_time,file,committer_name
Fri Jun 30 14:56:09 2017,AsyncRequestObserver.java,Manuel Sangoi
Fri Jul  7 13:38:51 2017,IntegrationTestHelper.java,Manuel Sangoi
Fri Jul  7 13:38:51 2017,RedisIntegrationTestHelper.java,Manuel Sangoi
Fri Jul  7 13:38:51 2017,RedisSecureIntegrationTestHelper.java,Manuel Sangoi
Fri Jul  7 13:38:51 2017,LeshanServer.java,Manuel Sangoi
Fri Jul  7 13:38:51 2017,RedisRegistrationEventPublisher.java,Manuel Sangoi
Fri Jul  7 13:38:51 2017,RedisTokenHandler.java,Manuel Sangoi
Fri Jul  7 13:38:51 2017,RegistrationServiceImpl.java,Manuel Sangoi
Fri Jul  7 13:38:51 2017,RegistrationHandler.java,Manuel Sangoi
Fri Jul  7 13:38:51 2017,RegistrationListener.java,Manuel Sangoi
Fri Jul  7 13:38:51 2017,EventServlet.java,Manuel Sangoi
