date_time,file,committer_name
Wed Mar 15 16:27:16 2023,source-tree.ts,vince-fugnitto
Wed Mar 15 16:27:16 2023,debug-variables-source-tree.ts,vince-fugnitto
Wed Mar 15 16:27:16 2023,debug-variables-tree-model.ts,vince-fugnitto
Wed Mar 15 16:27:16 2023,debug-variables-source.ts,vince-fugnitto
Wed Mar 15 16:27:16 2023,debug-variables-widget.ts,vince-fugnitto
