date_time,file,committer_name
Mon Dec  5 20:50:17 2011,WorkbenchAdapterFactory.java,Paul Webster
Thu Dec  8 12:50:59 2011,MToolItemTest.java,Paul Webster
Thu Dec  8 13:09:52 2011,WorkbenchAdapterFactory.java,Paul Webster
Thu Dec  8 13:19:01 2011,WorkbenchPlugin.java,Paul Webster
Mon Dec 12 14:48:10 2011,WorkbenchWindow.java,Paul Webster
Mon Dec 12 14:48:10 2011,EvaluationServiceTest.java,Paul Webster
Mon Dec 12 16:24:55 2011,ContributionRecord.java,Paul Webster
Mon Dec 12 16:24:55 2011,MenuManagerRenderer.java,Paul Webster
Mon Dec 12 16:24:55 2011,ActionSetTests.java,Paul Webster
Mon Dec 12 16:24:55 2011,PerspectiveTests.java,Paul Webster
Mon Dec 12 19:48:34 2011,Bug48589Test.java,Paul Webster
Tue Dec 13 12:19:53 2011,UiTestSuite.java,Paul Webster
Tue Dec 13 15:02:28 2011,MenuPopulationTest.java,Paul Webster
Tue Dec 13 15:02:28 2011,ObjectContributionTest.java,Paul Webster
Thu Dec 15 17:08:11 2011,IEventLoopAdvisor.java,Paul Webster
Thu Dec 15 17:08:11 2011,PartRenderingEngine.java,Paul Webster
Thu Dec 15 17:08:11 2011,Workbench.java,Paul Webster
Thu Dec 15 18:28:25 2011,HandledContributionItem.java,Paul Webster
Thu Dec 15 19:52:34 2011,MakeHandlersGo.java,Paul Webster
Thu Dec 15 19:52:34 2011,Workbench.java,Paul Webster
Thu Dec 15 19:52:34 2011,CommandLegacyWrapper.java,Paul Webster
Thu Dec 15 19:52:34 2011,CommandManagerLegacyWrapper.java,Paul Webster
Thu Dec 15 19:52:34 2011,Bug74982Test.java,Paul Webster
Thu Dec 15 19:52:34 2011,Bug74990Test.java,Paul Webster
Thu Dec 15 19:52:34 2011,HandlerActivationTest.java,Paul Webster
Fri Dec 16 16:03:31 2011,MakeHandlersGo.java,Paul Webster
Fri Dec 16 16:03:31 2011,CommandParameterTypeTest.java,Paul Webster
Fri Dec 16 18:54:50 2011,MakeHandlersGo.java,Paul Webster
Fri Dec 16 18:54:50 2011,CommandEnablementTest.java,Paul Webster
Tue Dec 20 14:40:30 2011,Workbench.java,Paul Webster
Tue Dec 20 14:58:07 2011,TestPlugin.java,Paul Webster
Tue Dec 20 14:58:07 2011,MANIFEST.MF,Paul Webster
Wed Dec 21 15:55:12 2011,ServiceLocator.java,Paul Webster
Wed Dec 21 16:39:12 2011,ServiceLocatorCreator.java,Paul Webster
