date_time,file,committer_name
Mon Oct 16 16:23:37 2023,MethodTypeHelper.java,Keith W. Campbell
Mon Oct 23 12:42:21 2023,build.xml,Keith W. Campbell
Mon Oct 23 12:42:21 2023,playlist.xml,Keith W. Campbell
Mon Oct 23 12:42:21 2023,TestCloseScope0.java,Keith W. Campbell
Mon Oct 23 12:42:21 2023,InvalidDownCallTests.java,Keith W. Campbell
Mon Oct 23 12:42:21 2023,MultiCallTests.java,Keith W. Campbell
Mon Oct 23 12:42:21 2023,MultiThreadingTests1.java,Keith W. Campbell
Mon Oct 23 12:42:21 2023,MultiThreadingTests2.java,Keith W. Campbell
Mon Oct 23 12:42:21 2023,MultiThreadingTests3.java,Keith W. Campbell
Mon Oct 23 12:42:21 2023,MultiThreadingTests4.java,Keith W. Campbell
Mon Oct 23 12:42:21 2023,PrimitiveTypeTests.java,Keith W. Campbell
Mon Oct 23 12:42:21 2023,StructTests.java,Keith W. Campbell
Mon Oct 23 12:42:21 2023,VaListTests.java,Keith W. Campbell
Mon Oct 23 12:42:21 2023,testng_160.xml,Keith W. Campbell
Mon Oct 23 12:42:22 2023,build.xml,Keith W. Campbell
Mon Oct 23 12:42:22 2023,playlist.xml,Keith W. Campbell
Mon Oct 23 12:42:22 2023,TestCloseScope0.java,Keith W. Campbell
Mon Oct 23 12:42:22 2023,InvalidDownCallTests.java,Keith W. Campbell
Mon Oct 23 12:42:22 2023,MultiCallTests.java,Keith W. Campbell
Mon Oct 23 12:42:22 2023,MultiThreadingTests1.java,Keith W. Campbell
Mon Oct 23 12:42:22 2023,MultiThreadingTests2.java,Keith W. Campbell
Mon Oct 23 12:42:22 2023,MultiThreadingTests3.java,Keith W. Campbell
Mon Oct 23 12:42:22 2023,MultiThreadingTests4.java,Keith W. Campbell
Mon Oct 23 12:42:22 2023,MultiThreadingTests5.java,Keith W. Campbell
Mon Oct 23 12:42:22 2023,PrimitiveTypeTests1.java,Keith W. Campbell
Mon Oct 23 12:42:22 2023,PrimitiveTypeTests2.java,Keith W. Campbell
Mon Oct 23 12:42:22 2023,StructTests1.java,Keith W. Campbell
Mon Oct 23 12:42:22 2023,StructTests2.java,Keith W. Campbell
Mon Oct 23 12:42:22 2023,MultiUpcallMHTests.java,Keith W. Campbell
Mon Oct 23 12:42:22 2023,MultiUpcallThrdsMHTests1.java,Keith W. Campbell
Mon Oct 23 12:42:22 2023,MultiUpcallThrdsMHTests2.java,Keith W. Campbell
Mon Oct 23 12:42:22 2023,UpcallMHWithMixedSigStruTests.java,Keith W. Campbell
Mon Oct 23 12:42:22 2023,UpcallMHWithPrimTests.java,Keith W. Campbell
Mon Oct 23 12:42:22 2023,UpcallMHWithStructTests.java,Keith W. Campbell
Mon Oct 23 12:42:22 2023,UpcallMethodHandles.java,Keith W. Campbell
Mon Oct 23 12:42:22 2023,ApiTests.java,Keith W. Campbell
Mon Oct 23 12:42:22 2023,testng_180.xml,Keith W. Campbell
Mon Oct 23 12:42:23 2023,build.xml,Keith W. Campbell
Mon Oct 23 12:42:23 2023,playlist.xml,Keith W. Campbell
Mon Oct 23 12:42:23 2023,InvalidDownCallTests.java,Keith W. Campbell
Mon Oct 23 12:42:23 2023,MultiCallTests.java,Keith W. Campbell
Mon Oct 23 12:42:23 2023,MultiThreadingTests1.java,Keith W. Campbell
Mon Oct 23 12:42:23 2023,MultiThreadingTests2.java,Keith W. Campbell
Mon Oct 23 12:42:23 2023,MultiThreadingTests3.java,Keith W. Campbell
Mon Oct 23 12:42:23 2023,MultiThreadingTests4.java,Keith W. Campbell
Mon Oct 23 12:42:23 2023,MultiThreadingTests5.java,Keith W. Campbell
Mon Oct 23 12:42:23 2023,PrimitiveTypeTests1.java,Keith W. Campbell
Mon Oct 23 12:42:23 2023,PrimitiveTypeTests2.java,Keith W. Campbell
Mon Oct 23 12:42:23 2023,StructTests1.java,Keith W. Campbell
Mon Oct 23 12:42:23 2023,StructTests2.java,Keith W. Campbell
Mon Oct 23 12:42:23 2023,InvalidUpCallTests.java,Keith W. Campbell
Mon Oct 23 12:42:23 2023,MultiUpcallMHTests.java,Keith W. Campbell
Mon Oct 23 12:42:23 2023,MultiUpcallThrdsMHTests1.java,Keith W. Campbell
Mon Oct 23 12:42:23 2023,MultiUpcallThrdsMHTests2.java,Keith W. Campbell
Mon Oct 23 12:42:23 2023,UpcallMHWithMixedSigStruTests.java,Keith W. Campbell
Mon Oct 23 12:42:23 2023,UpcallMHWithPrimTests.java,Keith W. Campbell
Mon Oct 23 12:42:23 2023,UpcallMHWithStructTests.java,Keith W. Campbell
Mon Oct 23 12:42:23 2023,UpcallMethodHandles.java,Keith W. Campbell
Mon Oct 23 12:42:23 2023,ApiTests.java,Keith W. Campbell
Mon Oct 23 12:42:23 2023,DowncallTests.java,Keith W. Campbell
Mon Oct 23 12:42:23 2023,UpcallTests.java,Keith W. Campbell
Mon Oct 23 12:42:23 2023,VaListUpcallMethodHandles.java,Keith W. Campbell
Mon Oct 23 12:42:23 2023,VirtualThreadTests.java,Keith W. Campbell
Mon Oct 23 12:42:23 2023,testng_190.xml,Keith W. Campbell
Mon Oct 23 12:42:24 2023,build.xml,Keith W. Campbell
Mon Oct 23 12:42:24 2023,playlist.xml,Keith W. Campbell
Mon Oct 23 12:42:24 2023,VirtualThreadTests.java,Keith W. Campbell
Mon Oct 23 12:42:24 2023,InvalidDownCallTests.java,Keith W. Campbell
Mon Oct 23 12:42:24 2023,MultiCallTests.java,Keith W. Campbell
Mon Oct 23 12:42:24 2023,MultiThreadingTests1.java,Keith W. Campbell
Mon Oct 23 12:42:24 2023,MultiThreadingTests2.java,Keith W. Campbell
Mon Oct 23 12:42:24 2023,MultiThreadingTests3.java,Keith W. Campbell
Mon Oct 23 12:42:24 2023,MultiThreadingTests4.java,Keith W. Campbell
Mon Oct 23 12:42:24 2023,MultiThreadingTests5.java,Keith W. Campbell
Mon Oct 23 12:42:24 2023,PrimitiveTypeTests1.java,Keith W. Campbell
Mon Oct 23 12:42:24 2023,PrimitiveTypeTests2.java,Keith W. Campbell
Mon Oct 23 12:42:24 2023,StructTests1.java,Keith W. Campbell
Mon Oct 23 12:42:24 2023,StructTests2.java,Keith W. Campbell
Mon Oct 23 12:42:24 2023,InvalidUpCallTests.java,Keith W. Campbell
Mon Oct 23 12:42:24 2023,MultiUpcallMHTests.java,Keith W. Campbell
Mon Oct 23 12:42:24 2023,MultiUpcallThrdsMHTests1.java,Keith W. Campbell
Mon Oct 23 12:42:24 2023,MultiUpcallThrdsMHTests2.java,Keith W. Campbell
Mon Oct 23 12:42:24 2023,UpcallMHWithMixedSigStruTests.java,Keith W. Campbell
Mon Oct 23 12:42:24 2023,UpcallMHWithPrimTests.java,Keith W. Campbell
Mon Oct 23 12:42:24 2023,UpcallMHWithStructTests.java,Keith W. Campbell
Mon Oct 23 12:42:24 2023,UpcallMethodHandles.java,Keith W. Campbell
Mon Oct 23 12:42:24 2023,ApiTests.java,Keith W. Campbell
Mon Oct 23 12:42:24 2023,DowncallTests.java,Keith W. Campbell
Mon Oct 23 12:42:24 2023,UpcallTests.java,Keith W. Campbell
Mon Oct 23 12:42:24 2023,VaListUpcallMethodHandles.java,Keith W. Campbell
Mon Oct 23 12:42:24 2023,testng_200.xml,Keith W. Campbell
Mon Oct 23 12:42:25 2023,InvalidDownCallTests.java,Keith W. Campbell
Mon Oct 23 12:42:25 2023,InvalidUpCallTests.java,Keith W. Campbell
Mon Oct 23 12:42:25 2023,UpcallMethodHandles.java,Keith W. Campbell
Mon Oct 23 12:42:25 2023,InvalidDownCallTests.java,Keith W. Campbell
Mon Oct 23 12:42:25 2023,InvalidUpCallTests.java,Keith W. Campbell
Mon Oct 23 12:42:25 2023,UpcallMethodHandles.java,Keith W. Campbell
Fri Oct 27 19:42:43 2023,StackWalkerTest.java,Keith W. Campbell
Fri Nov  3 15:24:50 2023,j9vm.nls,Keith W. Campbell
Fri Nov  3 15:24:50 2023,j9nonbuilder.h,Keith W. Campbell
Fri Nov  3 15:24:50 2023,jvminit.h,Keith W. Campbell
Fri Nov  3 15:24:50 2023,jvminit.c,Keith W. Campbell
Thu Nov  9 19:19:24 2023,Access.java,Keith W. Campbell
