date_time,file,committer_name
Mon Jan  9  6:41:08 2023,che-operator.clusterserviceversion.yaml,che-bot
Mon Jan  9  6:41:08 2023,che-operator.clusterserviceversion.yaml.diff,che-bot
Mon Jan  9  6:41:08 2023,org.eclipse.che_checlusters.yaml,che-bot
Mon Jan  9  6:41:08 2023,org.eclipse.che_checlusters.yaml.diff,che-bot
Mon Jan  9  6:41:08 2023,Chart.yaml,che-bot
Mon Jan  9  6:41:08 2023,checlusters.org.eclipse.che.CustomResourceDefinition.yaml,che-bot
Mon Jan  9  6:41:08 2023,che-operator-leader-election.RoleBinding.yaml,che-bot
Mon Jan  9  6:41:08 2023,che-operator.Deployment.yaml,che-bot
Mon Jan  9  6:41:08 2023,che-operator.RoleBinding.yaml,che-bot
Mon Jan  9  6:41:08 2023,channel.yaml,che-bot
Mon Jan  9  6:41:08 2023,eclipse-che.v7.59.0.bundle.yaml,che-bot
Mon Jan  9  6:41:08 2023,version.go,che-bot
Thu Jan 26  8:02:00 2023,che-operator.clusterserviceversion.yaml,che-bot
Thu Jan 26  8:02:00 2023,che-operator.clusterserviceversion.yaml.diff,che-bot
Thu Jan 26  8:02:00 2023,org.eclipse.che_checlusters.yaml,che-bot
Thu Jan 26  8:02:00 2023,org.eclipse.che_checlusters.yaml.diff,che-bot
Thu Jan 26  8:02:00 2023,Chart.yaml,che-bot
Thu Jan 26  8:02:00 2023,checlusters.org.eclipse.che.CustomResourceDefinition.yaml,che-bot
Thu Jan 26  8:02:00 2023,che-operator.Deployment.yaml,che-bot
Thu Jan 26  8:02:00 2023,channel.yaml,che-bot
Thu Jan 26  8:02:00 2023,eclipse-che.v7.60.0.bundle.yaml,che-bot
Thu Jan 26  8:02:00 2023,version.go,che-bot
Fri Feb  3  9:21:39 2023,che-operator.clusterserviceversion.yaml,che-bot
Fri Feb  3  9:21:39 2023,che-operator.clusterserviceversion.yaml.diff,che-bot
Fri Feb  3  9:21:39 2023,org.eclipse.che_checlusters.yaml.diff,che-bot
Fri Feb  3  9:21:39 2023,Chart.yaml,che-bot
Fri Feb  3  9:21:39 2023,che-operator.Deployment.yaml,che-bot
Fri Feb  3  9:21:39 2023,channel.yaml,che-bot
Fri Feb  3  9:21:39 2023,eclipse-che.v7.60.1.bundle.yaml,che-bot
Fri Feb  3  9:21:39 2023,version.go,che-bot
