date_time,file,committer_name
Wed Dec  6 10:31:03 2023,ParserListener.java,Aman Prashant
Wed Dec  6 10:31:03 2023,messages_en.properties,Aman Prashant
Wed Dec  6 10:31:03 2023,TestStringStatementWithInvalidCommaCharIsTolerated.java,Aman Prashant
Wed Dec  6 10:31:03 2023,CobolParser.g4,Aman Prashant
Wed Dec  6 10:31:03 2023,MessageServiceParser.java,Aman Prashant
Wed Dec  6 10:31:03 2023,WarningRecognitionException.java,Aman Prashant
Wed Dec  6 10:31:25 2023,TestTrimFunctionSupport.java,Aman Prashant
Wed Dec  6 10:31:25 2023,CobolParser.g4,Aman Prashant
Wed Dec  6 12:27:44 2023,AsyncAnalysisService.java,Aman Prashant
Wed Dec  6 12:27:44 2023,CobolWorkspaceServiceImpl.java,Aman Prashant
Wed Dec  6 12:27:44 2023,LspMessageDispatcher.java,Aman Prashant
Wed Dec  6 12:27:44 2023,DirtyCacheHandlerService.java,Aman Prashant
Wed Dec  6 12:27:44 2023,WorkspaceServiceTest.java,Aman Prashant
Wed Dec  6 12:27:58 2023,DocumentSymbolHandler.java,Aman Prashant
Wed Dec  6 12:28:11 2023,PositiveTest.java,Aman Prashant
Wed Dec 13 10:25:26 2023,AsyncAnalysisService.java,Aman Prashant
Wed Dec 13 10:25:26 2023,CobolLanguageServer.java,Aman Prashant
Wed Dec 13 10:25:26 2023,CobolTextDocumentService.java,Aman Prashant
Wed Dec 13 10:25:26 2023,LspMessageDispatcher.java,Aman Prashant
Wed Dec 13 10:25:26 2023,InitializedHandler.java,Aman Prashant
Wed Dec 13 10:25:26 2023,AnalysisService.java,Aman Prashant
Wed Dec 13 10:25:26 2023,DocumentModelService.java,Aman Prashant
Wed Dec 13 10:25:26 2023,AnalysisServiceTest.java,Aman Prashant
Wed Dec 13 10:25:26 2023,ClientServerIntegrationTest.java,Aman Prashant
Wed Dec 13 10:25:26 2023,CobolLanguageServerTest.java,Aman Prashant
Wed Dec 13 10:25:26 2023,CobolTextDocumentServiceTest.java,Aman Prashant
Wed Dec 13 10:25:26 2023,messages_en.properties,Aman Prashant
Wed Dec 13 10:25:26 2023,TestStringStatementWithInvalidCommaCharIsTolerated.java,Aman Prashant
Wed Dec 13 12:51:26 2023,DidCloseHandler.java,Aman Prashant
Wed Dec 13 12:51:26 2023,CopybookCache.java,Aman Prashant
Wed Dec 13 12:51:26 2023,CopybookServiceImpl.java,Aman Prashant
Wed Dec 13 12:51:26 2023,CobolTextDocumentServiceTest.java,Aman Prashant
Wed Dec 13 13:13:48 2023,CobolWorkspaceServiceImpl.java,Aman Prashant
Wed Dec 13 13:13:48 2023,ExecuteCommandHandler.java,Aman Prashant
Wed Dec 13 13:13:48 2023,WorkspaceServiceTest.java,Aman Prashant
Wed Dec 13 15:24:05 2023,CopybookDownloadService.ts,Aman Prashant
Wed Dec 13 15:24:05 2023,CopybookDownloadService.ts,Aman Prashant
Thu Dec 14 14:40:05 2023,CopybookDownloadService.ts,Aman Prashant
Thu Dec 14 14:40:05 2023,AsyncAnalysisService.java,Aman Prashant
Thu Dec 14 14:40:05 2023,AnalysisService.java,Aman Prashant
