date_time,file,committer_name
Sat Apr  5 19:06:12 2008,CDebuggerTab.java,Ted Williams
Tue Apr 15  0:11:58 2008,TraditionalRendering.java,Ted Williams
Tue Apr 15  0:11:58 2008,TraditionalRendering_messages.properties,Ted Williams
Tue Apr 15  0:23:02 2008,FindReplaceDialog.java,Ted Williams
