date_time,file,committer_name
Thu May 23 12:27:56 2019,freertos.md,Jeroen Koekkoek
Thu May 23 12:27:56 2019,CMakeLists.txt,Jeroen Koekkoek
Thu May 23 12:27:56 2019,README.md,Jeroen Koekkoek
Thu May 23 12:27:56 2019,freertos-sim.cmake.in,Jeroen Koekkoek
Thu May 23 12:27:56 2019,FreeRTOSConfig.h,Jeroen Koekkoek
Thu May 23 12:27:56 2019,loader.c,Jeroen Koekkoek
Thu May 23 12:27:56 2019,CMakeLists.txt,Jeroen Koekkoek
Thu May 23 12:27:56 2019,main.c.in,Jeroen Koekkoek
Thu May 23 12:27:56 2019,FindCUnit.cmake,Jeroen Koekkoek
Thu May 23 12:27:56 2019,GenerateDummyExportHeader.cmake,Jeroen Koekkoek
Thu May 23 12:27:56 2019,Packaging.cmake,Jeroen Koekkoek
Thu May 23 12:27:56 2019,CMakeLists.txt,Jeroen Koekkoek
Thu May 23 12:27:56 2019,participant.c,Jeroen Koekkoek
Thu May 23 12:27:56 2019,q_log.h,Jeroen Koekkoek
Thu May 23 12:27:56 2019,ddsi_raweth.c,Jeroen Koekkoek
Thu May 23 12:27:56 2019,ddsi_tcp.c,Jeroen Koekkoek
Thu May 23 12:27:56 2019,ddsi_threadmon.c,Jeroen Koekkoek
Thu May 23 12:27:56 2019,ddsi_udp.c,Jeroen Koekkoek
Thu May 23 12:27:56 2019,q_nwif.c,Jeroen Koekkoek
Thu May 23 12:27:56 2019,q_sockwaitset.c,Jeroen Koekkoek
Thu May 23 12:27:56 2019,sysdeps.c,Jeroen Koekkoek
Thu May 23 12:27:56 2019,CMakeLists.txt,Jeroen Koekkoek
Thu May 23 12:27:56 2019,ifaddrs.c,Jeroen Koekkoek
Thu May 23 12:27:56 2019,process.c,Jeroen Koekkoek
Thu May 23 12:27:56 2019,rusage.c,Jeroen Koekkoek
Thu May 23 12:27:56 2019,endian.h,Jeroen Koekkoek
Thu May 23 12:27:56 2019,process.h,Jeroen Koekkoek
Thu May 23 12:27:56 2019,rusage.h,Jeroen Koekkoek
Thu May 23 12:27:56 2019,sockets.h,Jeroen Koekkoek
Thu May 23 12:27:56 2019,posix.h,Jeroen Koekkoek
Thu May 23 12:27:56 2019,windows.h,Jeroen Koekkoek
Thu May 23 12:27:56 2019,sync.h,Jeroen Koekkoek
Thu May 23 12:27:56 2019,freertos.h,Jeroen Koekkoek
Thu May 23 12:27:56 2019,threads.h,Jeroen Koekkoek
Thu May 23 12:27:56 2019,freertos.h,Jeroen Koekkoek
Thu May 23 12:27:56 2019,posix.h,Jeroen Koekkoek
Thu May 23 12:27:56 2019,windows.h,Jeroen Koekkoek
Thu May 23 12:27:56 2019,time.h,Jeroen Koekkoek
Thu May 23 12:27:56 2019,freertos.h,Jeroen Koekkoek
Thu May 23 12:27:56 2019,posix.h,Jeroen Koekkoek
Thu May 23 12:27:56 2019,heap.c,Jeroen Koekkoek
Thu May 23 12:27:56 2019,ifaddrs.c,Jeroen Koekkoek
Thu May 23 12:27:56 2019,process.c,Jeroen Koekkoek
Thu May 23 12:27:56 2019,rusage.c,Jeroen Koekkoek
Thu May 23 12:27:56 2019,sockets.c,Jeroen Koekkoek
Thu May 23 12:27:56 2019,sockets_priv.h,Jeroen Koekkoek
Thu May 23 12:27:56 2019,gethostname.c,Jeroen Koekkoek
Thu May 23 12:27:56 2019,socket.c,Jeroen Koekkoek
Thu May 23 12:27:56 2019,sync.c,Jeroen Koekkoek
Thu May 23 12:27:56 2019,tasklist.c,Jeroen Koekkoek
Thu May 23 12:27:56 2019,threads.c,Jeroen Koekkoek
Thu May 23 12:27:56 2019,threads_priv.h,Jeroen Koekkoek
Thu May 23 12:27:56 2019,threads.c,Jeroen Koekkoek
Thu May 23 12:27:56 2019,threads.c,Jeroen Koekkoek
Thu May 23 12:27:56 2019,time.c,Jeroen Koekkoek
Thu May 23 12:27:56 2019,time.c,Jeroen Koekkoek
Thu May 23 12:27:56 2019,CMakeLists.txt,Jeroen Koekkoek
Thu May 23 12:27:56 2019,ifaddrs.c,Jeroen Koekkoek
Thu May 23 12:27:56 2019,log.c,Jeroen Koekkoek
Thu May 23 12:27:56 2019,select.c,Jeroen Koekkoek
Thu May 23 12:27:56 2019,socket.c,Jeroen Koekkoek
Thu May 23 12:27:56 2019,sync.c,Jeroen Koekkoek
Thu May 23 12:27:56 2019,tasklist.c,Jeroen Koekkoek
Thu May 23 12:27:56 2019,thread.c,Jeroen Koekkoek
Thu May 23 12:27:56 2019,ping.c,Jeroen Koekkoek
Thu May 23 12:27:56 2019,pong.c,Jeroen Koekkoek
Thu May 23 12:27:56 2019,ddsperf.c,Jeroen Koekkoek
Thu May 23 16:51:23 2019,CMakeLists.txt,Jeroen Koekkoek
Thu May 23 16:51:23 2019,dds_write.c,Jeroen Koekkoek
Thu May 23 16:51:23 2019,ddsi_tran.h,Jeroen Koekkoek
Thu May 23 16:51:23 2019,q_bitset.h,Jeroen Koekkoek
Thu May 23 16:51:23 2019,q_error.h,Jeroen Koekkoek
Thu May 23 16:51:23 2019,q_time.h,Jeroen Koekkoek
Thu May 23 16:51:23 2019,ddsi_ipaddr.c,Jeroen Koekkoek
Thu May 23 16:51:23 2019,ddsi_tcp.c,Jeroen Koekkoek
Thu May 23 16:51:23 2019,ddsi_udp.c,Jeroen Koekkoek
Thu May 23 16:51:23 2019,q_bitset_inlines.c,Jeroen Koekkoek
Thu May 23 16:51:23 2019,q_config.c,Jeroen Koekkoek
Thu May 23 16:51:23 2019,q_ddsi_discovery.c,Jeroen Koekkoek
Thu May 23 16:51:23 2019,q_entity.c,Jeroen Koekkoek
Thu May 23 16:51:23 2019,q_lease.c,Jeroen Koekkoek
Thu May 23 16:51:23 2019,q_nwif.c,Jeroen Koekkoek
Thu May 23 16:51:23 2019,q_plist.c,Jeroen Koekkoek
Thu May 23 16:51:23 2019,q_receive.c,Jeroen Koekkoek
Thu May 23 16:51:23 2019,q_security.c,Jeroen Koekkoek
Thu May 23 16:51:23 2019,q_servicelease.c,Jeroen Koekkoek
Thu May 23 16:51:23 2019,q_sockwaitset.c,Jeroen Koekkoek
Thu May 23 16:51:23 2019,q_thread.c,Jeroen Koekkoek
Thu May 23 16:51:23 2019,q_time.c,Jeroen Koekkoek
Thu May 23 16:51:23 2019,q_transmit.c,Jeroen Koekkoek
Thu May 23 16:51:23 2019,q_xevent.c,Jeroen Koekkoek
Thu May 23 16:51:23 2019,q_xmsg.c,Jeroen Koekkoek
Thu May 23 16:51:23 2019,rhc_torture.c,Jeroen Koekkoek
Thu May 23 16:51:23 2019,misc.h,Jeroen Koekkoek
Thu May 23 16:51:23 2019,sockets.h,Jeroen Koekkoek
Thu May 23 16:51:23 2019,publisher.c,Jeroen Koekkoek
Thu May 23 16:51:23 2019,subscriber.c,Jeroen Koekkoek
Thu May 23 16:51:23 2019,publisher.c,Jeroen Koekkoek
Thu May 23 16:51:23 2019,ddsls.c,Jeroen Koekkoek
Thu May 23 16:51:23 2019,common.c,Jeroen Koekkoek
Thu May 23 16:51:23 2019,pubsub.c,Jeroen Koekkoek
Thu May 23 16:51:23 2019,CMakeLists.txt,Jeroen Koekkoek
Thu May 23 16:51:23 2019,dds_key.c,Jeroen Koekkoek
Thu May 23 16:51:23 2019,dds_serdata_builtintopic.c,Jeroen Koekkoek
Thu May 23 16:51:23 2019,dds_sertopic_builtintopic.c,Jeroen Koekkoek
Thu May 23 16:51:23 2019,dds_stream.c,Jeroen Koekkoek
Thu May 23 16:51:23 2019,CMakeLists.txt,Jeroen Koekkoek
Thu May 23 16:51:23 2019,ddsi_serdata.c,Jeroen Koekkoek
Thu May 23 16:51:23 2019,ddsi_serdata_default.c,Jeroen Koekkoek
Thu May 23 16:51:23 2019,ddsi_sertopic.c,Jeroen Koekkoek
Thu May 23 16:51:23 2019,ddsi_sertopic_default.c,Jeroen Koekkoek
Thu May 23 16:51:23 2019,q_ddsi_discovery.c,Jeroen Koekkoek
Thu May 23 16:51:23 2019,q_init.c,Jeroen Koekkoek
Thu May 23 16:51:23 2019,q_misc.c,Jeroen Koekkoek
Thu May 23 16:51:23 2019,q_nwif.c,Jeroen Koekkoek
Thu May 23 16:51:23 2019,q_receive.c,Jeroen Koekkoek
Thu May 23 16:51:23 2019,CMakeLists.txt,Jeroen Koekkoek
Thu May 23 16:51:23 2019,md5.h,Jeroen Koekkoek
Thu May 23 16:51:23 2019,md5.c,Jeroen Koekkoek
Thu May 23 16:51:23 2019,dds_init.c,Jeroen Koekkoek
Thu May 23 16:51:23 2019,dds_qos.c,Jeroen Koekkoek
Thu May 23 16:51:23 2019,dds_rhc.c,Jeroen Koekkoek
Thu May 23 16:51:23 2019,dds_write.c,Jeroen Koekkoek
Thu May 23 16:51:23 2019,q_rtps.h,Jeroen Koekkoek
Thu May 23 16:51:23 2019,ddsi_tcp.c,Jeroen Koekkoek
Thu May 23 16:51:23 2019,ddsi_threadmon.c,Jeroen Koekkoek
Thu May 23 16:51:23 2019,ddsi_udp.c,Jeroen Koekkoek
Thu May 23 16:51:23 2019,q_ddsi_discovery.c,Jeroen Koekkoek
Thu May 23 16:51:23 2019,q_entity.c,Jeroen Koekkoek
Thu May 23 16:51:23 2019,q_init.c,Jeroen Koekkoek
Thu May 23 16:51:23 2019,q_lease.c,Jeroen Koekkoek
Thu May 23 16:51:23 2019,q_nwif.c,Jeroen Koekkoek
Thu May 23 16:51:23 2019,q_plist.c,Jeroen Koekkoek
Thu May 23 16:51:23 2019,q_radmin.c,Jeroen Koekkoek
Thu May 23 16:51:23 2019,q_receive.c,Jeroen Koekkoek
Thu May 23 16:51:23 2019,q_sockwaitset.c,Jeroen Koekkoek
Thu May 23 16:51:23 2019,q_thread.c,Jeroen Koekkoek
Thu May 23 16:51:23 2019,q_transmit.c,Jeroen Koekkoek
Thu May 23 16:51:23 2019,q_xevent.c,Jeroen Koekkoek
Thu May 23 16:51:23 2019,q_xmsg.c,Jeroen Koekkoek
Thu May 23 16:51:23 2019,ddsperf.c,Jeroen Koekkoek
