date_time,file,committer_name
Wed Sep  2  8:39:42 2020,BundleDescriptor.java,smillidge
Wed Sep  2  8:39:42 2020,WsUtil.java,smillidge
Wed Sep  2 21:17:31 2020,JCDIServiceImpl.java,smillidge
Sat Sep 12 14:49:47 2020,WsInjectionHandlerImpl.java,smillidge
