date_time,file,committer_name
Sat Aug  1  0:01:36 2009,BindingFaultImpl.java,vbaciu
Sat Aug  1  0:01:36 2009,BindingInputImpl.java,vbaciu
Sat Aug  1  0:01:36 2009,BindingOutputImpl.java,vbaciu
Sat Aug  1  0:01:36 2009,ExtensibleElementImpl.java,vbaciu
Sat Aug  1  0:01:36 2009,MessageImpl.java,vbaciu
Sat Aug  1  0:01:36 2009,MessageReferenceImpl.java,vbaciu
Sat Aug  1  0:01:36 2009,OperationImpl.java,vbaciu
Sat Aug  1  0:01:36 2009,PortImpl.java,vbaciu
Sat Aug  1  0:01:36 2009,PortTypeImpl.java,vbaciu
Sat Aug  1  0:01:36 2009,TypesImpl.java,vbaciu
Sat Aug  1  0:01:36 2009,ExtensibleElementSample.wsdl,vbaciu
Sat Aug  1  0:01:36 2009,BugFixesTest.java,vbaciu
