date_time,file,committer_name
Wed Sep 28 19:43:05 2022,.gitignore,Mark Bonicillo
Wed Sep 28 19:43:05 2022,mypy.ini,Mark Bonicillo
Wed Sep 28 19:43:05 2022,agent.py,Mark Bonicillo
Tue Oct 18 22:50:53 2022,pyproject.toml,Mark Bonicillo
Tue Oct 18 22:50:53 2022,requirements.txt,Mark Bonicillo
Tue Oct 18 22:50:53 2022,setup.cfg,Mark Bonicillo
Tue Oct 18 22:50:53 2022,setup.py,Mark Bonicillo
