date_time,file,committer_name
Thu Aug  7 14:10:22 2014,README.txt,Samuel Padgett
Thu Aug  7 14:10:22 2014,pom.xml,Samuel Padgett
Thu Aug  7 14:10:22 2014,CoreResourceJsonTests.java,Samuel Padgett
Thu Aug  7 14:10:22 2014,CoreResourceRdfXmlTests.java,Samuel Padgett
Thu Aug  7 14:10:22 2014,CoreResourceXmlTests.java,Samuel Padgett
Thu Aug  7 14:10:22 2014,CreationAndUpdateJsonTests.java,Samuel Padgett
Thu Aug  7 14:10:22 2014,CreationAndUpdateRdfXmlTests.java,Samuel Padgett
Thu Aug  7 14:10:22 2014,CreationAndUpdateXmlTests.java,Samuel Padgett
Thu Aug  7 14:10:22 2014,FetchResourceTests.java,Samuel Padgett
Thu Aug  7 14:10:22 2014,OAuthTests.java,Samuel Padgett
Thu Aug  7 14:10:22 2014,QueryTests.java,Samuel Padgett
Thu Aug  7 14:10:22 2014,ServiceProviderCatalogBaseTests.java,Samuel Padgett
Thu Aug  7 14:10:22 2014,ServiceProviderCatalogXmlTests.java,Samuel Padgett
Thu Aug  7 14:10:22 2014,ServiceProviderRdfXmlTests.java,Samuel Padgett
Thu Aug  7 14:10:22 2014,ServiceProviderXmlTests.java,Samuel Padgett
Thu Aug  7 14:10:22 2014,SimplifiedQueryAtomTests.java,Samuel Padgett
Thu Aug  7 14:10:22 2014,SimplifiedQueryBaseTests.java,Samuel Padgett
Thu Aug  7 14:10:22 2014,SimplifiedQueryJsonTests.java,Samuel Padgett
Thu Aug  7 14:10:22 2014,SimplifiedQueryXmlTests.java,Samuel Padgett
Thu Aug  7 14:10:22 2014,TestsBase.java,Samuel Padgett
Thu Aug  7 14:10:22 2014,AssetTestBase.java,Samuel Padgett
Thu Aug  7 14:10:22 2014,CreateAssetBase.java,Samuel Padgett
Thu Aug  7 14:10:22 2014,CreateAssetJsonTest.java,Samuel Padgett
Thu Aug  7 14:10:22 2014,CreateAssetRdfXmlTest.java,Samuel Padgett
Thu Aug  7 14:10:22 2014,CreateAssetXmlTest.java,Samuel Padgett
Thu Aug  7 14:10:22 2014,GetAndUpdateBase.java,Samuel Padgett
Thu Aug  7 14:10:22 2014,GetAndUpdateJsonTests.java,Samuel Padgett
Thu Aug  7 14:10:22 2014,GetAndUpdateRdfXmlTests.java,Samuel Padgett
Thu Aug  7 14:10:22 2014,GetAndUpdateXmlTests.java,Samuel Padgett
Thu Aug  7 14:10:22 2014,UsageCaseBase.java,Samuel Padgett
Thu Aug  7 14:10:22 2014,UsageCaseJsonTests.java,Samuel Padgett
Thu Aug  7 14:10:22 2014,UsageCaseRdfXmlTests.java,Samuel Padgett
Thu Aug  7 14:10:22 2014,UsageCaseXmlTests.java,Samuel Padgett
Thu Aug  7 14:10:22 2014,AutomationPlanJsonTests.java,Samuel Padgett
Thu Aug  7 14:10:22 2014,AutomationPlanXmlTests.java,Samuel Padgett
Thu Aug  7 14:10:22 2014,AutomationRequestJsonTests.java,Samuel Padgett
Thu Aug  7 14:10:22 2014,AutomationRequestXmlTests.java,Samuel Padgett
Thu Aug  7 14:10:22 2014,AutomationResultJsonTests.java,Samuel Padgett
Thu Aug  7 14:10:22 2014,AutomationResultXmlTests.java,Samuel Padgett
Thu Aug  7 14:10:22 2014,ChangeRequestJsonTests.java,Samuel Padgett
Thu Aug  7 14:10:22 2014,ChangeRequestXmlTests.java,Samuel Padgett
Thu Aug  7 14:10:22 2014,PerformanceMonitoringRecordAgentRdfXmlTests.java,Samuel Padgett
Thu Aug  7 14:10:22 2014,PerformanceMonitoringRecordComputerSystemRdfXmlTests.java,Samuel Padgett
Thu Aug  7 14:10:22 2014,PerformanceMonitoringRecordDatabaseRdfXmlTests.java,Samuel Padgett
Thu Aug  7 14:10:22 2014,PerformanceMonitoringRecordProcessRdfXmlTests.java,Samuel Padgett
Thu Aug  7 14:10:22 2014,PerformanceMonitoringRecordSoftwareModuleRdfXmlTests.java,Samuel Padgett
Thu Aug  7 14:10:22 2014,PerformanceMonitoringRecordSoftwareServerRdfXmlTests.java,Samuel Padgett
Thu Aug  7 14:10:22 2014,PerformanceMonitoringRecordStorageVolumeRdfXmlTests.java,Samuel Padgett
Thu Aug  7 14:10:22 2014,TestCaseRdfXmlTests.java,Samuel Padgett
Thu Aug  7 14:10:22 2014,TestCaseXmlTests.java,Samuel Padgett
Thu Aug  7 14:10:22 2014,TestExecutionRecordRdfXmlTests.java,Samuel Padgett
Thu Aug  7 14:10:22 2014,TestExecutionRecordXmlTests.java,Samuel Padgett
Thu Aug  7 14:10:22 2014,TestPlanRdfXmlTests.java,Samuel Padgett
Thu Aug  7 14:10:22 2014,TestPlanXmlTests.java,Samuel Padgett
Thu Aug  7 14:10:22 2014,TestResultRdfXmlTests.java,Samuel Padgett
Thu Aug  7 14:10:22 2014,TestResultXmlTests.java,Samuel Padgett
Thu Aug  7 14:10:22 2014,TestScriptRdfXmlTests.java,Samuel Padgett
Thu Aug  7 14:10:22 2014,TestScriptXmlTests.java,Samuel Padgett
Thu Aug  7 14:10:22 2014,RequirementCollectionRdfXmlTests.java,Samuel Padgett
Thu Aug  7 14:10:22 2014,RequirementCollectionXmlTests.java,Samuel Padgett
Thu Aug  7 14:10:22 2014,RequirementRdfXmlTests.java,Samuel Padgett
Thu Aug  7 14:10:22 2014,RequirementXmlTests.java,Samuel Padgett
Thu Aug  7 14:10:22 2014,DynamicSuiteBuilder.java,Samuel Padgett
Thu Aug  7 14:10:22 2014,OslcTestSuite.java,Samuel Padgett
Thu Aug  7 14:10:22 2014,CreationAndUpdateTests.java,Samuel Padgett
Thu Aug  7 14:10:22 2014,OAuthTests.java,Samuel Padgett
Thu Aug  7 14:10:22 2014,QueryTests.java,Samuel Padgett
Thu Aug  7 14:10:22 2014,ServiceDescriptionTests.java,Samuel Padgett
Thu Aug  7 14:10:22 2014,ServiceProviderCatalogTests.java,Samuel Padgett
Thu Aug  7 14:10:22 2014,OSLCConstants.java,Samuel Padgett
Thu Aug  7 14:10:22 2014,OSLCNamespaceContext.java,Samuel Padgett
Thu Aug  7 14:10:22 2014,RDFUtils.java,Samuel Padgett
Thu Aug  7 14:10:22 2014,SetupProperties.java,Samuel Padgett
Thu Aug  7 14:10:22 2014,RAMConfigTool.java,Samuel Padgett
Thu Aug  7 14:10:22 2014,.classpath,Samuel Padgett
Thu Aug  7 14:10:22 2014,.project,Samuel Padgett
Thu Aug  7 14:10:22 2014,about.html,Samuel Padgett
Thu Aug  7 14:10:22 2014,edl-v10.html,Samuel Padgett
Thu Aug  7 14:10:22 2014,epl-v10.html,Samuel Padgett
Thu Aug  7 14:10:22 2014,notice.html,Samuel Padgett
Thu Aug  7 14:10:22 2014,pom.xml,Samuel Padgett
Thu Aug  7 14:10:22 2014,AllTests.java,Samuel Padgett
Thu Aug  7 14:10:22 2014,BaseTest.java,Samuel Padgett
Thu Aug  7 14:10:22 2014,ChangeLogTest.java,Samuel Padgett
Thu Aug  7 14:10:22 2014,TRSTest.java,Samuel Padgett
Thu Aug  7 14:10:22 2014,EasySSLClient.java,Samuel Padgett
Thu Aug  7 14:10:22 2014,FetchException.java,Samuel Padgett
Thu Aug  7 14:10:22 2014,FetchUtil.java,Samuel Padgett
Thu Aug  7 14:10:22 2014,HttpErrorHandler.java,Samuel Padgett
Thu Aug  7 14:10:22 2014,HttpResponseUtil.java,Samuel Padgett
Thu Aug  7 14:10:22 2014,ITRSVocabulary.java,Samuel Padgett
Thu Aug  7 14:10:22 2014,InvalidRDFResourceException.java,Samuel Padgett
Thu Aug  7 14:10:22 2014,InvalidTRSException.java,Samuel Padgett
Thu Aug  7 14:10:22 2014,Messages.java,Samuel Padgett
Thu Aug  7 14:10:22 2014,ModelUtil.java,Samuel Padgett
Thu Aug  7 14:10:22 2014,RDFModelResponseHandler.java,Samuel Padgett
Thu Aug  7 14:10:22 2014,SendException.java,Samuel Padgett
Thu Aug  7 14:10:22 2014,SendUtil.java,Samuel Padgett
Thu Aug  7 14:10:22 2014,TestCore.java,Samuel Padgett
Thu Aug  7 14:10:22 2014,messages.properties,Samuel Padgett
Thu Aug  7 14:10:22 2014,config.properties,Samuel Padgett
