date_time,file,committer_name
Fri Apr 24 11:38:29 2015,ORMetadata.java,Petros Splinakis
Fri Apr 24 11:38:29 2015,MetadataAccessor.java,Petros Splinakis
Fri Apr 24 11:38:29 2015,PropertyMetadata.java,Petros Splinakis
Fri Apr 24 11:38:29 2015,ClassAccessor.java,Petros Splinakis
Fri Apr 24 11:38:29 2015,ConverterAccessor.java,Petros Splinakis
Fri Apr 24 11:38:29 2015,XMLAttributes.java,Petros Splinakis
Fri Apr 24 11:38:29 2015,BasicAccessor.java,Petros Splinakis
Fri Apr 24 11:38:29 2015,BasicCollectionAccessor.java,Petros Splinakis
Fri Apr 24 11:38:29 2015,BasicMapAccessor.java,Petros Splinakis
Fri Apr 24 11:38:29 2015,CollectionAccessor.java,Petros Splinakis
Fri Apr 24 11:38:29 2015,DerivedIdClassAccessor.java,Petros Splinakis
Fri Apr 24 11:38:29 2015,DirectAccessor.java,Petros Splinakis
Fri Apr 24 11:38:29 2015,DirectCollectionAccessor.java,Petros Splinakis
Fri Apr 24 11:38:29 2015,ElementCollectionAccessor.java,Petros Splinakis
Fri Apr 24 11:38:29 2015,EmbeddedAccessor.java,Petros Splinakis
Fri Apr 24 11:38:29 2015,EmbeddedIdAccessor.java,Petros Splinakis
Fri Apr 24 11:38:29 2015,IdAccessor.java,Petros Splinakis
Fri Apr 24 11:38:29 2015,ManyToManyAccessor.java,Petros Splinakis
Fri Apr 24 11:38:29 2015,ManyToOneAccessor.java,Petros Splinakis
Fri Apr 24 11:38:29 2015,MappingAccessor.java,Petros Splinakis
Fri Apr 24 11:38:29 2015,ObjectAccessor.java,Petros Splinakis
Fri Apr 24 11:38:29 2015,OneToManyAccessor.java,Petros Splinakis
Fri Apr 24 11:38:29 2015,RelationshipAccessor.java,Petros Splinakis
Fri Apr 24 11:38:29 2015,TransformationAccessor.java,Petros Splinakis
Fri Apr 24 11:38:29 2015,TransientAccessor.java,Petros Splinakis
Fri Apr 24 11:38:29 2015,VariableOneToOneAccessor.java,Petros Splinakis
Fri Apr 24 11:38:29 2015,VersionAccessor.java,Petros Splinakis
Fri Apr 24 11:38:29 2015,AdditionalCriteriaMetadata.java,Petros Splinakis
Fri Apr 24 11:38:29 2015,CacheIndexMetadata.java,Petros Splinakis
Fri Apr 24 11:38:29 2015,CacheInterceptorMetadata.java,Petros Splinakis
Fri Apr 24 11:38:29 2015,CacheMetadata.java,Petros Splinakis
Fri Apr 24 11:38:29 2015,TimeOfDayMetadata.java,Petros Splinakis
Fri Apr 24 11:38:29 2015,ChangeTrackingMetadata.java,Petros Splinakis
Fri Apr 24 11:38:29 2015,AssociationOverrideMetadata.java,Petros Splinakis
Fri Apr 24 11:38:29 2015,AttributeOverrideMetadata.java,Petros Splinakis
Fri Apr 24 11:38:29 2015,ColumnMetadata.java,Petros Splinakis
Fri Apr 24 11:38:29 2015,DirectColumnMetadata.java,Petros Splinakis
Fri Apr 24 11:38:29 2015,DiscriminatorClassMetadata.java,Petros Splinakis
Fri Apr 24 11:38:29 2015,DiscriminatorColumnMetadata.java,Petros Splinakis
Fri Apr 24 11:38:29 2015,ForeignKeyMetadata.java,Petros Splinakis
Fri Apr 24 11:38:29 2015,JoinColumnMetadata.java,Petros Splinakis
Fri Apr 24 11:38:29 2015,MetadataColumn.java,Petros Splinakis
Fri Apr 24 11:38:29 2015,OrderColumnMetadata.java,Petros Splinakis
Fri Apr 24 11:38:29 2015,OverrideMetadata.java,Petros Splinakis
Fri Apr 24 11:38:29 2015,PrimaryKeyJoinColumnMetadata.java,Petros Splinakis
Fri Apr 24 11:38:29 2015,PrimaryKeyMetadata.java,Petros Splinakis
Fri Apr 24 11:38:29 2015,RelationalColumnMetadata.java,Petros Splinakis
Fri Apr 24 11:38:29 2015,TenantDiscriminatorColumnMetadata.java,Petros Splinakis
Fri Apr 24 11:38:29 2015,AbstractConverterMetadata.java,Petros Splinakis
Fri Apr 24 11:38:29 2015,ClassInstanceMetadata.java,Petros Splinakis
Fri Apr 24 11:38:29 2015,ConversionValueMetadata.java,Petros Splinakis
Fri Apr 24 11:38:29 2015,ConvertMetadata.java,Petros Splinakis
Fri Apr 24 11:38:29 2015,ConverterMetadata.java,Petros Splinakis
Fri Apr 24 11:38:29 2015,EnumeratedMetadata.java,Petros Splinakis
Fri Apr 24 11:38:29 2015,JSONMetadata.java,Petros Splinakis
Fri Apr 24 11:38:29 2015,KryoMetadata.java,Petros Splinakis
Fri Apr 24 11:38:29 2015,LobMetadata.java,Petros Splinakis
Fri Apr 24 11:38:29 2015,ObjectTypeConverterMetadata.java,Petros Splinakis
Fri Apr 24 11:38:29 2015,SerializedConverterMetadata.java,Petros Splinakis
Fri Apr 24 11:38:29 2015,SerializedMetadata.java,Petros Splinakis
Fri Apr 24 11:38:29 2015,StructConverterMetadata.java,Petros Splinakis
Fri Apr 24 11:38:29 2015,TemporalMetadata.java,Petros Splinakis
Fri Apr 24 11:38:29 2015,TypeConverterMetadata.java,Petros Splinakis
Fri Apr 24 11:38:29 2015,XMLMetadata.java,Petros Splinakis
Fri Apr 24 11:38:29 2015,CloneCopyPolicyMetadata.java,Petros Splinakis
Fri Apr 24 11:38:29 2015,CustomCopyPolicyMetadata.java,Petros Splinakis
Fri Apr 24 11:38:29 2015,InstantiationCopyPolicyMetadata.java,Petros Splinakis
Fri Apr 24 11:38:29 2015,NamedAttributeNodeMetadata.java,Petros Splinakis
Fri Apr 24 11:38:29 2015,NamedEntityGraphMetadata.java,Petros Splinakis
Fri Apr 24 11:38:29 2015,NamedSubgraphMetadata.java,Petros Splinakis
Fri Apr 24 11:38:29 2015,InheritanceMetadata.java,Petros Splinakis
Fri Apr 24 11:38:29 2015,EntityListenerMetadata.java,Petros Splinakis
Fri Apr 24 11:38:29 2015,OptimisticLockingMetadata.java,Petros Splinakis
Fri Apr 24 11:38:29 2015,AccessMethodsMetadata.java,Petros Splinakis
Fri Apr 24 11:38:29 2015,BatchFetchMetadata.java,Petros Splinakis
Fri Apr 24 11:38:29 2015,CascadeMetadata.java,Petros Splinakis
Fri Apr 24 11:38:29 2015,MapKeyMetadata.java,Petros Splinakis
Fri Apr 24 11:38:29 2015,OrderByMetadata.java,Petros Splinakis
Fri Apr 24 11:38:29 2015,ReturnInsertMetadata.java,Petros Splinakis
Fri Apr 24 11:38:29 2015,MultitenantMetadata.java,Petros Splinakis
Fri Apr 24 11:38:29 2015,TenantTableDiscriminatorMetadata.java,Petros Splinakis
Fri Apr 24 11:38:29 2015,NoSqlMetadata.java,Petros Splinakis
Fri Apr 24 11:38:29 2015,AbstractPartitioningMetadata.java,Petros Splinakis
Fri Apr 24 11:38:29 2015,FieldPartitioningMetadata.java,Petros Splinakis
Fri Apr 24 11:38:29 2015,HashPartitioningMetadata.java,Petros Splinakis
Fri Apr 24 11:38:29 2015,PartitioningMetadata.java,Petros Splinakis
Fri Apr 24 11:38:29 2015,PinnedPartitioningMetadata.java,Petros Splinakis
Fri Apr 24 11:38:29 2015,RangePartitionMetadata.java,Petros Splinakis
Fri Apr 24 11:38:29 2015,RangePartitioningMetadata.java,Petros Splinakis
Fri Apr 24 11:38:29 2015,ReplicationPartitioningMetadata.java,Petros Splinakis
Fri Apr 24 11:38:29 2015,RoundRobinPartitioningMetadata.java,Petros Splinakis
Fri Apr 24 11:38:29 2015,UnionPartitioningMetadata.java,Petros Splinakis
Fri Apr 24 11:38:29 2015,ValuePartitionMetadata.java,Petros Splinakis
Fri Apr 24 11:38:29 2015,ValuePartitioningMetadata.java,Petros Splinakis
Fri Apr 24 11:38:29 2015,ColumnResultMetadata.java,Petros Splinakis
Fri Apr 24 11:38:29 2015,ComplexTypeMetadata.java,Petros Splinakis
Fri Apr 24 11:38:29 2015,ConstructorResultMetadata.java,Petros Splinakis
Fri Apr 24 11:38:29 2015,EntityResultMetadata.java,Petros Splinakis
Fri Apr 24 11:38:29 2015,FetchAttributeMetadata.java,Petros Splinakis
Fri Apr 24 11:38:29 2015,FetchGroupMetadata.java,Petros Splinakis
Fri Apr 24 11:38:29 2015,FieldResultMetadata.java,Petros Splinakis
Fri Apr 24 11:38:29 2015,NamedNativeQueryMetadata.java,Petros Splinakis
Fri Apr 24 11:38:29 2015,NamedPLSQLStoredFunctionQueryMetadata.java,Petros Splinakis
Fri Apr 24 11:38:29 2015,NamedPLSQLStoredProcedureQueryMetadata.java,Petros Splinakis
Fri Apr 24 11:38:29 2015,NamedQueryMetadata.java,Petros Splinakis
Fri Apr 24 11:38:29 2015,NamedStoredFunctionQueryMetadata.java,Petros Splinakis
Fri Apr 24 11:38:29 2015,NamedStoredProcedureQueryMetadata.java,Petros Splinakis
Fri Apr 24 11:38:29 2015,OracleArrayTypeMetadata.java,Petros Splinakis
Fri Apr 24 11:38:29 2015,OracleComplexTypeMetadata.java,Petros Splinakis
Fri Apr 24 11:38:29 2015,OracleObjectTypeMetadata.java,Petros Splinakis
Fri Apr 24 11:38:29 2015,PLSQLComplexTypeMetadata.java,Petros Splinakis
Fri Apr 24 11:38:29 2015,PLSQLParameterMetadata.java,Petros Splinakis
Fri Apr 24 11:38:29 2015,PLSQLRecordMetadata.java,Petros Splinakis
Fri Apr 24 11:38:29 2015,PLSQLTableMetadata.java,Petros Splinakis
Fri Apr 24 11:38:29 2015,QueryHintMetadata.java,Petros Splinakis
Fri Apr 24 11:38:29 2015,QueryRedirectorsMetadata.java,Petros Splinakis
Fri Apr 24 11:38:29 2015,SQLResultSetMappingMetadata.java,Petros Splinakis
Fri Apr 24 11:38:29 2015,StoredProcedureParameterMetadata.java,Petros Splinakis
Fri Apr 24 11:38:29 2015,GeneratedValueMetadata.java,Petros Splinakis
Fri Apr 24 11:38:29 2015,SequenceGeneratorMetadata.java,Petros Splinakis
Fri Apr 24 11:38:29 2015,TableGeneratorMetadata.java,Petros Splinakis
Fri Apr 24 11:38:29 2015,UuidGeneratorMetadata.java,Petros Splinakis
Fri Apr 24 11:38:29 2015,SerializedObjectPolicyMetadata.java,Petros Splinakis
Fri Apr 24 11:38:29 2015,ArrayAccessor.java,Petros Splinakis
Fri Apr 24 11:38:29 2015,StructMetadata.java,Petros Splinakis
Fri Apr 24 11:38:29 2015,StructureAccessor.java,Petros Splinakis
Fri Apr 24 11:38:29 2015,CollectionTableMetadata.java,Petros Splinakis
Fri Apr 24 11:38:29 2015,IndexMetadata.java,Petros Splinakis
Fri Apr 24 11:38:29 2015,JoinTableMetadata.java,Petros Splinakis
Fri Apr 24 11:38:29 2015,RelationalTableMetadata.java,Petros Splinakis
Fri Apr 24 11:38:29 2015,SecondaryTableMetadata.java,Petros Splinakis
Fri Apr 24 11:38:29 2015,TableMetadata.java,Petros Splinakis
Fri Apr 24 11:38:29 2015,UniqueConstraintMetadata.java,Petros Splinakis
Fri Apr 24 11:38:29 2015,ReadTransformerMetadata.java,Petros Splinakis
Fri Apr 24 11:38:29 2015,WriteTransformerMetadata.java,Petros Splinakis
Fri Apr 24 11:38:29 2015,XMLEntityMappings.java,Petros Splinakis
Fri Apr 24 11:38:29 2015,XMLPersistenceUnitDefaults.java,Petros Splinakis
Fri Apr 24 11:38:29 2015,XMLPersistenceUnitMetadata.java,Petros Splinakis
Mon Apr 27 10:01:52 2015,CoreAttributeGroup.java,Petros Splinakis
Mon Apr 27 10:01:52 2015,CoreAttributeItem.java,Petros Splinakis
Mon Apr 27 10:01:52 2015,ReturningPolicy.java,Petros Splinakis
Mon Apr 27 10:01:52 2015,EISSequence.java,Petros Splinakis
Mon Apr 27 10:01:52 2015,XPathNode.java,Petros Splinakis
Mon Apr 27 10:01:52 2015,XPathPredicate.java,Petros Splinakis
Mon Apr 27 10:01:52 2015,AttributeItem.java,Petros Splinakis
Mon Apr 27 10:01:52 2015,ContainerPolicy.java,Petros Splinakis
Mon Apr 27 10:01:52 2015,InterfaceContainerPolicy.java,Petros Splinakis
Mon Apr 27 10:01:52 2015,ReportQueryResult.java,Petros Splinakis
Mon Apr 27 10:01:52 2015,DefaultSequence.java,Petros Splinakis
Mon Apr 27 10:01:52 2015,NativeSequence.java,Petros Splinakis
Mon Apr 27 10:01:52 2015,QuerySequence.java,Petros Splinakis
Mon Apr 27 10:01:52 2015,Sequence.java,Petros Splinakis
Mon Apr 27 10:01:52 2015,TableSequence.java,Petros Splinakis
Mon Apr 27 10:01:52 2015,UnaryTableSequence.java,Petros Splinakis
Mon Apr 27 10:01:52 2015,XMLFileSequence.java,Petros Splinakis
Mon Apr 27 10:01:52 2015,DefaultValueStore.java,Petros Splinakis
Mon Apr 27 12:36:06 2015,CoreAttributeGroup.java,Petros Splinakis
Mon Apr 27 12:36:06 2015,DefaultValueStore.java,Petros Splinakis
Mon May  4  8:29:16 2015,FullRegressionTestSuite.java,Petros Splinakis
Mon May  4  8:29:16 2015,PersistenceUnitProcessorTest.java,Petros Splinakis
Mon May  4  8:29:16 2015,PersistenceUnitProcessor.java,Petros Splinakis
Mon May  4  9:53:06 2015,antbuild.properties,Petros Splinakis
Mon May  4  9:53:06 2015,antbuild.xml,Petros Splinakis
Mon May  4  9:53:06 2015,jgroups-udp-config.xml,Petros Splinakis
Mon May  4  9:53:06 2015,TestRunModel.java,Petros Splinakis
Mon May  4  9:53:06 2015,JGroupsConfigurationTest.java,Petros Splinakis
Mon May  4  9:53:06 2015,JGroupsDistributedServersModel.java,Petros Splinakis
Mon May  4  9:53:06 2015,JGroupsTransportManager.java,Petros Splinakis
Wed May  6  9:36:42 2015,PersistenceUnitProcessorTest.java,Petros Splinakis
