date_time,file,committer_name
Mon Jun 19 14:46:52 2006,DebugTargetEventHandler.java,Darin Wright
Mon Jun 19 15:47:31 2006,AsynchronousTreeViewer.java,Darin Wright
Mon Jun 19 18:49:59 2006,LaunchManager.java,Darin Wright
Wed Jun 21 16:23:42 2006,DebugPlugin.java,Darin Wright
Wed Jun 21 16:23:42 2006,RuntimeProcess.java,Darin Wright
Wed Jun 21 16:23:42 2006,IDebugUIConstants.java,Darin Wright
Wed Jun 21 18:49:55 2006,Decoration.java,Darin Wright
Wed Jun 21 18:49:55 2006,DecorationManager.java,Darin Wright
Thu Jun 22 15:59:57 2006,AbstractModelProxy.java,Darin Wright
Thu Jun 22 15:59:57 2006,DebugEventHandler.java,Darin Wright
Thu Jun 22 16:01:51 2006,ProcessConsolePageParticipant.java,Darin Wright
Thu Jun 22 16:07:39 2006,AsynchronousTreeModel.java,Darin Wright
Thu Jun 22 18:23:08 2006,SourceLookupService.java,Darin Wright
Thu Jun 22 18:23:08 2006,DebugTargetProxy.java,Darin Wright
Thu Jun 22 18:23:08 2006,StackFrameEventHandler.java,Darin Wright
Thu Jun 22 18:23:08 2006,ThreadEventHandler.java,Darin Wright
Fri Jun 23 16:48:02 2006,BreakpointManager.java,Darin Wright
Wed Jul  5 18:30:29 2006,SourceLookupFacility.java,Darin Wright
Wed Jul  5 18:53:05 2006,InstructionPointerManager.java,Darin Wright
Wed Jul  5 19:27:43 2006,DebugUIPreferenceInitializer.java,Darin Wright
Wed Jul  5 19:27:43 2006,IInternalDebugUIConstants.java,Darin Wright
Wed Jul  5 19:27:43 2006,StepFilterManager.java,Darin Wright
Wed Jul  5 19:27:43 2006,ToggleStepFiltersActionDelegate.java,Darin Wright
Wed Jul  5 19:27:43 2006,IDebugUIConstants.java,Darin Wright
Thu Jul  6 16:44:36 2006,ThreadEventHandler.java,Darin Wright
Thu Jul  6 19:39:23 2006,SourceLookupService.java,Darin Wright
Thu Jul  6 21:13:40 2006,DebugTargetEventHandler.java,Darin Wright
Fri Jul  7 17:39:03 2006,MANIFEST.MF,Darin Wright
Fri Jul  7 17:39:03 2006,MANIFEST.MF,Darin Wright
Fri Jul  7 17:39:03 2006,MANIFEST.MF,Darin Wright
Fri Jul  7 17:39:03 2006,IOConsole.java,Darin Wright
Fri Jul  7 20:00:08 2006,AsynchronousViewer.java,Darin Wright
Mon Jul 10 18:46:06 2006,SourceLookupFacility.java,Darin Wright
Wed Jul 12 14:24:25 2006,StackFrameSourceDisplayAdapter.java,Darin Wright
Wed Jul 12 16:39:04 2006,TerminateAllAction.java,Darin Wright
Wed Jul 12 16:58:48 2006,TerminateAllAction.java,Darin Wright
Wed Jul 12 20:45:25 2006,AsynchronousTreeViewer.java,Darin Wright
Thu Jul 13 19:27:55 2006,AsynchronousViewer.java,Darin Wright
Fri Jul 14 15:09:38 2006,DebugUIPreferenceInitializer.java,Darin Wright
Fri Jul 14 15:09:38 2006,RemoveAllBreakpointsAction.java,Darin Wright
Fri Jul 14 15:09:38 2006,DebugPreferencePage.java,Darin Wright
Fri Jul 14 15:09:38 2006,DebugPreferencesMessages.properties,Darin Wright
Fri Jul 14 15:09:38 2006,IDebugPreferenceConstants.java,Darin Wright
Fri Jul 14 16:16:20 2006,ActionMessages.java,Darin Wright
Fri Jul 14 16:16:20 2006,ActionMessages.properties,Darin Wright
Fri Jul 14 16:16:20 2006,AssignValueAction.java,Darin Wright
Tue Jul 18 19:34:56 2006,AbstractSourceContainer.java,Darin Wright
Tue Jul 18 19:34:56 2006,ExternalArchiveSourceContainer.java,Darin Wright
Tue Jul 18 19:34:56 2006,SourceLookupMessages.java,Darin Wright
Tue Jul 18 19:34:56 2006,SourceLookupMessages.properties,Darin Wright
Tue Jul 18 20:43:27 2006,MaxDetailsLengthDialog.java,Darin Wright
Tue Jul 18 20:43:27 2006,VariablesViewMessages.properties,Darin Wright
