date_time,file,committer_name
Tue Nov 21 21:36:58 2023,404.html,genie-openj9
Tue Nov 21 21:36:58 2023,index.html,genie-openj9
Tue Nov 21 21:36:58 2023,index.html,genie-openj9
Tue Nov 21 21:36:58 2023,index.html,genie-openj9
Tue Nov 21 21:36:58 2023,index.html,genie-openj9
Tue Nov 21 21:36:58 2023,index.html,genie-openj9
Tue Nov 21 21:36:58 2023,index.html,genie-openj9
Tue Nov 21 21:36:58 2023,index.html,genie-openj9
Tue Nov 21 21:36:58 2023,index.html,genie-openj9
Tue Nov 21 21:36:58 2023,index.html,genie-openj9
Tue Nov 21 21:36:58 2023,index.html,genie-openj9
Tue Nov 21 21:36:58 2023,index.html,genie-openj9
Tue Nov 21 21:36:58 2023,index.html,genie-openj9
Tue Nov 21 21:36:58 2023,index.html,genie-openj9
Tue Nov 21 21:36:58 2023,index.html,genie-openj9
Tue Nov 21 21:36:58 2023,index-7.html,genie-openj9
Tue Nov 21 21:36:58 2023,index-8.html,genie-openj9
Tue Nov 21 21:36:58 2023,jquery-ui.min.css,genie-openj9
Tue Nov 21 21:36:58 2023,jquery-ui.min.js,genie-openj9
Tue Nov 21 21:36:58 2023,member-search-index.js,genie-openj9
Tue Nov 21 21:36:58 2023,package-summary.html,genie-openj9
Tue Nov 21 21:36:58 2023,module-summary.html,genie-openj9
Tue Nov 21 21:36:58 2023,CorruptDataException.html,genie-openj9
Tue Nov 21 21:36:58 2023,OptInfo.html,genie-openj9
Tue Nov 21 21:36:58 2023,J9ROMClassHelper.html,genie-openj9
Tue Nov 21 21:36:58 2023,U32.html,genie-openj9
Tue Nov 21 21:36:58 2023,index-7.html,genie-openj9
Tue Nov 21 21:36:58 2023,index-8.html,genie-openj9
Tue Nov 21 21:36:58 2023,member-search-index.js,genie-openj9
Tue Nov 21 21:36:58 2023,package-summary.html,genie-openj9
Tue Nov 21 21:36:58 2023,module-summary.html,genie-openj9
Tue Nov 21 21:36:58 2023,CorruptDataException.html,genie-openj9
Tue Nov 21 21:36:58 2023,OptInfo.html,genie-openj9
Tue Nov 21 21:36:58 2023,J9ROMClassHelper.html,genie-openj9
Tue Nov 21 21:36:58 2023,U32.html,genie-openj9
Tue Nov 21 21:36:58 2023,jquery-ui.min.css,genie-openj9
Tue Nov 21 21:36:58 2023,jquery-ui.min.js,genie-openj9
Tue Nov 21 21:36:58 2023,member-search-index.js,genie-openj9
Tue Nov 21 21:36:58 2023,CudaJitOptions.html,genie-openj9
Tue Nov 21 21:36:58 2023,CudaKernel.Parameters.html,genie-openj9
Tue Nov 21 21:36:58 2023,CudaUtil.html,genie-openj9
Tue Nov 21 21:36:58 2023,package-summary.html,genie-openj9
Tue Nov 21 21:36:58 2023,package-tree.html,genie-openj9
Tue Nov 21 21:36:58 2023,package-use.html,genie-openj9
Tue Nov 21 21:36:58 2023,module-summary.html,genie-openj9
Tue Nov 21 21:36:58 2023,ByteArrayMarshaller.html,genie-openj9
Tue Nov 21 21:36:58 2023,ByteArrayUnmarshaller.html,genie-openj9
Tue Nov 21 21:36:58 2023,ByteArrayUnmarshaller.html,genie-openj9
Tue Nov 21 21:36:58 2023,DecimalData.html,genie-openj9
Tue Nov 21 21:36:58 2023,PackedDecimal.html,genie-openj9
Tue Nov 21 21:36:58 2023,package-summary.html,genie-openj9
Tue Nov 21 21:36:58 2023,package-tree.html,genie-openj9
Tue Nov 21 21:36:58 2023,package-use.html,genie-openj9
Tue Nov 21 21:36:58 2023,module-summary.html,genie-openj9
Tue Nov 21 21:36:58 2023,CommonAddressSpace.html,genie-openj9
Tue Nov 21 21:36:58 2023,DumpReaderAddressSpace.html,genie-openj9
Tue Nov 21 21:36:58 2023,IAbstractAddressSpace.html,genie-openj9
Tue Nov 21 21:36:58 2023,LayeredAddressSpace.html,genie-openj9
Tue Nov 21 21:36:58 2023,SimpleAddressSpace.html,genie-openj9
Tue Nov 21 21:36:58 2023,CommonAddressSpace.html,genie-openj9
Tue Nov 21 21:36:58 2023,DumpReaderAddressSpace.html,genie-openj9
Tue Nov 21 21:36:58 2023,IAbstractAddressSpace.html,genie-openj9
Tue Nov 21 21:36:58 2023,LayeredAddressSpace.html,genie-openj9
Tue Nov 21 21:36:58 2023,SimpleAddressSpace.html,genie-openj9
Tue Nov 21 21:36:58 2023,package-summary.html,genie-openj9
Tue Nov 21 21:36:58 2023,package-tree.html,genie-openj9
Tue Nov 21 21:36:58 2023,package-use.html,genie-openj9
Tue Nov 21 21:36:58 2023,ARReader.html,genie-openj9
Tue Nov 21 21:36:58 2023,XCOFFReader.html,genie-openj9
Tue Nov 21 21:36:58 2023,ARReader.html,genie-openj9
Tue Nov 21 21:36:58 2023,XCOFFReader.html,genie-openj9
Tue Nov 21 21:36:58 2023,package-summary.html,genie-openj9
Tue Nov 21 21:36:58 2023,package-tree.html,genie-openj9
Tue Nov 21 21:36:58 2023,package-use.html,genie-openj9
Tue Nov 21 21:36:58 2023,Aix32Dump.html,genie-openj9
Tue Nov 21 21:36:58 2023,Aix64Dump.html,genie-openj9
Tue Nov 21 21:36:58 2023,CoreReaderSupport.html,genie-openj9
Tue Nov 21 21:36:58 2023,CorruptCoreException.html,genie-openj9
Tue Nov 21 21:36:58 2023,Dump.html,genie-openj9
Tue Nov 21 21:36:58 2023,DumpException.html,genie-openj9
Tue Nov 21 21:36:58 2023,DumpFactory.html,genie-openj9
Tue Nov 21 21:36:58 2023,DumpReader.html,genie-openj9
Tue Nov 21 21:36:58 2023,ICoreFileReader.html,genie-openj9
Tue Nov 21 21:36:58 2023,J9RASReader.html,genie-openj9
Tue Nov 21 21:36:58 2023,LittleEndianDumpReader.html,genie-openj9
Tue Nov 21 21:36:58 2023,MemoryAccessException.html,genie-openj9
Tue Nov 21 21:36:58 2023,MemoryRange.html,genie-openj9
Tue Nov 21 21:36:58 2023,NativeThreadContext.html,genie-openj9
Tue Nov 21 21:36:58 2023,NewElfDump.html,genie-openj9
Tue Nov 21 21:36:58 2023,NewWinDump.html,genie-openj9
Tue Nov 21 21:36:58 2023,NewZosDump.html,genie-openj9
Tue Nov 21 21:36:58 2023,PageCache.Page.html,genie-openj9
Tue Nov 21 21:36:58 2023,PageCache.html,genie-openj9
Tue Nov 21 21:36:58 2023,Register.html,genie-openj9
Tue Nov 21 21:36:58 2023,ResourceReleaser.html,genie-openj9
Tue Nov 21 21:36:58 2023,StackFrame.html,genie-openj9
Tue Nov 21 21:36:58 2023,Symbol.html,genie-openj9
Tue Nov 21 21:36:58 2023,Aix32Dump.html,genie-openj9
Tue Nov 21 21:36:58 2023,Aix64Dump.html,genie-openj9
Tue Nov 21 21:36:58 2023,Builder.html,genie-openj9
Tue Nov 21 21:36:58 2023,ClosingFileReader.html,genie-openj9
Tue Nov 21 21:36:58 2023,CoreReaderSupport.html,genie-openj9
Tue Nov 21 21:36:58 2023,CorruptCoreException.html,genie-openj9
Tue Nov 21 21:36:58 2023,Dump.html,genie-openj9
Tue Nov 21 21:36:58 2023,DumpException.html,genie-openj9
Tue Nov 21 21:36:58 2023,DumpFactory.html,genie-openj9
Tue Nov 21 21:36:58 2023,DumpReader.html,genie-openj9
Tue Nov 21 21:36:58 2023,GenericThread.html,genie-openj9
Tue Nov 21 21:36:58 2023,ICoreFileReader.html,genie-openj9
Tue Nov 21 21:36:58 2023,J9RASReader.html,genie-openj9
Tue Nov 21 21:36:58 2023,LittleEndianDumpReader.html,genie-openj9
Tue Nov 21 21:36:58 2023,MemoryAccessException.html,genie-openj9
Tue Nov 21 21:36:58 2023,MemoryRange.html,genie-openj9
Tue Nov 21 21:36:58 2023,NativeThreadContext.html,genie-openj9
Tue Nov 21 21:36:58 2023,NewAixDump.html,genie-openj9
Tue Nov 21 21:36:58 2023,NewElfDump.html,genie-openj9
Tue Nov 21 21:36:58 2023,NewWinDump.html,genie-openj9
Tue Nov 21 21:36:58 2023,NewZosDump.html,genie-openj9
Tue Nov 21 21:36:58 2023,PageCache.Page.html,genie-openj9
Tue Nov 21 21:36:58 2023,PageCache.html,genie-openj9
Tue Nov 21 21:36:58 2023,Register.html,genie-openj9
Tue Nov 21 21:36:58 2023,ResourceReleaser.html,genie-openj9
Tue Nov 21 21:36:58 2023,StackFrame.html,genie-openj9
Tue Nov 21 21:36:58 2023,Symbol.html,genie-openj9
Tue Nov 21 21:36:58 2023,J9RAS.html,genie-openj9
Tue Nov 21 21:36:58 2023,J9RASFragment.html,genie-openj9
Tue Nov 21 21:36:58 2023,J9RASFragmentJ5GA.html,genie-openj9
Tue Nov 21 21:36:58 2023,J9RASFragmentJ5SR10.html,genie-openj9
Tue Nov 21 21:36:58 2023,J9RASFragmentJ5v2.html,genie-openj9
Tue Nov 21 21:36:58 2023,J9RASFragmentJ6GA.html,genie-openj9
Tue Nov 21 21:36:58 2023,J9RASFragmentJ6SR6.html,genie-openj9
Tue Nov 21 21:36:58 2023,J9RASFragmentJ6v2.html,genie-openj9
Tue Nov 21 21:36:58 2023,J9RASFragmentJ6v3.html,genie-openj9
Tue Nov 21 21:36:58 2023,Memory.html,genie-openj9
Tue Nov 21 21:36:58 2023,J9RAS.html,genie-openj9
Tue Nov 21 21:36:58 2023,J9RASFragment.html,genie-openj9
Tue Nov 21 21:36:58 2023,J9RASFragmentJ5GA.html,genie-openj9
Tue Nov 21 21:36:58 2023,J9RASFragmentJ5SR10.html,genie-openj9
Tue Nov 21 21:36:58 2023,J9RASFragmentJ5v2.html,genie-openj9
Tue Nov 21 21:36:58 2023,J9RASFragmentJ6GA.html,genie-openj9
Tue Nov 21 21:36:58 2023,J9RASFragmentJ6SR6.html,genie-openj9
Tue Nov 21 21:36:58 2023,J9RASFragmentJ6v2.html,genie-openj9
Tue Nov 21 21:36:58 2023,J9RASFragmentJ6v3.html,genie-openj9
Tue Nov 21 21:36:58 2023,Memory.html,genie-openj9
Tue Nov 21 21:36:58 2023,package-summary.html,genie-openj9
Tue Nov 21 21:36:58 2023,package-tree.html,genie-openj9
Tue Nov 21 21:36:58 2023,package-use.html,genie-openj9
Tue Nov 21 21:36:58 2023,package-summary.html,genie-openj9
Tue Nov 21 21:36:58 2023,package-tree.html,genie-openj9
Tue Nov 21 21:36:58 2023,package-use.html,genie-openj9
Tue Nov 21 21:36:58 2023,AddressRange.html,genie-openj9
Tue Nov 21 21:36:58 2023,AddressSpaceImageInputStream.html,genie-openj9
Tue Nov 21 21:36:58 2023,SearchListener.html,genie-openj9
Tue Nov 21 21:36:58 2023,AddressRange.html,genie-openj9
Tue Nov 21 21:36:58 2023,AddressSpace.html,genie-openj9
Tue Nov 21 21:36:58 2023,AddressSpaceImageInputStream.html,genie-openj9
Tue Nov 21 21:36:58 2023,Dump.html,genie-openj9
Tue Nov 21 21:36:58 2023,SearchListener.html,genie-openj9
Tue Nov 21 21:36:58 2023,package-summary.html,genie-openj9
Tue Nov 21 21:36:58 2023,package-tree.html,genie-openj9
Tue Nov 21 21:36:58 2023,package-use.html,genie-openj9
Tue Nov 21 21:36:58 2023,Caa.html,genie-openj9
Tue Nov 21 21:36:58 2023,Caa32Template.html,genie-openj9
Tue Nov 21 21:36:58 2023,Caa32_11Template.html,genie-openj9
Tue Nov 21 21:36:58 2023,Caa64Template.html,genie-openj9
Tue Nov 21 21:36:58 2023,Caa64_11Template.html,genie-openj9
Tue Nov 21 21:36:58 2023,CaaNotFound.html,genie-openj9
Tue Nov 21 21:36:58 2023,CaaTemplate.html,genie-openj9
Tue Nov 21 21:36:58 2023,CeedsaTemplate.html,genie-openj9
Tue Nov 21 21:36:58 2023,Ceedsahp32Template.html,genie-openj9
Tue Nov 21 21:36:58 2023,Ceedsahp64Template.html,genie-openj9
Tue Nov 21 21:36:58 2023,CeedsahpTemplate.html,genie-openj9
Tue Nov 21 21:36:58 2023,Ceedsahp_transitionTemplate.html,genie-openj9
Tue Nov 21 21:36:58 2023,CeelcaTemplate.html,genie-openj9
Tue Nov 21 21:36:58 2023,CeexcibTemplate.html,genie-openj9
Tue Nov 21 21:36:58 2023,CeexcibhTemplate.html,genie-openj9
Tue Nov 21 21:36:58 2023,Ceexdlcb32Template.html,genie-openj9
Tue Nov 21 21:36:58 2023,Ceexdlcb64Template.html,genie-openj9
Tue Nov 21 21:36:58 2023,CeexdlcbTemplate.html,genie-openj9
Tue Nov 21 21:36:58 2023,Ceexedb32Template.html,genie-openj9
Tue Nov 21 21:36:58 2023,Ceexedb64Template.html,genie-openj9
Tue Nov 21 21:36:58 2023,CeexedbTemplate.html,genie-openj9
Tue Nov 21 21:36:58 2023,Ceexhcom32Template.html,genie-openj9
Tue Nov 21 21:36:58 2023,Ceexhcom64Template.html,genie-openj9
Tue Nov 21 21:36:58 2023,CeexhcomTemplate.html,genie-openj9
Tue Nov 21 21:36:58 2023,CeexhepvTemplate.html,genie-openj9
Tue Nov 21 21:36:58 2023,Ceexhp1bTemplate.html,genie-openj9
Tue Nov 21 21:36:58 2023,CeexlaaTemplate.html,genie-openj9
Tue Nov 21 21:36:58 2023,CeexoepvTemplate.html,genie-openj9
Tue Nov 21 21:36:58 2023,Ceexpp1bTemplate.html,genie-openj9
Tue Nov 21 21:36:58 2023,Ceexrcb32Template.html,genie-openj9
Tue Nov 21 21:36:58 2023,Ceexrcb64Template.html,genie-openj9
Tue Nov 21 21:36:58 2023,CeexrcbTemplate.html,genie-openj9
Tue Nov 21 21:36:58 2023,CeexsfxmTemplate.html,genie-openj9
Tue Nov 21 21:36:58 2023,CeexstkhTemplate.html,genie-openj9
Tue Nov 21 21:36:58 2023,CeextvbTemplate.html,genie-openj9
Tue Nov 21 21:36:58 2023,CeextvbeTemplate.html,genie-openj9
Tue Nov 21 21:36:58 2023,Ciet2ExpFuncEntryTemplate.html,genie-openj9
Tue Nov 21 21:36:58 2023,Ciet2ExpVarEntryTemplate.html,genie-openj9
Tue Nov 21 21:36:58 2023,Ciet2Template.html,genie-openj9
Tue Nov 21 21:36:58 2023,CietExpEntryTemplate.html,genie-openj9
Tue Nov 21 21:36:58 2023,CietTemplate.html,genie-openj9
Tue Nov 21 21:36:58 2023,Dll.html,genie-openj9
Tue Nov 21 21:36:58 2023,DllFunction.html,genie-openj9
Tue Nov 21 21:36:58 2023,DllVariable.html,genie-openj9
Tue Nov 21 21:36:58 2023,DllcsectTemplate.html,genie-openj9
Tue Nov 21 21:36:58 2023,DllexpfuncsTemplate.html,genie-openj9
Tue Nov 21 21:36:58 2023,DllexpvarsTemplate.html,genie-openj9
Tue Nov 21 21:36:58 2023,DsaStackFrame.html,genie-openj9
Tue Nov 21 21:36:58 2023,Edb.html,genie-openj9
Tue Nov 21 21:36:58 2023,Function.html,genie-openj9
Tue Nov 21 21:36:58 2023,SmcbTemplate.html,genie-openj9
Tue Nov 21 21:36:58 2023,StackNotFound.html,genie-openj9
Tue Nov 21 21:36:58 2023,Caa.html,genie-openj9
Tue Nov 21 21:36:58 2023,Caa32Template.html,genie-openj9
Tue Nov 21 21:36:58 2023,Caa32_11Template.html,genie-openj9
Tue Nov 21 21:36:58 2023,Caa64Template.html,genie-openj9
Tue Nov 21 21:36:58 2023,Caa64_11Template.html,genie-openj9
Tue Nov 21 21:36:58 2023,CaaNotFound.html,genie-openj9
Tue Nov 21 21:36:58 2023,CaaTemplate.html,genie-openj9
Tue Nov 21 21:36:58 2023,CeedsaTemplate.html,genie-openj9
Tue Nov 21 21:36:58 2023,Ceedsahp32Template.html,genie-openj9
Tue Nov 21 21:36:58 2023,Ceedsahp64Template.html,genie-openj9
Tue Nov 21 21:36:58 2023,CeedsahpTemplate.html,genie-openj9
Tue Nov 21 21:36:58 2023,Ceedsahp_transitionTemplate.html,genie-openj9
Tue Nov 21 21:36:58 2023,CeelcaTemplate.html,genie-openj9
Tue Nov 21 21:36:58 2023,CeexcibTemplate.html,genie-openj9
Tue Nov 21 21:36:58 2023,CeexcibhTemplate.html,genie-openj9
Tue Nov 21 21:36:58 2023,Ceexdlcb32Template.html,genie-openj9
Tue Nov 21 21:36:58 2023,Ceexdlcb64Template.html,genie-openj9
Tue Nov 21 21:36:58 2023,CeexdlcbTemplate.html,genie-openj9
Tue Nov 21 21:36:58 2023,Ceexedb32Template.html,genie-openj9
Tue Nov 21 21:36:58 2023,Ceexedb64Template.html,genie-openj9
Tue Nov 21 21:36:58 2023,CeexedbTemplate.html,genie-openj9
Tue Nov 21 21:36:58 2023,Ceexhcom32Template.html,genie-openj9
Tue Nov 21 21:36:58 2023,Ceexhcom64Template.html,genie-openj9
Tue Nov 21 21:36:58 2023,CeexhcomTemplate.html,genie-openj9
Tue Nov 21 21:36:58 2023,CeexhepvTemplate.html,genie-openj9
Tue Nov 21 21:36:58 2023,Ceexhp1bTemplate.html,genie-openj9
Tue Nov 21 21:36:58 2023,CeexlaaTemplate.html,genie-openj9
Tue Nov 21 21:36:58 2023,CeexoepvTemplate.html,genie-openj9
Tue Nov 21 21:36:58 2023,Ceexpp1bTemplate.html,genie-openj9
Tue Nov 21 21:36:58 2023,Ceexrcb32Template.html,genie-openj9
Tue Nov 21 21:36:58 2023,Ceexrcb64Template.html,genie-openj9
Tue Nov 21 21:36:58 2023,CeexrcbTemplate.html,genie-openj9
Tue Nov 21 21:36:58 2023,CeexsfxmTemplate.html,genie-openj9
Tue Nov 21 21:36:58 2023,CeexstkhTemplate.html,genie-openj9
Tue Nov 21 21:36:58 2023,CeextvbTemplate.html,genie-openj9
Tue Nov 21 21:36:58 2023,CeextvbeTemplate.html,genie-openj9
Tue Nov 21 21:36:58 2023,Ciet2ExpFuncEntryTemplate.html,genie-openj9
Tue Nov 21 21:36:58 2023,Ciet2ExpVarEntryTemplate.html,genie-openj9
Tue Nov 21 21:36:58 2023,Ciet2Template.html,genie-openj9
Tue Nov 21 21:36:58 2023,CietExpEntryTemplate.html,genie-openj9
Tue Nov 21 21:36:58 2023,CietTemplate.html,genie-openj9
Tue Nov 21 21:36:58 2023,Dll.html,genie-openj9
Tue Nov 21 21:36:58 2023,DllFunction.html,genie-openj9
Tue Nov 21 21:36:58 2023,DllVariable.html,genie-openj9
Tue Nov 21 21:36:58 2023,DllcsectTemplate.html,genie-openj9
Tue Nov 21 21:36:58 2023,DllexpfuncsTemplate.html,genie-openj9
Tue Nov 21 21:36:58 2023,DllexpvarsTemplate.html,genie-openj9
Tue Nov 21 21:36:58 2023,DsaStackFrame.html,genie-openj9
Tue Nov 21 21:36:58 2023,Edb.html,genie-openj9
Tue Nov 21 21:36:58 2023,Function.html,genie-openj9
Tue Nov 21 21:36:58 2023,SmcbTemplate.html,genie-openj9
Tue Nov 21 21:36:58 2023,StackNotFound.html,genie-openj9
Tue Nov 21 21:36:58 2023,package-summary.html,genie-openj9
Tue Nov 21 21:36:58 2023,package-tree.html,genie-openj9
Tue Nov 21 21:36:58 2023,package-use.html,genie-openj9
Tue Nov 21 21:36:58 2023,BpxzotcbTemplate.html,genie-openj9
Tue Nov 21 21:36:58 2023,BpxzustaTemplate.html,genie-openj9
Tue Nov 21 21:36:58 2023,CeexcvtTemplate.html,genie-openj9
Tue Nov 21 21:36:58 2023,IhaascbTemplate.html,genie-openj9
Tue Nov 21 21:36:58 2023,IhaasxbTemplate.html,genie-openj9
Tue Nov 21 21:36:58 2023,IhapsaTemplate.html,genie-openj9
Tue Nov 21 21:36:58 2023,IharbTemplate.html,genie-openj9
Tue Nov 21 21:36:58 2023,Ihartm2aTemplate.html,genie-openj9
Tue Nov 21 21:36:58 2023,IhastcbTemplate.html,genie-openj9
Tue Nov 21 21:36:58 2023,IkjrbTemplate.html,genie-openj9
Tue Nov 21 21:36:58 2023,IkjtcbTemplate.html,genie-openj9
Tue Nov 21 21:36:58 2023,Lse.html,genie-openj9
Tue Nov 21 21:36:58 2023,LsedTemplate.html,genie-openj9
Tue Nov 21 21:36:58 2023,Lses1lsed1Template.html,genie-openj9
Tue Nov 21 21:36:58 2023,LseslsedTemplate.html,genie-openj9
Tue Nov 21 21:36:58 2023,Lsestate1Template.html,genie-openj9
Tue Nov 21 21:36:58 2023,LsestateTemplate.html,genie-openj9
Tue Nov 21 21:36:58 2023,OtcbcopyonforkTemplate.html,genie-openj9
Tue Nov 21 21:36:58 2023,RegisterSet.html,genie-openj9
Tue Nov 21 21:36:58 2023,Tcb.html,genie-openj9
Tue Nov 21 21:36:58 2023,BpxzotcbTemplate.html,genie-openj9
Tue Nov 21 21:36:58 2023,BpxzustaTemplate.html,genie-openj9
Tue Nov 21 21:36:58 2023,CeexcvtTemplate.html,genie-openj9
Tue Nov 21 21:36:58 2023,IhaascbTemplate.html,genie-openj9
Tue Nov 21 21:36:58 2023,IhaasxbTemplate.html,genie-openj9
Tue Nov 21 21:36:58 2023,IhapsaTemplate.html,genie-openj9
Tue Nov 21 21:36:58 2023,IharbTemplate.html,genie-openj9
Tue Nov 21 21:36:58 2023,Ihartm2aTemplate.html,genie-openj9
Tue Nov 21 21:36:58 2023,IhastcbTemplate.html,genie-openj9
Tue Nov 21 21:36:58 2023,IkjrbTemplate.html,genie-openj9
Tue Nov 21 21:36:58 2023,IkjtcbTemplate.html,genie-openj9
Tue Nov 21 21:36:58 2023,Lse.html,genie-openj9
Tue Nov 21 21:36:58 2023,LsedTemplate.html,genie-openj9
Tue Nov 21 21:36:58 2023,Lses1lsed1Template.html,genie-openj9
Tue Nov 21 21:36:58 2023,LseslsedTemplate.html,genie-openj9
Tue Nov 21 21:36:58 2023,Lsestate1Template.html,genie-openj9
Tue Nov 21 21:36:58 2023,LsestateTemplate.html,genie-openj9
Tue Nov 21 21:36:58 2023,OtcbcopyonforkTemplate.html,genie-openj9
Tue Nov 21 21:36:58 2023,RegisterSet.html,genie-openj9
Tue Nov 21 21:36:58 2023,Tcb.html,genie-openj9
Tue Nov 21 21:36:58 2023,package-summary.html,genie-openj9
Tue Nov 21 21:36:58 2023,package-tree.html,genie-openj9
Tue Nov 21 21:36:58 2023,package-use.html,genie-openj9
Tue Nov 21 21:36:58 2023,AbstractHashMap.html,genie-openj9
Tue Nov 21 21:36:58 2023,AbstractLruCache.html,genie-openj9
Tue Nov 21 21:36:58 2023,BitStream.html,genie-openj9
Tue Nov 21 21:36:58 2023,CharConversion.html,genie-openj9
Tue Nov 21 21:36:58 2023,Clib.html,genie-openj9
Tue Nov 21 21:36:58 2023,CompressedRecordArray.html,genie-openj9
Tue Nov 21 21:36:58 2023,IntEnumeration.html,genie-openj9
Tue Nov 21 21:36:58 2023,IntegerMap.html,genie-openj9
Tue Nov 21 21:36:58 2023,ObjectLruCache.html,genie-openj9
Tue Nov 21 21:36:58 2023,ObjectMap.html,genie-openj9
Tue Nov 21 21:36:58 2023,AbstractHashMap.html,genie-openj9
Tue Nov 21 21:36:58 2023,AbstractLruCache.html,genie-openj9
Tue Nov 21 21:36:58 2023,BitStream.html,genie-openj9
Tue Nov 21 21:36:58 2023,CharConversion.html,genie-openj9
Tue Nov 21 21:36:58 2023,Clib.html,genie-openj9
Tue Nov 21 21:36:58 2023,CompressedRecordArray.html,genie-openj9
Tue Nov 21 21:36:58 2023,IntEnumeration.html,genie-openj9
Tue Nov 21 21:36:58 2023,IntegerMap.html,genie-openj9
Tue Nov 21 21:36:58 2023,ObjectLruCache.html,genie-openj9
Tue Nov 21 21:36:58 2023,ObjectMap.html,genie-openj9
Tue Nov 21 21:36:58 2023,package-summary.html,genie-openj9
Tue Nov 21 21:36:58 2023,package-tree.html,genie-openj9
Tue Nov 21 21:36:58 2023,package-use.html,genie-openj9
Tue Nov 21 21:36:58 2023,CorruptData.html,genie-openj9
Tue Nov 21 21:36:58 2023,CorruptDataException.html,genie-openj9
Tue Nov 21 21:36:58 2023,DTFJException.html,genie-openj9
Tue Nov 21 21:36:58 2023,DataUnavailable.html,genie-openj9
Tue Nov 21 21:36:58 2023,Image.html,genie-openj9
Tue Nov 21 21:36:58 2023,ImageAddressSpace.html,genie-openj9
Tue Nov 21 21:36:58 2023,ImageFactory.html,genie-openj9
Tue Nov 21 21:36:58 2023,ImageModule.html,genie-openj9
Tue Nov 21 21:36:58 2023,ImagePointer.html,genie-openj9
Tue Nov 21 21:36:58 2023,ImageProcess.html,genie-openj9
Tue Nov 21 21:36:58 2023,ImageRegister.html,genie-openj9
Tue Nov 21 21:36:58 2023,ImageSection.html,genie-openj9
Tue Nov 21 21:36:58 2023,ImageStackFrame.html,genie-openj9
Tue Nov 21 21:36:58 2023,ImageSymbol.html,genie-openj9
Tue Nov 21 21:36:58 2023,ImageThread.html,genie-openj9
Tue Nov 21 21:36:58 2023,MemoryAccessException.html,genie-openj9
Tue Nov 21 21:36:58 2023,CorruptData.html,genie-openj9
Tue Nov 21 21:36:58 2023,DTFJException.html,genie-openj9
Tue Nov 21 21:36:58 2023,Image.html,genie-openj9
Tue Nov 21 21:36:58 2023,ImageAddressSpace.html,genie-openj9
Tue Nov 21 21:36:58 2023,ImageFactory.html,genie-openj9
Tue Nov 21 21:36:58 2023,ImageModule.html,genie-openj9
Tue Nov 21 21:36:58 2023,ImagePointer.html,genie-openj9
Tue Nov 21 21:36:58 2023,ImageProcess.html,genie-openj9
Tue Nov 21 21:36:58 2023,ImageRegister.html,genie-openj9
Tue Nov 21 21:36:58 2023,ImageSection.html,genie-openj9
Tue Nov 21 21:36:58 2023,ImageStackFrame.html,genie-openj9
Tue Nov 21 21:36:58 2023,ImageSymbol.html,genie-openj9
Tue Nov 21 21:36:58 2023,ImageThread.html,genie-openj9
Tue Nov 21 21:36:58 2023,MemoryAccessException.html,genie-openj9
Tue Nov 21 21:36:58 2023,Builder.html,genie-openj9
Tue Nov 21 21:36:58 2023,BuilderShutdownHook.html,genie-openj9
Tue Nov 21 21:36:58 2023,BytecodeImageSection.html,genie-openj9
Tue Nov 21 21:36:58 2023,CorruptData.html,genie-openj9
Tue Nov 21 21:36:58 2023,DTFJImageFactory.html,genie-openj9
Tue Nov 21 21:36:58 2023,DefaultFileLocationResolver.html,genie-openj9
Tue Nov 21 21:36:58 2023,FutureImplementation.html,genie-openj9
Tue Nov 21 21:36:58 2023,IFileLocationResolver.html,genie-openj9
Tue Nov 21 21:36:58 2023,Image.html,genie-openj9
Tue Nov 21 21:36:58 2023,ImageAddressSpace.html,genie-openj9
Tue Nov 21 21:36:58 2023,ImageFactory.html,genie-openj9
Tue Nov 21 21:36:58 2023,ImageModule.html,genie-openj9
Tue Nov 21 21:36:58 2023,ImagePointer.html,genie-openj9
Tue Nov 21 21:36:58 2023,ImageProcess.html,genie-openj9
Tue Nov 21 21:36:58 2023,ImageRegister.html,genie-openj9
Tue Nov 21 21:36:58 2023,ImageSection.html,genie-openj9
Tue Nov 21 21:36:58 2023,ImageStackFrame.html,genie-openj9
Tue Nov 21 21:36:58 2023,ImageSymbol.html,genie-openj9
Tue Nov 21 21:36:58 2023,ImageThread.html,genie-openj9
Tue Nov 21 21:36:58 2023,JitImageSection.html,genie-openj9
Tue Nov 21 21:36:58 2023,ModuleImageSection.html,genie-openj9
Tue Nov 21 21:36:58 2023,PartialProcess.html,genie-openj9
Tue Nov 21 21:36:58 2023,RawImageSection.html,genie-openj9
Tue Nov 21 21:36:58 2023,ReleasingImage.html,genie-openj9
Tue Nov 21 21:36:58 2023,SignalName.html,genie-openj9
Tue Nov 21 21:36:58 2023,StackImageSection.html,genie-openj9
Tue Nov 21 21:36:58 2023,ZipExtractionResolver.html,genie-openj9
Tue Nov 21 21:36:58 2023,Builder.html,genie-openj9
Tue Nov 21 21:36:58 2023,BuilderShutdownHook.html,genie-openj9
Tue Nov 21 21:36:58 2023,BytecodeImageSection.html,genie-openj9
Tue Nov 21 21:36:58 2023,CorruptData.html,genie-openj9
Tue Nov 21 21:36:58 2023,DTFJImageFactory.html,genie-openj9
Tue Nov 21 21:36:58 2023,DefaultFileLocationResolver.html,genie-openj9
Tue Nov 21 21:36:58 2023,FutureImplementation.html,genie-openj9
Tue Nov 21 21:36:58 2023,IFileLocationResolver.html,genie-openj9
Tue Nov 21 21:36:58 2023,Image.html,genie-openj9
Tue Nov 21 21:36:58 2023,ImageAddressSpace.html,genie-openj9
Tue Nov 21 21:36:58 2023,ImageFactory.html,genie-openj9
Tue Nov 21 21:36:58 2023,ImageModule.html,genie-openj9
Tue Nov 21 21:36:58 2023,ImagePointer.html,genie-openj9
Tue Nov 21 21:36:58 2023,ImageProcess.html,genie-openj9
Tue Nov 21 21:36:58 2023,ImageRegister.html,genie-openj9
Tue Nov 21 21:36:58 2023,ImageSection.html,genie-openj9
Tue Nov 21 21:36:58 2023,ImageStackFrame.html,genie-openj9
Tue Nov 21 21:36:58 2023,ImageSymbol.html,genie-openj9
Tue Nov 21 21:36:58 2023,ImageThread.html,genie-openj9
Tue Nov 21 21:36:58 2023,JitImageSection.html,genie-openj9
Tue Nov 21 21:36:58 2023,ModuleImageSection.html,genie-openj9
Tue Nov 21 21:36:58 2023,PartialProcess.html,genie-openj9
Tue Nov 21 21:36:58 2023,RawImageSection.html,genie-openj9
Tue Nov 21 21:36:58 2023,ReleasingImage.html,genie-openj9
Tue Nov 21 21:36:58 2023,SignalName.html,genie-openj9
Tue Nov 21 21:36:58 2023,StackImageSection.html,genie-openj9
Tue Nov 21 21:36:58 2023,ZipExtractionResolver.html,genie-openj9
Tue Nov 21 21:36:58 2023,CorruptImagePointer.html,genie-openj9
Tue Nov 21 21:36:58 2023,CorruptImagePointer.html,genie-openj9
Tue Nov 21 21:36:58 2023,package-summary.html,genie-openj9
Tue Nov 21 21:36:58 2023,package-tree.html,genie-openj9
Tue Nov 21 21:36:58 2023,package-use.html,genie-openj9
Tue Nov 21 21:36:58 2023,package-summary.html,genie-openj9
Tue Nov 21 21:36:58 2023,package-tree.html,genie-openj9
Tue Nov 21 21:36:58 2023,package-use.html,genie-openj9
Tue Nov 21 21:36:58 2023,BuilderData.html,genie-openj9
Tue Nov 21 21:36:58 2023,JCCorruptData.html,genie-openj9
Tue Nov 21 21:36:58 2023,JCImage.html,genie-openj9
Tue Nov 21 21:36:58 2023,JCImageAddressSpace.html,genie-openj9
Tue Nov 21 21:36:58 2023,JCImageFactory.html,genie-openj9
Tue Nov 21 21:36:58 2023,JCImageModule.html,genie-openj9
Tue Nov 21 21:36:58 2023,JCImagePointer.html,genie-openj9
Tue Nov 21 21:36:58 2023,JCImageProcess.html,genie-openj9
Tue Nov 21 21:36:58 2023,JCImageRegister.html,genie-openj9
Tue Nov 21 21:36:58 2023,JCImageSection.html,genie-openj9
Tue Nov 21 21:36:58 2023,JCImageStackFrame.html,genie-openj9
Tue Nov 21 21:36:58 2023,JCImageSymbol.html,genie-openj9
Tue Nov 21 21:36:58 2023,JCImageThread.html,genie-openj9
Tue Nov 21 21:36:58 2023,JCReleasingImage.html,genie-openj9
Tue Nov 21 21:36:58 2023,LookupKey.html,genie-openj9
Tue Nov 21 21:36:58 2023,BuilderData.html,genie-openj9
Tue Nov 21 21:36:58 2023,JCCorruptData.html,genie-openj9
Tue Nov 21 21:36:58 2023,JCImage.html,genie-openj9
Tue Nov 21 21:36:58 2023,JCImageAddressSpace.html,genie-openj9
Tue Nov 21 21:36:58 2023,JCImageFactory.html,genie-openj9
Tue Nov 21 21:36:58 2023,JCImageModule.html,genie-openj9
Tue Nov 21 21:36:58 2023,JCImagePointer.html,genie-openj9
Tue Nov 21 21:36:58 2023,JCImageProcess.html,genie-openj9
Tue Nov 21 21:36:58 2023,JCImageRegister.html,genie-openj9
Tue Nov 21 21:36:58 2023,JCImageSection.html,genie-openj9
Tue Nov 21 21:36:58 2023,JCImageStackFrame.html,genie-openj9
Tue Nov 21 21:36:58 2023,JCImageSymbol.html,genie-openj9
Tue Nov 21 21:36:58 2023,JCImageThread.html,genie-openj9
Tue Nov 21 21:36:58 2023,JCReleasingImage.html,genie-openj9
Tue Nov 21 21:36:58 2023,LookupKey.html,genie-openj9
Tue Nov 21 21:36:58 2023,package-summary.html,genie-openj9
Tue Nov 21 21:36:58 2023,package-tree.html,genie-openj9
Tue Nov 21 21:36:58 2023,package-use.html,genie-openj9
Tue Nov 21 21:36:58 2023,package-summary.html,genie-openj9
Tue Nov 21 21:36:58 2023,package-tree.html,genie-openj9
Tue Nov 21 21:36:58 2023,package-use.html,genie-openj9
Tue Nov 21 21:36:58 2023,JavaClass.html,genie-openj9
Tue Nov 21 21:36:58 2023,JavaClassLoader.html,genie-openj9
Tue Nov 21 21:36:58 2023,JavaField.html,genie-openj9
Tue Nov 21 21:36:58 2023,JavaHeap.html,genie-openj9
Tue Nov 21 21:36:58 2023,JavaLocation.html,genie-openj9
Tue Nov 21 21:36:58 2023,JavaMember.html,genie-openj9
Tue Nov 21 21:36:58 2023,JavaMethod.html,genie-openj9
Tue Nov 21 21:36:58 2023,JavaMonitor.html,genie-openj9
Tue Nov 21 21:36:58 2023,JavaObject.html,genie-openj9
Tue Nov 21 21:36:58 2023,JavaReference.html,genie-openj9
Tue Nov 21 21:36:58 2023,JavaRuntime.html,genie-openj9
Tue Nov 21 21:36:58 2023,JavaRuntimeMemoryCategory.html,genie-openj9
Tue Nov 21 21:36:58 2023,JavaRuntimeMemorySection.html,genie-openj9
Tue Nov 21 21:36:58 2023,JavaStackFrame.html,genie-openj9
Tue Nov 21 21:36:58 2023,JavaThread.html,genie-openj9
Tue Nov 21 21:36:58 2023,JavaVMInitArgs.html,genie-openj9
Tue Nov 21 21:36:58 2023,JavaVMOption.html,genie-openj9
Tue Nov 21 21:36:58 2023,JavaClass.html,genie-openj9
Tue Nov 21 21:36:58 2023,JavaClassLoader.html,genie-openj9
Tue Nov 21 21:36:58 2023,JavaField.html,genie-openj9
Tue Nov 21 21:36:58 2023,JavaHeap.html,genie-openj9
Tue Nov 21 21:36:58 2023,JavaLocation.html,genie-openj9
Tue Nov 21 21:36:58 2023,JavaMember.html,genie-openj9
Tue Nov 21 21:36:58 2023,JavaMethod.html,genie-openj9
Tue Nov 21 21:36:58 2023,JavaMonitor.html,genie-openj9
Tue Nov 21 21:36:58 2023,JavaObject.html,genie-openj9
Tue Nov 21 21:36:58 2023,JavaReference.html,genie-openj9
Tue Nov 21 21:36:58 2023,JavaRuntime.html,genie-openj9
Tue Nov 21 21:36:58 2023,JavaRuntimeMemoryCategory.html,genie-openj9
Tue Nov 21 21:36:58 2023,JavaRuntimeMemorySection.html,genie-openj9
Tue Nov 21 21:36:58 2023,JavaStackFrame.html,genie-openj9
Tue Nov 21 21:36:58 2023,JavaThread.html,genie-openj9
Tue Nov 21 21:36:58 2023,JavaVMInitArgs.html,genie-openj9
Tue Nov 21 21:36:58 2023,JavaVMOption.html,genie-openj9
Tue Nov 21 21:36:58 2023,JavaAbstractClass.html,genie-openj9
Tue Nov 21 21:36:58 2023,JavaArrayClass.html,genie-openj9
Tue Nov 21 21:36:58 2023,JavaClass.html,genie-openj9
Tue Nov 21 21:36:58 2023,JavaClassLoader.html,genie-openj9
Tue Nov 21 21:36:58 2023,JavaField.html,genie-openj9
Tue Nov 21 21:36:58 2023,JavaHeap.html,genie-openj9
Tue Nov 21 21:36:58 2023,JavaHeapRegion.html,genie-openj9
Tue Nov 21 21:36:58 2023,JavaInstanceField.html,genie-openj9
Tue Nov 21 21:36:58 2023,JavaLocation.html,genie-openj9
Tue Nov 21 21:36:58 2023,JavaMethod.html,genie-openj9
Tue Nov 21 21:36:58 2023,JavaMonitor.html,genie-openj9
Tue Nov 21 21:36:58 2023,JavaObject.html,genie-openj9
Tue Nov 21 21:36:58 2023,JavaReference.html,genie-openj9
Tue Nov 21 21:36:58 2023,JavaRuntime.html,genie-openj9
Tue Nov 21 21:36:58 2023,JavaStackFrame.html,genie-openj9
Tue Nov 21 21:36:58 2023,JavaStaticField.html,genie-openj9
Tue Nov 21 21:36:58 2023,JavaThread.html,genie-openj9
Tue Nov 21 21:36:58 2023,JavaVMInitArgs.html,genie-openj9
Tue Nov 21 21:36:58 2023,JavaVMOption.html,genie-openj9
Tue Nov 21 21:36:58 2023,TraceBuffer.html,genie-openj9
Tue Nov 21 21:36:58 2023,JavaAbstractClass.html,genie-openj9
Tue Nov 21 21:36:58 2023,JavaArrayClass.html,genie-openj9
Tue Nov 21 21:36:58 2023,JavaClass.html,genie-openj9
Tue Nov 21 21:36:58 2023,JavaClassLoader.html,genie-openj9
Tue Nov 21 21:36:58 2023,JavaField.html,genie-openj9
Tue Nov 21 21:36:58 2023,JavaHeap.html,genie-openj9
Tue Nov 21 21:36:58 2023,JavaHeapRegion.html,genie-openj9
Tue Nov 21 21:36:58 2023,JavaInstanceField.html,genie-openj9
Tue Nov 21 21:36:58 2023,JavaLocation.html,genie-openj9
Tue Nov 21 21:36:58 2023,JavaMethod.html,genie-openj9
Tue Nov 21 21:36:58 2023,JavaMonitor.html,genie-openj9
Tue Nov 21 21:36:58 2023,JavaObject.html,genie-openj9
Tue Nov 21 21:36:58 2023,JavaReference.html,genie-openj9
Tue Nov 21 21:36:58 2023,JavaRuntime.html,genie-openj9
Tue Nov 21 21:36:58 2023,JavaStackFrame.html,genie-openj9
Tue Nov 21 21:36:58 2023,JavaStaticField.html,genie-openj9
Tue Nov 21 21:36:58 2023,JavaThread.html,genie-openj9
Tue Nov 21 21:36:58 2023,JavaVMInitArgs.html,genie-openj9
Tue Nov 21 21:36:58 2023,JavaVMOption.html,genie-openj9
Tue Nov 21 21:36:58 2023,TraceBuffer.html,genie-openj9
Tue Nov 21 21:36:58 2023,package-summary.html,genie-openj9
Tue Nov 21 21:36:58 2023,package-tree.html,genie-openj9
Tue Nov 21 21:36:58 2023,package-use.html,genie-openj9
Tue Nov 21 21:36:58 2023,JCInvalidArgumentsException.html,genie-openj9
Tue Nov 21 21:36:58 2023,JCJavaClass.html,genie-openj9
Tue Nov 21 21:36:58 2023,JCJavaClassLoader.html,genie-openj9
Tue Nov 21 21:36:58 2023,JCJavaLocation.html,genie-openj9
Tue Nov 21 21:36:58 2023,JCJavaMethod.html,genie-openj9
Tue Nov 21 21:36:58 2023,JCJavaMonitor.html,genie-openj9
Tue Nov 21 21:36:58 2023,JCJavaObject.html,genie-openj9
Tue Nov 21 21:36:58 2023,JCJavaRuntime.html,genie-openj9
Tue Nov 21 21:36:58 2023,JCJavaRuntimeMemoryCategory.html,genie-openj9
Tue Nov 21 21:36:58 2023,JCJavaStackFrame.html,genie-openj9
Tue Nov 21 21:36:58 2023,JCJavaThread.html,genie-openj9
Tue Nov 21 21:36:58 2023,JCJavaVMInitArgs.html,genie-openj9
Tue Nov 21 21:36:58 2023,JCJavaVMOption.html,genie-openj9
Tue Nov 21 21:36:58 2023,JCInvalidArgumentsException.html,genie-openj9
Tue Nov 21 21:36:58 2023,JCJavaClass.html,genie-openj9
Tue Nov 21 21:36:58 2023,JCJavaClassLoader.html,genie-openj9
Tue Nov 21 21:36:58 2023,JCJavaLocation.html,genie-openj9
Tue Nov 21 21:36:58 2023,JCJavaMethod.html,genie-openj9
Tue Nov 21 21:36:58 2023,JCJavaMonitor.html,genie-openj9
Tue Nov 21 21:36:58 2023,JCJavaObject.html,genie-openj9
Tue Nov 21 21:36:58 2023,JCJavaRuntime.html,genie-openj9
Tue Nov 21 21:36:58 2023,JCJavaRuntimeMemoryCategory.html,genie-openj9
Tue Nov 21 21:36:58 2023,JCJavaStackFrame.html,genie-openj9
Tue Nov 21 21:36:58 2023,JCJavaThread.html,genie-openj9
Tue Nov 21 21:36:58 2023,JCJavaVMInitArgs.html,genie-openj9
Tue Nov 21 21:36:58 2023,JCJavaVMOption.html,genie-openj9
Tue Nov 21 21:36:58 2023,package-summary.html,genie-openj9
Tue Nov 21 21:36:58 2023,package-tree.html,genie-openj9
Tue Nov 21 21:36:58 2023,package-use.html,genie-openj9
Tue Nov 21 21:36:58 2023,package-summary.html,genie-openj9
Tue Nov 21 21:36:58 2023,package-tree.html,genie-openj9
Tue Nov 21 21:36:58 2023,package-use.html,genie-openj9
Tue Nov 21 21:36:58 2023,BuilderFailureException.html,genie-openj9
Tue Nov 21 21:36:58 2023,IBuilderData.html,genie-openj9
Tue Nov 21 21:36:58 2023,IImageAddressSpaceBuilder.html,genie-openj9
Tue Nov 21 21:36:58 2023,IImageBuilder.html,genie-openj9
Tue Nov 21 21:36:58 2023,IImageBuilderFactory.html,genie-openj9
Tue Nov 21 21:36:58 2023,IImageProcessBuilder.html,genie-openj9
Tue Nov 21 21:36:58 2023,IJavaRuntimeBuilder.html,genie-openj9
Tue Nov 21 21:36:58 2023,BuilderFailureException.html,genie-openj9
Tue Nov 21 21:36:58 2023,IBuilderData.html,genie-openj9
Tue Nov 21 21:36:58 2023,IImageAddressSpaceBuilder.html,genie-openj9
Tue Nov 21 21:36:58 2023,IImageBuilder.html,genie-openj9
Tue Nov 21 21:36:58 2023,IImageBuilderFactory.html,genie-openj9
Tue Nov 21 21:36:58 2023,IImageProcessBuilder.html,genie-openj9
Tue Nov 21 21:36:58 2023,IJavaRuntimeBuilder.html,genie-openj9
Tue Nov 21 21:36:58 2023,AbstractBuilderComponent.html,genie-openj9
Tue Nov 21 21:36:58 2023,BuilderContainer.html,genie-openj9
Tue Nov 21 21:36:58 2023,ImageAddressSpaceBuilder.html,genie-openj9
Tue Nov 21 21:36:58 2023,ImageBuilder.html,genie-openj9
Tue Nov 21 21:36:58 2023,ImageBuilderFactory.html,genie-openj9
Tue Nov 21 21:36:58 2023,ImageProcessBuilder.html,genie-openj9
Tue Nov 21 21:36:58 2023,JavaRuntimeBuilder.html,genie-openj9
Tue Nov 21 21:36:58 2023,AbstractBuilderComponent.html,genie-openj9
Tue Nov 21 21:36:58 2023,BuilderContainer.html,genie-openj9
Tue Nov 21 21:36:58 2023,ImageAddressSpaceBuilder.html,genie-openj9
Tue Nov 21 21:36:58 2023,ImageBuilder.html,genie-openj9
Tue Nov 21 21:36:58 2023,ImageBuilderFactory.html,genie-openj9
Tue Nov 21 21:36:58 2023,ImageProcessBuilder.html,genie-openj9
Tue Nov 21 21:36:58 2023,JavaRuntimeBuilder.html,genie-openj9
Tue Nov 21 21:36:58 2023,package-summary.html,genie-openj9
Tue Nov 21 21:36:58 2023,package-tree.html,genie-openj9
Tue Nov 21 21:36:58 2023,package-use.html,genie-openj9
Tue Nov 21 21:36:58 2023,package-summary.html,genie-openj9
Tue Nov 21 21:36:58 2023,package-tree.html,genie-openj9
Tue Nov 21 21:36:58 2023,package-use.html,genie-openj9
Tue Nov 21 21:36:58 2023,MissingComponentException.html,genie-openj9
Tue Nov 21 21:36:58 2023,Section.html,genie-openj9
Tue Nov 21 21:36:58 2023,MissingComponentException.html,genie-openj9
Tue Nov 21 21:36:58 2023,Section.html,genie-openj9
Tue Nov 21 21:36:58 2023,IInputBuffer.html,genie-openj9
Tue Nov 21 21:36:58 2023,JavaCoreFileReader.html,genie-openj9
Tue Nov 21 21:36:58 2023,LineJavaCoreInputBuffer.html,genie-openj9
Tue Nov 21 21:36:58 2023,OffsetBasedJavaCoreInputBuffer.html,genie-openj9
Tue Nov 21 21:36:58 2023,IInputBuffer.html,genie-openj9
Tue Nov 21 21:36:58 2023,JavaCoreFileReader.html,genie-openj9
Tue Nov 21 21:36:58 2023,LineJavaCoreInputBuffer.html,genie-openj9
Tue Nov 21 21:36:58 2023,OffsetBasedJavaCoreInputBuffer.html,genie-openj9
Tue Nov 21 21:36:58 2023,package-summary.html,genie-openj9
Tue Nov 21 21:36:58 2023,package-tree.html,genie-openj9
Tue Nov 21 21:36:58 2023,package-use.html,genie-openj9
Tue Nov 21 21:36:58 2023,package-summary.html,genie-openj9
Tue Nov 21 21:36:58 2023,package-tree.html,genie-openj9
Tue Nov 21 21:36:58 2023,package-use.html,genie-openj9
Tue Nov 21 21:36:58 2023,IErrorListener.html,genie-openj9
Tue Nov 21 21:36:58 2023,ILookAheadBuffer.html,genie-openj9
Tue Nov 21 21:36:58 2023,IParserController.html,genie-openj9
Tue Nov 21 21:36:58 2023,ISectionParser.html,genie-openj9
Tue Nov 21 21:36:58 2023,ParserException.html,genie-openj9
Tue Nov 21 21:36:58 2023,IErrorListener.html,genie-openj9
Tue Nov 21 21:36:58 2023,ILookAheadBuffer.html,genie-openj9
Tue Nov 21 21:36:58 2023,IParserController.html,genie-openj9
Tue Nov 21 21:36:58 2023,ISectionParser.html,genie-openj9
Tue Nov 21 21:36:58 2023,ParserException.html,genie-openj9
Tue Nov 21 21:36:58 2023,package-summary.html,genie-openj9
Tue Nov 21 21:36:58 2023,package-tree.html,genie-openj9
Tue Nov 21 21:36:58 2023,package-use.html,genie-openj9
Tue Nov 21 21:36:58 2023,IGeneralTokenTypes.html,genie-openj9
Tue Nov 21 21:36:58 2023,IParserToken.html,genie-openj9
Tue Nov 21 21:36:58 2023,IScanner.html,genie-openj9
Tue Nov 21 21:36:58 2023,IScannerManager.html,genie-openj9
Tue Nov 21 21:36:58 2023,JavaCoreScanner.html,genie-openj9
Tue Nov 21 21:36:58 2023,LookAheadBuffer.html,genie-openj9
Tue Nov 21 21:36:58 2023,ParserToken.html,genie-openj9
Tue Nov 21 21:36:58 2023,ScannerException.html,genie-openj9
Tue Nov 21 21:36:58 2023,ScannerManager.html,genie-openj9
Tue Nov 21 21:36:58 2023,TokenManager.html,genie-openj9
Tue Nov 21 21:36:58 2023,IGeneralTokenTypes.html,genie-openj9
Tue Nov 21 21:36:58 2023,IParserToken.html,genie-openj9
Tue Nov 21 21:36:58 2023,IScanner.html,genie-openj9
Tue Nov 21 21:36:58 2023,IScannerManager.html,genie-openj9
Tue Nov 21 21:36:58 2023,JavaCoreScanner.html,genie-openj9
Tue Nov 21 21:36:58 2023,LookAheadBuffer.html,genie-openj9
Tue Nov 21 21:36:58 2023,ParserToken.html,genie-openj9
Tue Nov 21 21:36:58 2023,ScannerException.html,genie-openj9
Tue Nov 21 21:36:58 2023,ScannerManager.html,genie-openj9
Tue Nov 21 21:36:58 2023,TokenManager.html,genie-openj9
Tue Nov 21 21:36:58 2023,package-summary.html,genie-openj9
Tue Nov 21 21:36:58 2023,package-tree.html,genie-openj9
Tue Nov 21 21:36:58 2023,package-use.html,genie-openj9
Tue Nov 21 21:36:58 2023,ILineRule.html,genie-openj9
Tue Nov 21 21:36:58 2023,ITagAttributeResult.html,genie-openj9
Tue Nov 21 21:36:58 2023,ITagManager.html,genie-openj9
Tue Nov 21 21:36:58 2023,ITagParser.html,genie-openj9
Tue Nov 21 21:36:58 2023,LineRule.html,genie-openj9
Tue Nov 21 21:36:58 2023,MissingPatternListException.html,genie-openj9
Tue Nov 21 21:36:58 2023,TagAttributeResult.html,genie-openj9
Tue Nov 21 21:36:58 2023,TagParser.html,genie-openj9
Tue Nov 21 21:36:58 2023,ILineRule.html,genie-openj9
Tue Nov 21 21:36:58 2023,ITagAttributeResult.html,genie-openj9
Tue Nov 21 21:36:58 2023,ITagManager.html,genie-openj9
Tue Nov 21 21:36:58 2023,ITagParser.html,genie-openj9
Tue Nov 21 21:36:58 2023,LineRule.html,genie-openj9
Tue Nov 21 21:36:58 2023,MissingPatternListException.html,genie-openj9
Tue Nov 21 21:36:58 2023,TagAttributeResult.html,genie-openj9
Tue Nov 21 21:36:58 2023,TagParser.html,genie-openj9
Tue Nov 21 21:36:58 2023,package-summary.html,genie-openj9
Tue Nov 21 21:36:58 2023,package-tree.html,genie-openj9
Tue Nov 21 21:36:58 2023,package-use.html,genie-openj9
Tue Nov 21 21:36:58 2023,AttributeValueMapFactory.html,genie-openj9
Tue Nov 21 21:36:58 2023,DTFJComponentLoader.html,genie-openj9
Tue Nov 21 21:36:58 2023,IAttributeValueMap.html,genie-openj9
Tue Nov 21 21:36:58 2023,ITagSubSection.html,genie-openj9
Tue Nov 21 21:36:58 2023,J9TagManager.html,genie-openj9
Tue Nov 21 21:36:58 2023,JavaCoreAttributeValueMap.html,genie-openj9
Tue Nov 21 21:36:58 2023,JavaCoreReader.html,genie-openj9
Tue Nov 21 21:36:58 2023,JavaCoreResourceReleaser.html,genie-openj9
Tue Nov 21 21:36:58 2023,ParserController.html,genie-openj9
Tue Nov 21 21:36:58 2023,SectionParser.html,genie-openj9
Tue Nov 21 21:36:58 2023,SectionParserGrammar.html,genie-openj9
Tue Nov 21 21:36:58 2023,SovereignParserPartManager.html,genie-openj9
Tue Nov 21 21:36:58 2023,SovereignSectionParserPart.html,genie-openj9
Tue Nov 21 21:36:58 2023,AttributeValueMapFactory.html,genie-openj9
Tue Nov 21 21:36:58 2023,DTFJComponentLoader.html,genie-openj9
Tue Nov 21 21:36:58 2023,IAttributeValueMap.html,genie-openj9
Tue Nov 21 21:36:58 2023,ITagSubSection.html,genie-openj9
Tue Nov 21 21:36:58 2023,J9TagManager.html,genie-openj9
Tue Nov 21 21:36:58 2023,JavaCoreAttributeValueMap.html,genie-openj9
Tue Nov 21 21:36:58 2023,JavaCoreReader.html,genie-openj9
Tue Nov 21 21:36:58 2023,JavaCoreResourceReleaser.html,genie-openj9
Tue Nov 21 21:36:58 2023,ParserController.html,genie-openj9
Tue Nov 21 21:36:58 2023,SectionParser.html,genie-openj9
Tue Nov 21 21:36:58 2023,SectionParserGrammar.html,genie-openj9
Tue Nov 21 21:36:58 2023,SovereignParserPartManager.html,genie-openj9
Tue Nov 21 21:36:58 2023,SovereignSectionParserPart.html,genie-openj9
Tue Nov 21 21:36:58 2023,package-summary.html,genie-openj9
Tue Nov 21 21:36:58 2023,package-tree.html,genie-openj9
Tue Nov 21 21:36:58 2023,package-use.html,genie-openj9
Tue Nov 21 21:36:58 2023,RegisteredComponents.html,genie-openj9
Tue Nov 21 21:36:58 2023,RegisteredSections.html,genie-openj9
Tue Nov 21 21:36:58 2023,RegisteredComponents.html,genie-openj9
Tue Nov 21 21:36:58 2023,RegisteredSections.html,genie-openj9
Tue Nov 21 21:36:58 2023,package-summary.html,genie-openj9
Tue Nov 21 21:36:58 2023,package-tree.html,genie-openj9
Tue Nov 21 21:36:58 2023,package-use.html,genie-openj9
Tue Nov 21 21:36:58 2023,ClassLoaderLineRule.html,genie-openj9
Tue Nov 21 21:36:58 2023,ClassLoaderPatternMatchers.html,genie-openj9
Tue Nov 21 21:36:58 2023,ClassLoaderSectionParser.html,genie-openj9
Tue Nov 21 21:36:58 2023,ClassLoaderTagParser.html,genie-openj9
Tue Nov 21 21:36:58 2023,IClassLoaderTypes.html,genie-openj9
Tue Nov 21 21:36:58 2023,ClassLoaderLineRule.html,genie-openj9
Tue Nov 21 21:36:58 2023,ClassLoaderPatternMatchers.html,genie-openj9
Tue Nov 21 21:36:58 2023,ClassLoaderSectionParser.html,genie-openj9
Tue Nov 21 21:36:58 2023,ClassLoaderTagParser.html,genie-openj9
Tue Nov 21 21:36:58 2023,IClassLoaderTypes.html,genie-openj9
Tue Nov 21 21:36:58 2023,package-summary.html,genie-openj9
Tue Nov 21 21:36:58 2023,package-tree.html,genie-openj9
Tue Nov 21 21:36:58 2023,package-use.html,genie-openj9
Tue Nov 21 21:36:58 2023,CommonPatternMatchers.html,genie-openj9
Tue Nov 21 21:36:58 2023,CommonTagParser.html,genie-openj9
Tue Nov 21 21:36:58 2023,ICommonTypes.html,genie-openj9
Tue Nov 21 21:36:58 2023,PointerSizeLineRule.html,genie-openj9
Tue Nov 21 21:36:58 2023,CommonPatternMatchers.html,genie-openj9
Tue Nov 21 21:36:58 2023,CommonTagParser.html,genie-openj9
Tue Nov 21 21:36:58 2023,ICommonTypes.html,genie-openj9
Tue Nov 21 21:36:58 2023,PointerSizeLineRule.html,genie-openj9
Tue Nov 21 21:36:58 2023,package-summary.html,genie-openj9
Tue Nov 21 21:36:58 2023,package-tree.html,genie-openj9
Tue Nov 21 21:36:58 2023,package-use.html,genie-openj9
Tue Nov 21 21:36:58 2023,EnvironmentSectionParser.html,genie-openj9
Tue Nov 21 21:36:58 2023,EnvironmentTagParser.html,genie-openj9
Tue Nov 21 21:36:58 2023,IEnvironmentTypes.html,genie-openj9
Tue Nov 21 21:36:58 2023,EnvironmentSectionParser.html,genie-openj9
Tue Nov 21 21:36:58 2023,EnvironmentTagParser.html,genie-openj9
Tue Nov 21 21:36:58 2023,IEnvironmentTypes.html,genie-openj9
Tue Nov 21 21:36:58 2023,package-summary.html,genie-openj9
Tue Nov 21 21:36:58 2023,package-tree.html,genie-openj9
Tue Nov 21 21:36:58 2023,package-use.html,genie-openj9
Tue Nov 21 21:36:58 2023,IMemoryTypes.html,genie-openj9
Tue Nov 21 21:36:58 2023,MemorySectionParser.html,genie-openj9
Tue Nov 21 21:36:58 2023,MemoryTagParser.html,genie-openj9
Tue Nov 21 21:36:58 2023,IMemoryTypes.html,genie-openj9
Tue Nov 21 21:36:58 2023,MemorySectionParser.html,genie-openj9
Tue Nov 21 21:36:58 2023,MemoryTagParser.html,genie-openj9
Tue Nov 21 21:36:58 2023,package-summary.html,genie-openj9
Tue Nov 21 21:36:58 2023,package-tree.html,genie-openj9
Tue Nov 21 21:36:58 2023,package-use.html,genie-openj9
Tue Nov 21 21:36:58 2023,IMonitorTypes.html,genie-openj9
Tue Nov 21 21:36:58 2023,IMonitorTypesSov.html,genie-openj9
Tue Nov 21 21:36:58 2023,MonitorObjectLineRule.html,genie-openj9
Tue Nov 21 21:36:58 2023,MonitorPatternMatchers.html,genie-openj9
Tue Nov 21 21:36:58 2023,MonitorSectionParser.html,genie-openj9
Tue Nov 21 21:36:58 2023,MonitorSovSectionParserPart.html,genie-openj9
Tue Nov 21 21:36:58 2023,MonitorTagParser.html,genie-openj9
Tue Nov 21 21:36:58 2023,IMonitorTypes.html,genie-openj9
Tue Nov 21 21:36:58 2023,IMonitorTypesSov.html,genie-openj9
Tue Nov 21 21:36:58 2023,MonitorObjectLineRule.html,genie-openj9
Tue Nov 21 21:36:58 2023,MonitorPatternMatchers.html,genie-openj9
Tue Nov 21 21:36:58 2023,MonitorSectionParser.html,genie-openj9
Tue Nov 21 21:36:58 2023,MonitorSovSectionParserPart.html,genie-openj9
Tue Nov 21 21:36:58 2023,MonitorTagParser.html,genie-openj9
Tue Nov 21 21:36:58 2023,package-summary.html,genie-openj9
Tue Nov 21 21:36:58 2023,package-tree.html,genie-openj9
Tue Nov 21 21:36:58 2023,package-use.html,genie-openj9
Tue Nov 21 21:36:58 2023,INativeMemoryTypes.html,genie-openj9
Tue Nov 21 21:36:58 2023,NativeMemoryPatternMatchers.html,genie-openj9
Tue Nov 21 21:36:58 2023,NativeMemorySectionParser.html,genie-openj9
Tue Nov 21 21:36:58 2023,NativeMemoryTagParser.html,genie-openj9
Tue Nov 21 21:36:58 2023,INativeMemoryTypes.html,genie-openj9
Tue Nov 21 21:36:58 2023,NativeMemoryPatternMatchers.html,genie-openj9
Tue Nov 21 21:36:58 2023,NativeMemorySectionParser.html,genie-openj9
Tue Nov 21 21:36:58 2023,NativeMemoryTagParser.html,genie-openj9
Tue Nov 21 21:36:58 2023,package-summary.html,genie-openj9
Tue Nov 21 21:36:58 2023,package-tree.html,genie-openj9
Tue Nov 21 21:36:58 2023,package-use.html,genie-openj9
Tue Nov 21 21:36:58 2023,IPlatformTypes.html,genie-openj9
Tue Nov 21 21:36:58 2023,PlatformPatternMatchers.html,genie-openj9
Tue Nov 21 21:36:58 2023,PlatformSectionParser.html,genie-openj9
Tue Nov 21 21:36:58 2023,PlatformTagParser.html,genie-openj9
Tue Nov 21 21:36:58 2023,IPlatformTypes.html,genie-openj9
Tue Nov 21 21:36:58 2023,PlatformPatternMatchers.html,genie-openj9
Tue Nov 21 21:36:58 2023,PlatformSectionParser.html,genie-openj9
Tue Nov 21 21:36:58 2023,PlatformTagParser.html,genie-openj9
Tue Nov 21 21:36:58 2023,package-summary.html,genie-openj9
Tue Nov 21 21:36:58 2023,package-tree.html,genie-openj9
Tue Nov 21 21:36:58 2023,package-use.html,genie-openj9
Tue Nov 21 21:36:58 2023,IStackTypes.html,genie-openj9
Tue Nov 21 21:36:58 2023,StackSectionParser.html,genie-openj9
Tue Nov 21 21:36:58 2023,StackTagParser.html,genie-openj9
Tue Nov 21 21:36:58 2023,IStackTypes.html,genie-openj9
Tue Nov 21 21:36:58 2023,StackSectionParser.html,genie-openj9
Tue Nov 21 21:36:58 2023,StackTagParser.html,genie-openj9
Tue Nov 21 21:36:58 2023,package-summary.html,genie-openj9
Tue Nov 21 21:36:58 2023,package-tree.html,genie-openj9
Tue Nov 21 21:36:58 2023,package-use.html,genie-openj9
Tue Nov 21 21:36:58 2023,IThreadTypes.html,genie-openj9
Tue Nov 21 21:36:58 2023,IThreadTypesSov.html,genie-openj9
Tue Nov 21 21:36:58 2023,NativeStackTraceLineRule.html,genie-openj9
Tue Nov 21 21:36:58 2023,StackTraceLineRule.html,genie-openj9
Tue Nov 21 21:36:58 2023,ThreadInfoLineRule.html,genie-openj9
Tue Nov 21 21:36:58 2023,ThreadPatternMatchers.html,genie-openj9
Tue Nov 21 21:36:58 2023,ThreadSectionParser.html,genie-openj9
Tue Nov 21 21:36:58 2023,ThreadSovSectionParserPart.html,genie-openj9
Tue Nov 21 21:36:58 2023,ThreadTagParser.html,genie-openj9
Tue Nov 21 21:36:58 2023,IThreadTypes.html,genie-openj9
Tue Nov 21 21:36:58 2023,IThreadTypesSov.html,genie-openj9
Tue Nov 21 21:36:58 2023,NativeStackTraceLineRule.html,genie-openj9
Tue Nov 21 21:36:58 2023,StackTraceLineRule.html,genie-openj9
Tue Nov 21 21:36:58 2023,ThreadInfoLineRule.html,genie-openj9
Tue Nov 21 21:36:58 2023,ThreadPatternMatchers.html,genie-openj9
Tue Nov 21 21:36:58 2023,ThreadSectionParser.html,genie-openj9
Tue Nov 21 21:36:58 2023,ThreadSovSectionParserPart.html,genie-openj9
Tue Nov 21 21:36:58 2023,ThreadTagParser.html,genie-openj9
Tue Nov 21 21:36:58 2023,package-summary.html,genie-openj9
Tue Nov 21 21:36:58 2023,package-tree.html,genie-openj9
Tue Nov 21 21:36:58 2023,package-use.html,genie-openj9
Tue Nov 21 21:36:58 2023,ITitleTypes.html,genie-openj9
Tue Nov 21 21:36:58 2023,TitleSectionParser.html,genie-openj9
Tue Nov 21 21:36:58 2023,TitleTagParser.html,genie-openj9
Tue Nov 21 21:36:58 2023,ITitleTypes.html,genie-openj9
Tue Nov 21 21:36:58 2023,TitleSectionParser.html,genie-openj9
Tue Nov 21 21:36:58 2023,TitleTagParser.html,genie-openj9
Tue Nov 21 21:36:58 2023,package-summary.html,genie-openj9
Tue Nov 21 21:36:58 2023,package-tree.html,genie-openj9
Tue Nov 21 21:36:58 2023,package-use.html,genie-openj9
Tue Nov 21 21:36:58 2023,PHDCorruptData.html,genie-openj9
Tue Nov 21 21:36:58 2023,PHDCorruptImageModule.html,genie-openj9
Tue Nov 21 21:36:58 2023,PHDCorruptImageStackFrame.html,genie-openj9
Tue Nov 21 21:36:58 2023,PHDCorruptImageThread.html,genie-openj9
Tue Nov 21 21:36:58 2023,PHDCorruptJavaLocation.html,genie-openj9
Tue Nov 21 21:36:58 2023,PHDCorruptJavaMonitor.html,genie-openj9
Tue Nov 21 21:36:58 2023,PHDCorruptJavaStackFrame.html,genie-openj9
Tue Nov 21 21:36:58 2023,PHDCorruptJavaThread.html,genie-openj9
Tue Nov 21 21:36:58 2023,PHDImage.html,genie-openj9
Tue Nov 21 21:36:58 2023,PHDImageFactory.html,genie-openj9
Tue Nov 21 21:36:58 2023,PHDImageModule.html,genie-openj9
Tue Nov 21 21:36:58 2023,PHDImageStackFrame.html,genie-openj9
Tue Nov 21 21:36:58 2023,PHDImageThread.html,genie-openj9
Tue Nov 21 21:36:58 2023,PHDJavaLocation.html,genie-openj9
Tue Nov 21 21:36:58 2023,PHDJavaMethod.html,genie-openj9
Tue Nov 21 21:36:58 2023,PHDJavaMonitor.html,genie-openj9
Tue Nov 21 21:36:58 2023,PHDJavaObject.Builder.html,genie-openj9
Tue Nov 21 21:36:58 2023,PHDJavaObject.html,genie-openj9
Tue Nov 21 21:36:58 2023,PHDJavaStackFrame.html,genie-openj9
Tue Nov 21 21:36:58 2023,PHDJavaThread.html,genie-openj9
Tue Nov 21 21:36:58 2023,PHDCorruptData.html,genie-openj9
Tue Nov 21 21:36:58 2023,PHDCorruptImageModule.html,genie-openj9
Tue Nov 21 21:36:58 2023,PHDCorruptImageStackFrame.html,genie-openj9
Tue Nov 21 21:36:58 2023,PHDCorruptImageThread.html,genie-openj9
Tue Nov 21 21:36:58 2023,PHDCorruptJavaLocation.html,genie-openj9
Tue Nov 21 21:36:58 2023,PHDCorruptJavaMonitor.html,genie-openj9
Tue Nov 21 21:36:58 2023,PHDCorruptJavaStackFrame.html,genie-openj9
Tue Nov 21 21:36:58 2023,PHDCorruptJavaThread.html,genie-openj9
Tue Nov 21 21:36:58 2023,PHDImage.html,genie-openj9
Tue Nov 21 21:36:58 2023,PHDImageFactory.html,genie-openj9
Tue Nov 21 21:36:58 2023,PHDImageModule.html,genie-openj9
Tue Nov 21 21:36:58 2023,PHDImageStackFrame.html,genie-openj9
Tue Nov 21 21:36:58 2023,PHDImageThread.html,genie-openj9
Tue Nov 21 21:36:58 2023,PHDJavaLocation.html,genie-openj9
Tue Nov 21 21:36:58 2023,PHDJavaMethod.html,genie-openj9
Tue Nov 21 21:36:58 2023,PHDJavaMonitor.html,genie-openj9
Tue Nov 21 21:36:58 2023,PHDJavaObject.Builder.html,genie-openj9
Tue Nov 21 21:36:58 2023,PHDJavaObject.html,genie-openj9
Tue Nov 21 21:36:58 2023,PHDJavaStackFrame.html,genie-openj9
Tue Nov 21 21:36:58 2023,PHDJavaThread.html,genie-openj9
Tue Nov 21 21:36:58 2023,package-summary.html,genie-openj9
Tue Nov 21 21:36:58 2023,package-tree.html,genie-openj9
Tue Nov 21 21:36:58 2023,package-use.html,genie-openj9
Tue Nov 21 21:36:58 2023,Base.html,genie-openj9
Tue Nov 21 21:36:58 2023,HeapdumpReader.html,genie-openj9
Tue Nov 21 21:36:58 2023,HeapdumpWriter.html,genie-openj9
Tue Nov 21 21:36:58 2023,PortableHeapDumpListener.html,genie-openj9
Tue Nov 21 21:36:58 2023,PrintHeapdump.html,genie-openj9
Tue Nov 21 21:36:58 2023,Base.html,genie-openj9
Tue Nov 21 21:36:58 2023,HeapdumpReader.html,genie-openj9
Tue Nov 21 21:36:58 2023,HeapdumpWriter.html,genie-openj9
Tue Nov 21 21:36:58 2023,PortableHeapDumpListener.html,genie-openj9
Tue Nov 21 21:36:58 2023,PrintHeapdump.html,genie-openj9
Tue Nov 21 21:36:58 2023,package-summary.html,genie-openj9
Tue Nov 21 21:36:58 2023,package-tree.html,genie-openj9
Tue Nov 21 21:36:58 2023,package-use.html,genie-openj9
Tue Nov 21 21:36:58 2023,BitStream.html,genie-openj9
Tue Nov 21 21:36:58 2023,BufferedNumberStream.html,genie-openj9
Tue Nov 21 21:36:58 2023,LongArray.html,genie-openj9
Tue Nov 21 21:36:58 2023,LongEnumeration.html,genie-openj9
Tue Nov 21 21:36:58 2023,NumberStream.html,genie-openj9
Tue Nov 21 21:36:58 2023,PrimitiveArray.html,genie-openj9
Tue Nov 21 21:36:58 2023,SortListener.html,genie-openj9
Tue Nov 21 21:36:58 2023,SortedNumberStream.html,genie-openj9
Tue Nov 21 21:36:58 2023,BitStream.html,genie-openj9
Tue Nov 21 21:36:58 2023,BufferedNumberStream.html,genie-openj9
Tue Nov 21 21:36:58 2023,LongArray.html,genie-openj9
Tue Nov 21 21:36:58 2023,LongEnumeration.html,genie-openj9
Tue Nov 21 21:36:58 2023,NumberStream.html,genie-openj9
Tue Nov 21 21:36:58 2023,PrimitiveArray.html,genie-openj9
Tue Nov 21 21:36:58 2023,SortListener.html,genie-openj9
Tue Nov 21 21:36:58 2023,SortedNumberStream.html,genie-openj9
Tue Nov 21 21:36:58 2023,package-summary.html,genie-openj9
Tue Nov 21 21:36:58 2023,package-tree.html,genie-openj9
Tue Nov 21 21:36:58 2023,package-use.html,genie-openj9
Tue Nov 21 21:36:58 2023,ManagedRuntime.html,genie-openj9
Tue Nov 21 21:36:58 2023,ManagedRuntime.html,genie-openj9
Tue Nov 21 21:36:58 2023,package-summary.html,genie-openj9
Tue Nov 21 21:36:58 2023,package-tree.html,genie-openj9
Tue Nov 21 21:36:58 2023,package-use.html,genie-openj9
Tue Nov 21 21:36:58 2023,ManagedImage.html,genie-openj9
Tue Nov 21 21:36:58 2023,ManagedImage.html,genie-openj9
Tue Nov 21 21:36:58 2023,CompressedFileManager.html,genie-openj9
Tue Nov 21 21:36:58 2023,FileManager.html,genie-openj9
Tue Nov 21 21:36:58 2023,FileSniffer.CoreFormatType.html,genie-openj9
Tue Nov 21 21:36:58 2023,FileSniffer.html,genie-openj9
Tue Nov 21 21:36:58 2023,GZipFileManager.html,genie-openj9
Tue Nov 21 21:36:58 2023,ImageSourceType.html,genie-openj9
Tue Nov 21 21:36:58 2023,J9FileImageInputStream.html,genie-openj9
Tue Nov 21 21:36:58 2023,ManagedImageSource.html,genie-openj9
Tue Nov 21 21:36:58 2023,MultipleCandidateException.html,genie-openj9
Tue Nov 21 21:36:58 2023,SimpleFileManager.html,genie-openj9
Tue Nov 21 21:36:58 2023,UnzipFailedException.html,genie-openj9
Tue Nov 21 21:36:58 2023,ZipFileManager.html,genie-openj9
Tue Nov 21 21:36:58 2023,ZipMemoryCacheImageInputStream.html,genie-openj9
Tue Nov 21 21:36:58 2023,CompressedFileManager.html,genie-openj9
Tue Nov 21 21:36:58 2023,FileManager.html,genie-openj9
Tue Nov 21 21:36:58 2023,FileSniffer.CoreFormatType.html,genie-openj9
Tue Nov 21 21:36:58 2023,FileSniffer.html,genie-openj9
Tue Nov 21 21:36:58 2023,GZipFileManager.html,genie-openj9
Tue Nov 21 21:36:58 2023,ImageSourceType.html,genie-openj9
Tue Nov 21 21:36:58 2023,J9FileImageInputStream.html,genie-openj9
Tue Nov 21 21:36:58 2023,ManagedImageSource.html,genie-openj9
Tue Nov 21 21:36:58 2023,MultipleCandidateException.html,genie-openj9
Tue Nov 21 21:36:58 2023,SimpleFileManager.html,genie-openj9
Tue Nov 21 21:36:58 2023,UnzipFailedException.html,genie-openj9
Tue Nov 21 21:36:58 2023,ZipFileManager.html,genie-openj9
Tue Nov 21 21:36:58 2023,ZipMemoryCacheImageInputStream.html,genie-openj9
Tue Nov 21 21:36:58 2023,package-summary.html,genie-openj9
Tue Nov 21 21:36:58 2023,package-tree.html,genie-openj9
Tue Nov 21 21:36:58 2023,package-use.html,genie-openj9
Tue Nov 21 21:36:58 2023,package-summary.html,genie-openj9
Tue Nov 21 21:36:58 2023,package-tree.html,genie-openj9
Tue Nov 21 21:36:58 2023,package-use.html,genie-openj9
Tue Nov 21 21:36:58 2023,AddressedCorruptDataException.html,genie-openj9
Tue Nov 21 21:36:58 2023,BytecodeGenerator.html,genie-openj9
Tue Nov 21 21:36:58 2023,CTypeParser.html,genie-openj9
Tue Nov 21 21:36:58 2023,CorruptDataException.html,genie-openj9
Tue Nov 21 21:36:58 2023,DDRSymbolFinder.html,genie-openj9
Tue Nov 21 21:36:58 2023,DataUnavailableException.html,genie-openj9
Tue Nov 21 21:36:58 2023,GeneratedFieldAccessor.html,genie-openj9
Tue Nov 21 21:36:58 2023,GeneratedPointerClass.html,genie-openj9
Tue Nov 21 21:36:58 2023,IBootstrapRunnable.html,genie-openj9
Tue Nov 21 21:36:58 2023,IVMData.html,genie-openj9
Tue Nov 21 21:36:58 2023,InvalidDataTypeException.html,genie-openj9
Tue Nov 21 21:36:58 2023,J9DDRClassLoader.html,genie-openj9
Tue Nov 21 21:36:58 2023,NoSuchFieldException.html,genie-openj9
Tue Nov 21 21:36:58 2023,NullPointerDereference.html,genie-openj9
Tue Nov 21 21:36:58 2023,StructureHeader.BlobID.html,genie-openj9
Tue Nov 21 21:36:58 2023,StructureHeader.html,genie-openj9
Tue Nov 21 21:36:58 2023,StructureReader.ConstantDescriptor.html,genie-openj9
Tue Nov 21 21:36:58 2023,StructureReader.FieldDescriptor.html,genie-openj9
Tue Nov 21 21:36:58 2023,StructureReader.PackageNameType.html,genie-openj9
Tue Nov 21 21:36:58 2023,StructureReader.StructureDescriptor.html,genie-openj9
Tue Nov 21 21:36:58 2023,StructureReader.html,genie-openj9
Tue Nov 21 21:36:58 2023,StructureTypeManager.html,genie-openj9
Tue Nov 21 21:36:58 2023,VMDataFactory.html,genie-openj9
Tue Nov 21 21:36:58 2023,BlobFactory.html,genie-openj9
Tue Nov 21 21:36:58 2023,IBlobFactory.Platforms.html,genie-openj9
Tue Nov 21 21:36:58 2023,IBlobFactory.html,genie-openj9
Tue Nov 21 21:36:58 2023,BlobFactory.html,genie-openj9
Tue Nov 21 21:36:58 2023,IBlobFactory.Platforms.html,genie-openj9
Tue Nov 21 21:36:58 2023,IBlobFactory.html,genie-openj9
Tue Nov 21 21:36:58 2023,package-summary.html,genie-openj9
Tue Nov 21 21:36:58 2023,package-tree.html,genie-openj9
Tue Nov 21 21:36:58 2023,package-use.html,genie-openj9
Tue Nov 21 21:36:58 2023,AddressedCorruptDataException.html,genie-openj9
Tue Nov 21 21:36:58 2023,BytecodeGenerator.html,genie-openj9
Tue Nov 21 21:36:58 2023,CTypeParser.html,genie-openj9
Tue Nov 21 21:36:58 2023,DDRSymbolFinder.html,genie-openj9
Tue Nov 21 21:36:58 2023,DataUnavailableException.html,genie-openj9
Tue Nov 21 21:36:58 2023,GeneratedFieldAccessor.html,genie-openj9
Tue Nov 21 21:36:58 2023,GeneratedPointerClass.html,genie-openj9
Tue Nov 21 21:36:58 2023,IBootstrapRunnable.html,genie-openj9
Tue Nov 21 21:36:58 2023,IVMData.html,genie-openj9
Tue Nov 21 21:36:58 2023,InvalidDataTypeException.html,genie-openj9
Tue Nov 21 21:36:58 2023,J9DDRClassLoader.html,genie-openj9
Tue Nov 21 21:36:58 2023,NoSuchFieldException.html,genie-openj9
Tue Nov 21 21:36:58 2023,NullPointerDereference.html,genie-openj9
Tue Nov 21 21:36:58 2023,StructureHeader.BlobID.html,genie-openj9
Tue Nov 21 21:36:58 2023,StructureHeader.html,genie-openj9
Tue Nov 21 21:36:58 2023,StructureReader.ConstantDescriptor.html,genie-openj9
Tue Nov 21 21:36:58 2023,StructureReader.FieldDescriptor.html,genie-openj9
Tue Nov 21 21:36:58 2023,StructureReader.PackageNameType.html,genie-openj9
Tue Nov 21 21:36:58 2023,StructureReader.StructureDescriptor.html,genie-openj9
Tue Nov 21 21:36:58 2023,StructureReader.html,genie-openj9
Tue Nov 21 21:36:58 2023,StructureTypeManager.html,genie-openj9
Tue Nov 21 21:36:58 2023,VMDataFactory.html,genie-openj9
Tue Nov 21 21:36:58 2023,CommandParser.html,genie-openj9
Tue Nov 21 21:36:58 2023,CommandReader.html,genie-openj9
Tue Nov 21 21:36:58 2023,ConsoleCommandReader.html,genie-openj9
Tue Nov 21 21:36:58 2023,ExitException.html,genie-openj9
Tue Nov 21 21:36:58 2023,CommandParser.html,genie-openj9
Tue Nov 21 21:36:58 2023,CommandReader.html,genie-openj9
Tue Nov 21 21:36:58 2023,ConsoleCommandReader.html,genie-openj9
Tue Nov 21 21:36:58 2023,ExitException.html,genie-openj9
Tue Nov 21 21:36:58 2023,package-summary.html,genie-openj9
Tue Nov 21 21:36:58 2023,package-tree.html,genie-openj9
Tue Nov 21 21:36:58 2023,package-use.html,genie-openj9
Tue Nov 21 21:36:58 2023,AbstractCoreReader.html,genie-openj9
Tue Nov 21 21:36:58 2023,ClosingFileReader.html,genie-openj9
Tue Nov 21 21:36:58 2023,CoreReader.html,genie-openj9
Tue Nov 21 21:36:58 2023,CorruptCoreException.html,genie-openj9
Tue Nov 21 21:36:58 2023,DumpException.html,genie-openj9
Tue Nov 21 21:36:58 2023,ICore.html,genie-openj9
Tue Nov 21 21:36:58 2023,ICoreFileReader.DumpTestResult.html,genie-openj9
Tue Nov 21 21:36:58 2023,ICoreFileReader.html,genie-openj9
Tue Nov 21 21:36:58 2023,ILibraryDependentCore.html,genie-openj9
Tue Nov 21 21:36:58 2023,ILibraryResolver.html,genie-openj9
Tue Nov 21 21:36:58 2023,IModuleFile.html,genie-openj9
Tue Nov 21 21:36:58 2023,InvalidDumpFormatException.html,genie-openj9
Tue Nov 21 21:36:58 2023,LibraryDataSource.Source.html,genie-openj9
Tue Nov 21 21:36:58 2023,LibraryDataSource.html,genie-openj9
Tue Nov 21 21:36:58 2023,LibraryResolverFactory.html,genie-openj9
Tue Nov 21 21:36:58 2023,Platform.html,genie-openj9
Tue Nov 21 21:36:58 2023,ZipFileResolver.html,genie-openj9
Tue Nov 21 21:36:58 2023,AIXDumpReader.html,genie-openj9
Tue Nov 21 21:36:58 2023,AIXDumpReaderFactory.html,genie-openj9
Tue Nov 21 21:36:58 2023,ARReader.html,genie-openj9
Tue Nov 21 21:36:58 2023,BaseAIXOSThread.html,genie-openj9
Tue Nov 21 21:36:58 2023,XCOFFReader.html,genie-openj9
Tue Nov 21 21:36:58 2023,AIXDumpReader.html,genie-openj9
Tue Nov 21 21:36:58 2023,AIXDumpReaderFactory.html,genie-openj9
Tue Nov 21 21:36:58 2023,ARReader.html,genie-openj9
Tue Nov 21 21:36:58 2023,BaseAIXOSThread.html,genie-openj9
Tue Nov 21 21:36:58 2023,XCOFFReader.html,genie-openj9
Tue Nov 21 21:36:58 2023,package-summary.html,genie-openj9
Tue Nov 21 21:36:58 2023,package-tree.html,genie-openj9
Tue Nov 21 21:36:58 2023,package-use.html,genie-openj9
Tue Nov 21 21:36:58 2023,AbstractCoreReader.html,genie-openj9
Tue Nov 21 21:36:58 2023,ClosingFileReader.html,genie-openj9
Tue Nov 21 21:36:58 2023,CoreReader.html,genie-openj9
Tue Nov 21 21:36:58 2023,CorruptCoreException.html,genie-openj9
Tue Nov 21 21:36:58 2023,DumpException.html,genie-openj9
Tue Nov 21 21:36:58 2023,ICore.html,genie-openj9
Tue Nov 21 21:36:58 2023,ICoreFileReader.DumpTestResult.html,genie-openj9
Tue Nov 21 21:36:58 2023,ICoreFileReader.html,genie-openj9
Tue Nov 21 21:36:58 2023,ILibraryDependentCore.html,genie-openj9
Tue Nov 21 21:36:58 2023,ILibraryResolver.html,genie-openj9
Tue Nov 21 21:36:58 2023,IModuleFile.html,genie-openj9
Tue Nov 21 21:36:58 2023,InvalidDumpFormatException.html,genie-openj9
Tue Nov 21 21:36:58 2023,LibraryDataSource.Source.html,genie-openj9
Tue Nov 21 21:36:58 2023,LibraryDataSource.html,genie-openj9
Tue Nov 21 21:36:58 2023,LibraryResolverFactory.html,genie-openj9
Tue Nov 21 21:36:58 2023,Platform.html,genie-openj9
Tue Nov 21 21:36:58 2023,ZipFileResolver.html,genie-openj9
Tue Nov 21 21:36:58 2023,ELF32FileReader.html,genie-openj9
Tue Nov 21 21:36:58 2023,ELF64FileReader.html,genie-openj9
Tue Nov 21 21:36:58 2023,ELFAArch64DumpReader.html,genie-openj9
Tue Nov 21 21:36:58 2023,ELFAMD64DumpReader.html,genie-openj9
Tue Nov 21 21:36:58 2023,ELFARM32DumpReader.html,genie-openj9
Tue Nov 21 21:36:58 2023,ELFDumpReader.LinuxThread.html,genie-openj9
Tue Nov 21 21:36:58 2023,ELFDumpReader.RegisterComparator.html,genie-openj9
Tue Nov 21 21:36:58 2023,ELFDumpReader.html,genie-openj9
Tue Nov 21 21:36:58 2023,ELFDumpReaderFactory.html,genie-openj9
Tue Nov 21 21:36:58 2023,ELFFileReader.html,genie-openj9
Tue Nov 21 21:36:58 2023,ELFIA32DumpReader.html,genie-openj9
Tue Nov 21 21:36:58 2023,ELFMemorySource.html,genie-openj9
Tue Nov 21 21:36:58 2023,ELFPPC32DumpReader.html,genie-openj9
Tue Nov 21 21:36:58 2023,ELFPPC64DumpReader.html,genie-openj9
Tue Nov 21 21:36:58 2023,ELFRISCV64DumpReader.html,genie-openj9
Tue Nov 21 21:36:58 2023,ELFS39031DumpReader.html,genie-openj9
Tue Nov 21 21:36:58 2023,ELFS39064DumpReader.html,genie-openj9
Tue Nov 21 21:36:58 2023,LinuxProcessAddressSpace.html,genie-openj9
Tue Nov 21 21:36:58 2023,ProgramHeaderEntry.html,genie-openj9
Tue Nov 21 21:36:58 2023,ELF32FileReader.html,genie-openj9
Tue Nov 21 21:36:58 2023,ELF64FileReader.html,genie-openj9
Tue Nov 21 21:36:58 2023,ELFAArch64DumpReader.html,genie-openj9
Tue Nov 21 21:36:58 2023,ELFAMD64DumpReader.html,genie-openj9
Tue Nov 21 21:36:58 2023,ELFARM32DumpReader.html,genie-openj9
Tue Nov 21 21:36:58 2023,ELFDumpReader.LinuxThread.html,genie-openj9
Tue Nov 21 21:36:58 2023,ELFDumpReader.RegisterComparator.html,genie-openj9
Tue Nov 21 21:36:58 2023,ELFDumpReader.html,genie-openj9
Tue Nov 21 21:36:58 2023,ELFDumpReaderFactory.html,genie-openj9
Tue Nov 21 21:36:58 2023,ELFFileReader.html,genie-openj9
Tue Nov 21 21:36:58 2023,ELFIA32DumpReader.html,genie-openj9
Tue Nov 21 21:36:58 2023,ELFMemorySource.html,genie-openj9
Tue Nov 21 21:36:58 2023,ELFPPC32DumpReader.html,genie-openj9
Tue Nov 21 21:36:58 2023,ELFPPC64DumpReader.html,genie-openj9
Tue Nov 21 21:36:58 2023,ELFRISCV64DumpReader.html,genie-openj9
Tue Nov 21 21:36:58 2023,ELFS39031DumpReader.html,genie-openj9
Tue Nov 21 21:36:58 2023,ELFS39064DumpReader.html,genie-openj9
Tue Nov 21 21:36:58 2023,LinuxProcessAddressSpace.html,genie-openj9
Tue Nov 21 21:36:58 2023,ProgramHeaderEntry.html,genie-openj9
Tue Nov 21 21:36:58 2023,package-summary.html,genie-openj9
Tue Nov 21 21:36:58 2023,package-tree.html,genie-openj9
Tue Nov 21 21:36:58 2023,package-use.html,genie-openj9
Tue Nov 21 21:36:58 2023,FDE.html,genie-openj9
Tue Nov 21 21:36:58 2023,Unwind.DW_EH_PE.html,genie-openj9
Tue Nov 21 21:36:58 2023,Unwind.html,genie-openj9
Tue Nov 21 21:36:58 2023,UnwindTable.html,genie-openj9
Tue Nov 21 21:36:58 2023,FDE.html,genie-openj9
Tue Nov 21 21:36:58 2023,Unwind.DW_EH_PE.html,genie-openj9
Tue Nov 21 21:36:58 2023,Unwind.html,genie-openj9
Tue Nov 21 21:36:58 2023,UnwindTable.html,genie-openj9
Tue Nov 21 21:36:58 2023,package-summary.html,genie-openj9
Tue Nov 21 21:36:58 2023,package-tree.html,genie-openj9
Tue Nov 21 21:36:58 2023,package-use.html,genie-openj9
Tue Nov 21 21:36:58 2023,BuildVersionCommand.BuildToolVersion.html,genie-openj9
Tue Nov 21 21:36:58 2023,BuildVersionCommand.Version.html,genie-openj9
Tue Nov 21 21:36:58 2023,BuildVersionCommand.html,genie-openj9
Tue Nov 21 21:36:58 2023,DSymtabCommand.html,genie-openj9
Tue Nov 21 21:36:58 2023,DyldInfoCommand.html,genie-openj9
Tue Nov 21 21:36:58 2023,DylibCommand.Dylib.html,genie-openj9
Tue Nov 21 21:36:58 2023,DylibCommand.html,genie-openj9
Tue Nov 21 21:36:58 2023,DylinkerCommand.html,genie-openj9
Tue Nov 21 21:36:58 2023,EncryptionCommand64.html,genie-openj9
Tue Nov 21 21:36:58 2023,EntryPointCommand.html,genie-openj9
Tue Nov 21 21:36:58 2023,LinkeditDataCommand.html,genie-openj9
Tue Nov 21 21:36:58 2023,LinkerOptionCommand.html,genie-openj9
Tue Nov 21 21:36:58 2023,LoadCommand.LoadCommandString.html,genie-openj9
Tue Nov 21 21:36:58 2023,LoadCommand.html,genie-openj9
Tue Nov 21 21:36:58 2023,MachoDumpReader.MachFile64.html,genie-openj9
Tue Nov 21 21:36:58 2023,MachoDumpReader.MachHeader64.html,genie-openj9
Tue Nov 21 21:36:58 2023,MachoDumpReader.OSXAArch64Thread.html,genie-openj9
Tue Nov 21 21:36:58 2023,MachoDumpReader.OSXAMD64Thread.html,genie-openj9
Tue Nov 21 21:36:58 2023,MachoDumpReader.OSXThread.html,genie-openj9
Tue Nov 21 21:36:58 2023,MachoDumpReader.html,genie-openj9
Tue Nov 21 21:36:58 2023,MachoDumpReaderFactory.html,genie-openj9
Tue Nov 21 21:36:58 2023,NoteCommand.html,genie-openj9
Tue Nov 21 21:36:58 2023,OSXProcessAddressSpace.html,genie-openj9
Tue Nov 21 21:36:58 2023,PrebindChecksumCommand.html,genie-openj9
Tue Nov 21 21:36:58 2023,PreboundDylibCommand.html,genie-openj9
Tue Nov 21 21:36:58 2023,RoutinesCommand64.html,genie-openj9
Tue Nov 21 21:36:58 2023,RpathCommand.html,genie-openj9
Tue Nov 21 21:36:58 2023,SegmentCommand64.Section64.html,genie-openj9
Tue Nov 21 21:36:58 2023,SegmentCommand64.html,genie-openj9
Tue Nov 21 21:36:58 2023,SourceVersionCommand.html,genie-openj9
Tue Nov 21 21:36:58 2023,SubCommand.html,genie-openj9
Tue Nov 21 21:36:58 2023,SymtabCommand.SymtabEntry64.html,genie-openj9
Tue Nov 21 21:36:58 2023,SymtabCommand.html,genie-openj9
Tue Nov 21 21:36:58 2023,ThreadCommand.OSXAArch64ThreadState.html,genie-openj9
Tue Nov 21 21:36:58 2023,ThreadCommand.OSXAMD64ThreadState.html,genie-openj9
Tue Nov 21 21:36:58 2023,ThreadCommand.ThreadState.html,genie-openj9
Tue Nov 21 21:36:58 2023,ThreadCommand.html,genie-openj9
Tue Nov 21 21:36:58 2023,TwoLevelHintsCommand.html,genie-openj9
Tue Nov 21 21:36:58 2023,UuidCommand.html,genie-openj9
Tue Nov 21 21:36:58 2023,VersionMinCommand.html,genie-openj9
Tue Nov 21 21:36:58 2023,BuildVersionCommand.BuildToolVersion.html,genie-openj9
Tue Nov 21 21:36:58 2023,BuildVersionCommand.Version.html,genie-openj9
Tue Nov 21 21:36:58 2023,BuildVersionCommand.html,genie-openj9
Tue Nov 21 21:36:58 2023,DSymtabCommand.html,genie-openj9
Tue Nov 21 21:36:58 2023,DyldInfoCommand.html,genie-openj9
Tue Nov 21 21:36:58 2023,DylibCommand.Dylib.html,genie-openj9
Tue Nov 21 21:36:58 2023,DylibCommand.html,genie-openj9
Tue Nov 21 21:36:58 2023,DylinkerCommand.html,genie-openj9
Tue Nov 21 21:36:58 2023,EncryptionCommand64.html,genie-openj9
Tue Nov 21 21:36:58 2023,EntryPointCommand.html,genie-openj9
Tue Nov 21 21:36:58 2023,LinkeditDataCommand.html,genie-openj9
Tue Nov 21 21:36:58 2023,LinkerOptionCommand.html,genie-openj9
Tue Nov 21 21:36:58 2023,LoadCommand.LoadCommandString.html,genie-openj9
Tue Nov 21 21:36:58 2023,LoadCommand.html,genie-openj9
Tue Nov 21 21:36:58 2023,MachoDumpReader.MachFile64.html,genie-openj9
Tue Nov 21 21:36:58 2023,MachoDumpReader.MachHeader64.html,genie-openj9
Tue Nov 21 21:36:58 2023,MachoDumpReader.OSXAArch64Thread.html,genie-openj9
Tue Nov 21 21:36:58 2023,MachoDumpReader.OSXAMD64Thread.html,genie-openj9
Tue Nov 21 21:36:58 2023,MachoDumpReader.OSXThread.html,genie-openj9
Tue Nov 21 21:36:58 2023,MachoDumpReader.html,genie-openj9
Tue Nov 21 21:36:58 2023,MachoDumpReaderFactory.html,genie-openj9
Tue Nov 21 21:36:58 2023,NoteCommand.html,genie-openj9
Tue Nov 21 21:36:58 2023,OSXProcessAddressSpace.html,genie-openj9
Tue Nov 21 21:36:58 2023,PrebindChecksumCommand.html,genie-openj9
Tue Nov 21 21:36:58 2023,PreboundDylibCommand.html,genie-openj9
Tue Nov 21 21:36:58 2023,RoutinesCommand64.html,genie-openj9
Tue Nov 21 21:36:58 2023,RpathCommand.html,genie-openj9
Tue Nov 21 21:36:58 2023,SegmentCommand64.Section64.html,genie-openj9
Tue Nov 21 21:36:58 2023,SegmentCommand64.html,genie-openj9
Tue Nov 21 21:36:58 2023,SourceVersionCommand.html,genie-openj9
Tue Nov 21 21:36:58 2023,SubCommand.html,genie-openj9
Tue Nov 21 21:36:58 2023,SymtabCommand.SymtabEntry64.html,genie-openj9
Tue Nov 21 21:36:58 2023,SymtabCommand.html,genie-openj9
Tue Nov 21 21:36:58 2023,ThreadCommand.OSXAArch64ThreadState.html,genie-openj9
Tue Nov 21 21:36:58 2023,ThreadCommand.OSXAMD64ThreadState.html,genie-openj9
Tue Nov 21 21:36:58 2023,ThreadCommand.ThreadState.html,genie-openj9
Tue Nov 21 21:36:58 2023,ThreadCommand.html,genie-openj9
Tue Nov 21 21:36:58 2023,TwoLevelHintsCommand.html,genie-openj9
Tue Nov 21 21:36:58 2023,UuidCommand.html,genie-openj9
Tue Nov 21 21:36:58 2023,VersionMinCommand.html,genie-openj9
Tue Nov 21 21:36:58 2023,package-summary.html,genie-openj9
Tue Nov 21 21:36:58 2023,package-tree.html,genie-openj9
Tue Nov 21 21:36:58 2023,package-use.html,genie-openj9
Tue Nov 21 21:36:58 2023,AbstractMemory.html,genie-openj9
Tue Nov 21 21:36:58 2023,Addresses.html,genie-openj9
Tue Nov 21 21:36:58 2023,BaseMemoryRange.html,genie-openj9
Tue Nov 21 21:36:58 2023,BaseModule.html,genie-openj9
Tue Nov 21 21:36:58 2023,BufferedMemory.html,genie-openj9
Tue Nov 21 21:36:58 2023,BufferedMemorySource.html,genie-openj9
Tue Nov 21 21:36:58 2023,DetailedDumpMemorySource.html,genie-openj9
Tue Nov 21 21:36:58 2023,DumpMemorySource.html,genie-openj9
Tue Nov 21 21:36:58 2023,EnvironmentUtils.html,genie-openj9
Tue Nov 21 21:36:58 2023,IAddressSpace.html,genie-openj9
Tue Nov 21 21:36:58 2023,IDetailedMemoryRange.html,genie-openj9
Tue Nov 21 21:36:58 2023,IMemory.html,genie-openj9
Tue Nov 21 21:36:58 2023,IMemoryImageInputStream.html,genie-openj9
Tue Nov 21 21:36:58 2023,IMemoryRange.html,genie-openj9
Tue Nov 21 21:36:58 2023,IMemorySource.html,genie-openj9
Tue Nov 21 21:36:58 2023,IModule.html,genie-openj9
Tue Nov 21 21:36:58 2023,INamedMemoryRange.html,genie-openj9
Tue Nov 21 21:36:58 2023,IProcess.html,genie-openj9
Tue Nov 21 21:36:58 2023,ISymbol.html,genie-openj9
Tue Nov 21 21:36:58 2023,MemoryFault.html,genie-openj9
Tue Nov 21 21:36:58 2023,MemoryRange.html,genie-openj9
Tue Nov 21 21:36:58 2023,MemorySourceTable.html,genie-openj9
Tue Nov 21 21:36:58 2023,MissingFileModule.html,genie-openj9
Tue Nov 21 21:36:58 2023,Module.html,genie-openj9
Tue Nov 21 21:36:58 2023,ProcessAddressSpace.html,genie-openj9
Tue Nov 21 21:36:58 2023,ProtectedMemoryRange.html,genie-openj9
Tue Nov 21 21:36:58 2023,SearchableMemory.html,genie-openj9
Tue Nov 21 21:36:58 2023,Symbol.html,genie-openj9
Tue Nov 21 21:36:58 2023,SymbolUtil.html,genie-openj9
Tue Nov 21 21:36:58 2023,UnbackedMemorySource.html,genie-openj9
Tue Nov 21 21:36:58 2023,AbstractMemory.html,genie-openj9
Tue Nov 21 21:36:58 2023,Addresses.html,genie-openj9
Tue Nov 21 21:36:58 2023,BaseMemoryRange.html,genie-openj9
Tue Nov 21 21:36:58 2023,BaseModule.html,genie-openj9
Tue Nov 21 21:36:58 2023,BufferedMemory.html,genie-openj9
Tue Nov 21 21:36:58 2023,BufferedMemorySource.html,genie-openj9
Tue Nov 21 21:36:58 2023,DetailedDumpMemorySource.html,genie-openj9
Tue Nov 21 21:36:58 2023,DumpMemorySource.html,genie-openj9
Tue Nov 21 21:36:58 2023,EnvironmentUtils.html,genie-openj9
Tue Nov 21 21:36:58 2023,IAddressSpace.html,genie-openj9
Tue Nov 21 21:36:58 2023,IDetailedMemoryRange.html,genie-openj9
Tue Nov 21 21:36:58 2023,IMemory.html,genie-openj9
Tue Nov 21 21:36:58 2023,IMemoryImageInputStream.html,genie-openj9
Tue Nov 21 21:36:58 2023,IMemoryRange.html,genie-openj9
Tue Nov 21 21:36:58 2023,IMemorySource.html,genie-openj9
Tue Nov 21 21:36:58 2023,IModule.html,genie-openj9
Tue Nov 21 21:36:58 2023,INamedMemoryRange.html,genie-openj9
Tue Nov 21 21:36:58 2023,IProcess.html,genie-openj9
Tue Nov 21 21:36:58 2023,ISymbol.html,genie-openj9
Tue Nov 21 21:36:58 2023,MemoryFault.html,genie-openj9
Tue Nov 21 21:36:58 2023,MemoryRange.html,genie-openj9
Tue Nov 21 21:36:58 2023,MemorySourceTable.html,genie-openj9
Tue Nov 21 21:36:58 2023,MissingFileModule.html,genie-openj9
Tue Nov 21 21:36:58 2023,Module.html,genie-openj9
Tue Nov 21 21:36:58 2023,ProcessAddressSpace.html,genie-openj9
Tue Nov 21 21:36:58 2023,ProtectedMemoryRange.html,genie-openj9
Tue Nov 21 21:36:58 2023,SearchableMemory.html,genie-openj9
Tue Nov 21 21:36:58 2023,Symbol.html,genie-openj9
Tue Nov 21 21:36:58 2023,SymbolUtil.html,genie-openj9
Tue Nov 21 21:36:58 2023,UnbackedMemorySource.html,genie-openj9
Tue Nov 21 21:36:58 2023,package-summary.html,genie-openj9
Tue Nov 21 21:36:58 2023,package-tree.html,genie-openj9
Tue Nov 21 21:36:58 2023,package-use.html,genie-openj9
Tue Nov 21 21:36:58 2023,BaseWindowsOSThread.html,genie-openj9
Tue Nov 21 21:36:58 2023,MemoryInfoStream.html,genie-openj9
Tue Nov 21 21:36:58 2023,MiniDumpReader.html,genie-openj9
Tue Nov 21 21:36:58 2023,ThreadInfoStream.html,genie-openj9
Tue Nov 21 21:36:58 2023,WindowsProcessAddressSpace.html,genie-openj9
Tue Nov 21 21:36:58 2023,BaseWindowsOSThread.html,genie-openj9
Tue Nov 21 21:36:58 2023,MemoryInfoStream.html,genie-openj9
Tue Nov 21 21:36:58 2023,MiniDumpReader.html,genie-openj9
Tue Nov 21 21:36:58 2023,ThreadInfoStream.html,genie-openj9
Tue Nov 21 21:36:58 2023,WindowsProcessAddressSpace.html,genie-openj9
Tue Nov 21 21:36:58 2023,package-summary.html,genie-openj9
Tue Nov 21 21:36:58 2023,package-tree.html,genie-openj9
Tue Nov 21 21:36:58 2023,package-use.html,genie-openj9
Tue Nov 21 21:36:58 2023,RuntimeFunction.html,genie-openj9
Tue Nov 21 21:36:58 2023,UnwindCode.html,genie-openj9
Tue Nov 21 21:36:58 2023,UnwindInfo.html,genie-openj9
Tue Nov 21 21:36:58 2023,UnwindModule.html,genie-openj9
Tue Nov 21 21:36:58 2023,RuntimeFunction.html,genie-openj9
Tue Nov 21 21:36:58 2023,UnwindCode.html,genie-openj9
Tue Nov 21 21:36:58 2023,UnwindInfo.html,genie-openj9
Tue Nov 21 21:36:58 2023,UnwindModule.html,genie-openj9
Tue Nov 21 21:36:58 2023,package-summary.html,genie-openj9
Tue Nov 21 21:36:58 2023,package-tree.html,genie-openj9
Tue Nov 21 21:36:58 2023,package-use.html,genie-openj9
Tue Nov 21 21:36:58 2023,IOSStackFrame.html,genie-openj9
Tue Nov 21 21:36:58 2023,IOSThread.html,genie-openj9
Tue Nov 21 21:36:58 2023,IRegister.html,genie-openj9
Tue Nov 21 21:36:58 2023,OSStackFrame.html,genie-openj9
Tue Nov 21 21:36:58 2023,Register.html,genie-openj9
Tue Nov 21 21:36:58 2023,IOSStackFrame.html,genie-openj9
Tue Nov 21 21:36:58 2023,IOSThread.html,genie-openj9
Tue Nov 21 21:36:58 2023,IRegister.html,genie-openj9
Tue Nov 21 21:36:58 2023,OSStackFrame.html,genie-openj9
Tue Nov 21 21:36:58 2023,Register.html,genie-openj9
Tue Nov 21 21:36:58 2023,package-summary.html,genie-openj9
Tue Nov 21 21:36:58 2023,package-tree.html,genie-openj9
Tue Nov 21 21:36:58 2023,package-use.html,genie-openj9
Tue Nov 21 21:36:58 2023,package-summary.html,genie-openj9
Tue Nov 21 21:36:58 2023,package-tree.html,genie-openj9
Tue Nov 21 21:36:58 2023,package-use.html,genie-openj9
Tue Nov 21 21:36:58 2023,TDumpReader.html,genie-openj9
Tue Nov 21 21:36:58 2023,TDumpReader.html,genie-openj9
Tue Nov 21 21:36:58 2023,package-summary.html,genie-openj9
Tue Nov 21 21:36:58 2023,package-tree.html,genie-openj9
Tue Nov 21 21:36:58 2023,package-use.html,genie-openj9
Tue Nov 21 21:36:58 2023,AddressRange.html,genie-openj9
Tue Nov 21 21:36:58 2023,AddressSpace.html,genie-openj9
Tue Nov 21 21:36:58 2023,AddressSpaceImageInputStream.html,genie-openj9
Tue Nov 21 21:36:58 2023,Dump.html,genie-openj9
Tue Nov 21 21:36:58 2023,MutableAddressSpace.html,genie-openj9
Tue Nov 21 21:36:58 2023,SearchListener.html,genie-openj9
Tue Nov 21 21:36:58 2023,SystemTrace.Entry.html,genie-openj9
Tue Nov 21 21:36:58 2023,SystemTrace.html,genie-openj9
Tue Nov 21 21:36:58 2023,AddressRange.html,genie-openj9
Tue Nov 21 21:36:58 2023,AddressSpace.html,genie-openj9
Tue Nov 21 21:36:58 2023,AddressSpaceImageInputStream.html,genie-openj9
Tue Nov 21 21:36:58 2023,Dump.html,genie-openj9
Tue Nov 21 21:36:58 2023,MutableAddressSpace.html,genie-openj9
Tue Nov 21 21:36:58 2023,SearchListener.html,genie-openj9
Tue Nov 21 21:36:58 2023,SystemTrace.Entry.html,genie-openj9
Tue Nov 21 21:36:58 2023,SystemTrace.html,genie-openj9
Tue Nov 21 21:36:58 2023,package-summary.html,genie-openj9
Tue Nov 21 21:36:58 2023,package-tree.html,genie-openj9
Tue Nov 21 21:36:58 2023,package-use.html,genie-openj9
Tue Nov 21 21:36:58 2023,Caa.html,genie-openj9
Tue Nov 21 21:36:58 2023,Caa32Template.html,genie-openj9
Tue Nov 21 21:36:58 2023,Caa32_11Template.html,genie-openj9
Tue Nov 21 21:36:58 2023,Caa64Template.html,genie-openj9
Tue Nov 21 21:36:58 2023,Caa64_11Template.html,genie-openj9
Tue Nov 21 21:36:58 2023,CaaTemplate.html,genie-openj9
Tue Nov 21 21:36:58 2023,CeedsaTemplate.html,genie-openj9
Tue Nov 21 21:36:58 2023,Ceedsahp32Template.html,genie-openj9
Tue Nov 21 21:36:58 2023,Ceedsahp64Template.html,genie-openj9
Tue Nov 21 21:36:58 2023,CeedsahpTemplate.html,genie-openj9
Tue Nov 21 21:36:58 2023,Ceedsahp_transition32Template.html,genie-openj9
Tue Nov 21 21:36:58 2023,Ceedsahp_transition64Template.html,genie-openj9
Tue Nov 21 21:36:58 2023,Ceedsahp_transitionTemplate.html,genie-openj9
Tue Nov 21 21:36:58 2023,CeelcaTemplate.html,genie-openj9
Tue Nov 21 21:36:58 2023,CeexcibTemplate.html,genie-openj9
Tue Nov 21 21:36:58 2023,CeexcibhTemplate.html,genie-openj9
Tue Nov 21 21:36:58 2023,Ceexdlcb32Template.html,genie-openj9
Tue Nov 21 21:36:58 2023,Ceexdlcb64Template.html,genie-openj9
Tue Nov 21 21:36:58 2023,CeexdlcbTemplate.html,genie-openj9
Tue Nov 21 21:36:58 2023,Ceexdsaf.html,genie-openj9
Tue Nov 21 21:36:58 2023,Ceexedb32Template.html,genie-openj9
Tue Nov 21 21:36:58 2023,Ceexedb64Template.html,genie-openj9
Tue Nov 21 21:36:58 2023,CeexedbTemplate.html,genie-openj9
Tue Nov 21 21:36:58 2023,Ceexhcom32Template.html,genie-openj9
Tue Nov 21 21:36:58 2023,Ceexhcom64Template.html,genie-openj9
Tue Nov 21 21:36:58 2023,CeexhcomTemplate.html,genie-openj9
Tue Nov 21 21:36:58 2023,CeexhepvTemplate.html,genie-openj9
Tue Nov 21 21:36:58 2023,Ceexhp1bTemplate.html,genie-openj9
Tue Nov 21 21:36:58 2023,CeexlaaTemplate.html,genie-openj9
Tue Nov 21 21:36:58 2023,CeexoepvTemplate.html,genie-openj9
Tue Nov 21 21:36:58 2023,Ceexpp1bTemplate.html,genie-openj9
Tue Nov 21 21:36:58 2023,Ceexqpcb32Template.html,genie-openj9
Tue Nov 21 21:36:58 2023,Ceexqpcb64Template.html,genie-openj9
Tue Nov 21 21:36:58 2023,CeexqpcbTemplate.html,genie-openj9
Tue Nov 21 21:36:58 2023,Ceexqpcbpool32Template.html,genie-openj9
Tue Nov 21 21:36:58 2023,Ceexqpcbpool64Template.html,genie-openj9
Tue Nov 21 21:36:58 2023,CeexqpcbpoolTemplate.html,genie-openj9
Tue Nov 21 21:36:58 2023,Ceexrcb32Template.html,genie-openj9
Tue Nov 21 21:36:58 2023,Ceexrcb64Template.html,genie-openj9
Tue Nov 21 21:36:58 2023,CeexrcbTemplate.html,genie-openj9
Tue Nov 21 21:36:58 2023,CeexsancTemplate.html,genie-openj9
Tue Nov 21 21:36:58 2023,CeexsfxmTemplate.html,genie-openj9
Tue Nov 21 21:36:58 2023,CeexstkhTemplate.html,genie-openj9
Tue Nov 21 21:36:58 2023,CeextvbTemplate.html,genie-openj9
Tue Nov 21 21:36:58 2023,CeextvbeTemplate.html,genie-openj9
Tue Nov 21 21:36:58 2023,Ciet2ExpFuncEntryTemplate.html,genie-openj9
Tue Nov 21 21:36:58 2023,Ciet2ExpVarEntryTemplate.html,genie-openj9
Tue Nov 21 21:36:58 2023,Ciet2Template.html,genie-openj9
Tue Nov 21 21:36:58 2023,CietExpEntryTemplate.html,genie-openj9
Tue Nov 21 21:36:58 2023,CietTemplate.html,genie-openj9
Tue Nov 21 21:36:58 2023,Dll.html,genie-openj9
Tue Nov 21 21:36:58 2023,DllFunction.html,genie-openj9
Tue Nov 21 21:36:58 2023,DllVariable.html,genie-openj9
Tue Nov 21 21:36:58 2023,DllcsectTemplate.html,genie-openj9
Tue Nov 21 21:36:58 2023,DllexpfuncsTemplate.html,genie-openj9
Tue Nov 21 21:36:58 2023,DllexpvarsTemplate.html,genie-openj9
Tue Nov 21 21:36:58 2023,DsaStackFrame.html,genie-openj9
Tue Nov 21 21:36:58 2023,Edb.html,genie-openj9
Tue Nov 21 21:36:58 2023,EnsmTemplate.html,genie-openj9
Tue Nov 21 21:36:58 2023,Function.html,genie-openj9
Tue Nov 21 21:36:58 2023,FunctionEmulator.CallOriginalException.html,genie-openj9
Tue Nov 21 21:36:58 2023,FunctionEmulator.CallbackFunction.html,genie-openj9
Tue Nov 21 21:36:58 2023,FunctionEmulator.Function.html,genie-openj9
Tue Nov 21 21:36:58 2023,FunctionEmulator.TraceEntry.html,genie-openj9
Tue Nov 21 21:36:58 2023,FunctionEmulator.html,genie-openj9
Tue Nov 21 21:36:58 2023,SmcbTemplate.html,genie-openj9
Tue Nov 21 21:36:58 2023,Caa.html,genie-openj9
Tue Nov 21 21:36:58 2023,Caa32Template.html,genie-openj9
Tue Nov 21 21:36:58 2023,Caa32_11Template.html,genie-openj9
Tue Nov 21 21:36:58 2023,Caa64Template.html,genie-openj9
Tue Nov 21 21:36:58 2023,Caa64_11Template.html,genie-openj9
Tue Nov 21 21:36:58 2023,CaaNotFound.html,genie-openj9
Tue Nov 21 21:36:58 2023,CaaTemplate.html,genie-openj9
Tue Nov 21 21:36:58 2023,CeedsaTemplate.html,genie-openj9
Tue Nov 21 21:36:58 2023,Ceedsahp32Template.html,genie-openj9
Tue Nov 21 21:36:58 2023,Ceedsahp64Template.html,genie-openj9
Tue Nov 21 21:36:58 2023,CeedsahpTemplate.html,genie-openj9
Tue Nov 21 21:36:58 2023,Ceedsahp_transition32Template.html,genie-openj9
Tue Nov 21 21:36:58 2023,Ceedsahp_transition64Template.html,genie-openj9
Tue Nov 21 21:36:58 2023,Ceedsahp_transitionTemplate.html,genie-openj9
Tue Nov 21 21:36:58 2023,CeelcaTemplate.html,genie-openj9
Tue Nov 21 21:36:58 2023,CeexcibTemplate.html,genie-openj9
Tue Nov 21 21:36:58 2023,CeexcibhTemplate.html,genie-openj9
Tue Nov 21 21:36:58 2023,Ceexdlcb32Template.html,genie-openj9
Tue Nov 21 21:36:58 2023,Ceexdlcb64Template.html,genie-openj9
Tue Nov 21 21:36:58 2023,CeexdlcbTemplate.html,genie-openj9
Tue Nov 21 21:36:58 2023,Ceexdsaf.html,genie-openj9
Tue Nov 21 21:36:58 2023,Ceexedb32Template.html,genie-openj9
Tue Nov 21 21:36:58 2023,Ceexedb64Template.html,genie-openj9
Tue Nov 21 21:36:58 2023,CeexedbTemplate.html,genie-openj9
Tue Nov 21 21:36:58 2023,Ceexhcom32Template.html,genie-openj9
Tue Nov 21 21:36:58 2023,Ceexhcom64Template.html,genie-openj9
Tue Nov 21 21:36:58 2023,CeexhcomTemplate.html,genie-openj9
Tue Nov 21 21:36:58 2023,CeexhepvTemplate.html,genie-openj9
Tue Nov 21 21:36:58 2023,Ceexhp1bTemplate.html,genie-openj9
Tue Nov 21 21:36:58 2023,CeexlaaTemplate.html,genie-openj9
Tue Nov 21 21:36:58 2023,CeexoepvTemplate.html,genie-openj9
Tue Nov 21 21:36:58 2023,Ceexpp1bTemplate.html,genie-openj9
Tue Nov 21 21:36:58 2023,Ceexqpcb32Template.html,genie-openj9
Tue Nov 21 21:36:58 2023,Ceexqpcb64Template.html,genie-openj9
Tue Nov 21 21:36:58 2023,CeexqpcbTemplate.html,genie-openj9
Tue Nov 21 21:36:58 2023,Ceexqpcbpool32Template.html,genie-openj9
Tue Nov 21 21:36:58 2023,Ceexqpcbpool64Template.html,genie-openj9
Tue Nov 21 21:36:58 2023,CeexqpcbpoolTemplate.html,genie-openj9
Tue Nov 21 21:36:58 2023,Ceexrcb32Template.html,genie-openj9
Tue Nov 21 21:36:58 2023,Ceexrcb64Template.html,genie-openj9
Tue Nov 21 21:36:58 2023,CeexrcbTemplate.html,genie-openj9
Tue Nov 21 21:36:58 2023,CeexsancTemplate.html,genie-openj9
Tue Nov 21 21:36:58 2023,CeexsfxmTemplate.html,genie-openj9
Tue Nov 21 21:36:58 2023,CeexstkhTemplate.html,genie-openj9
Tue Nov 21 21:36:58 2023,CeextvbTemplate.html,genie-openj9
Tue Nov 21 21:36:58 2023,CeextvbeTemplate.html,genie-openj9
Tue Nov 21 21:36:58 2023,Ciet2ExpFuncEntryTemplate.html,genie-openj9
Tue Nov 21 21:36:58 2023,Ciet2ExpVarEntryTemplate.html,genie-openj9
Tue Nov 21 21:36:58 2023,Ciet2Template.html,genie-openj9
Tue Nov 21 21:36:58 2023,CietExpEntryTemplate.html,genie-openj9
Tue Nov 21 21:36:58 2023,CietTemplate.html,genie-openj9
Tue Nov 21 21:36:58 2023,Dll.html,genie-openj9
Tue Nov 21 21:36:58 2023,DllFunction.html,genie-openj9
Tue Nov 21 21:36:58 2023,DllVariable.html,genie-openj9
Tue Nov 21 21:36:58 2023,DllcsectTemplate.html,genie-openj9
Tue Nov 21 21:36:58 2023,DllexpfuncsTemplate.html,genie-openj9
Tue Nov 21 21:36:58 2023,DllexpvarsTemplate.html,genie-openj9
Tue Nov 21 21:36:58 2023,DsaStackFrame.html,genie-openj9
Tue Nov 21 21:36:58 2023,Edb.html,genie-openj9
Tue Nov 21 21:36:58 2023,EnsmTemplate.html,genie-openj9
Tue Nov 21 21:36:58 2023,Function.html,genie-openj9
Tue Nov 21 21:36:58 2023,FunctionEmulator.CallOriginalException.html,genie-openj9
Tue Nov 21 21:36:58 2023,FunctionEmulator.CallbackFunction.html,genie-openj9
Tue Nov 21 21:36:58 2023,FunctionEmulator.Function.html,genie-openj9
Tue Nov 21 21:36:58 2023,FunctionEmulator.TraceEntry.html,genie-openj9
Tue Nov 21 21:36:58 2023,FunctionEmulator.html,genie-openj9
Tue Nov 21 21:36:58 2023,SmcbTemplate.html,genie-openj9
Tue Nov 21 21:36:58 2023,StackNotFound.html,genie-openj9
Tue Nov 21 21:36:58 2023,package-summary.html,genie-openj9
Tue Nov 21 21:36:58 2023,package-tree.html,genie-openj9
Tue Nov 21 21:36:58 2023,package-use.html,genie-openj9
Tue Nov 21 21:36:58 2023,BpxzotcbTemplate.html,genie-openj9
Tue Nov 21 21:36:58 2023,BpxzustaTemplate.html,genie-openj9
Tue Nov 21 21:36:58 2023,CeexcvtTemplate.html,genie-openj9
Tue Nov 21 21:36:58 2023,IhaascbTemplate.html,genie-openj9
Tue Nov 21 21:36:58 2023,IhaasxbTemplate.html,genie-openj9
Tue Nov 21 21:36:58 2023,IhapsaTemplate.html,genie-openj9
Tue Nov 21 21:36:58 2023,IharbTemplate.html,genie-openj9
Tue Nov 21 21:36:58 2023,Ihartm2aTemplate.html,genie-openj9
Tue Nov 21 21:36:58 2023,IhastcbTemplate.html,genie-openj9
Tue Nov 21 21:36:58 2023,IhawebTemplate.html,genie-openj9
Tue Nov 21 21:36:58 2023,IhaxsbTemplate.html,genie-openj9
Tue Nov 21 21:36:58 2023,IkjrbTemplate.html,genie-openj9
Tue Nov 21 21:36:58 2023,IkjrbprefixTemplate.html,genie-openj9
Tue Nov 21 21:36:58 2023,IkjtcbTemplate.html,genie-openj9
Tue Nov 21 21:36:58 2023,Lse.html,genie-openj9
Tue Nov 21 21:36:58 2023,LsedTemplate.html,genie-openj9
Tue Nov 21 21:36:58 2023,Lses1lsed1Template.html,genie-openj9
Tue Nov 21 21:36:58 2023,LseslsedTemplate.html,genie-openj9
Tue Nov 21 21:36:58 2023,Lsestate1Template.html,genie-openj9
Tue Nov 21 21:36:58 2023,LsestateTemplate.html,genie-openj9
Tue Nov 21 21:36:58 2023,OtcbcopyonforkTemplate.html,genie-openj9
Tue Nov 21 21:36:58 2023,RegisterSet.html,genie-openj9
Tue Nov 21 21:36:58 2023,Tcb.html,genie-openj9
Tue Nov 21 21:36:58 2023,BpxzotcbTemplate.html,genie-openj9
Tue Nov 21 21:36:58 2023,BpxzustaTemplate.html,genie-openj9
Tue Nov 21 21:36:58 2023,CeexcvtTemplate.html,genie-openj9
Tue Nov 21 21:36:58 2023,IhaascbTemplate.html,genie-openj9
Tue Nov 21 21:36:58 2023,IhaasxbTemplate.html,genie-openj9
Tue Nov 21 21:36:58 2023,IhapsaTemplate.html,genie-openj9
Tue Nov 21 21:36:58 2023,IharbTemplate.html,genie-openj9
Tue Nov 21 21:36:58 2023,Ihartm2aTemplate.html,genie-openj9
Tue Nov 21 21:36:58 2023,IhastcbTemplate.html,genie-openj9
Tue Nov 21 21:36:58 2023,IhawebTemplate.html,genie-openj9
Tue Nov 21 21:36:58 2023,IhaxsbTemplate.html,genie-openj9
Tue Nov 21 21:36:58 2023,IkjrbTemplate.html,genie-openj9
Tue Nov 21 21:36:58 2023,IkjrbprefixTemplate.html,genie-openj9
Tue Nov 21 21:36:58 2023,IkjtcbTemplate.html,genie-openj9
Tue Nov 21 21:36:58 2023,Lse.html,genie-openj9
Tue Nov 21 21:36:58 2023,LsedTemplate.html,genie-openj9
Tue Nov 21 21:36:58 2023,Lses1lsed1Template.html,genie-openj9
Tue Nov 21 21:36:58 2023,LseslsedTemplate.html,genie-openj9
Tue Nov 21 21:36:58 2023,Lsestate1Template.html,genie-openj9
Tue Nov 21 21:36:58 2023,LsestateTemplate.html,genie-openj9
Tue Nov 21 21:36:58 2023,OtcbcopyonforkTemplate.html,genie-openj9
Tue Nov 21 21:36:58 2023,Rb.html,genie-openj9
Tue Nov 21 21:36:58 2023,RegisterSet.html,genie-openj9
Tue Nov 21 21:36:58 2023,Tcb.html,genie-openj9
Tue Nov 21 21:36:58 2023,package-summary.html,genie-openj9
Tue Nov 21 21:36:58 2023,package-tree.html,genie-openj9
Tue Nov 21 21:36:58 2023,package-use.html,genie-openj9
Tue Nov 21 21:36:58 2023,AbstractHashMap.html,genie-openj9
Tue Nov 21 21:36:58 2023,AbstractLruCache.html,genie-openj9
Tue Nov 21 21:36:58 2023,BitSetArray.html,genie-openj9
Tue Nov 21 21:36:58 2023,BitStream.html,genie-openj9
Tue Nov 21 21:36:58 2023,CharConversion.html,genie-openj9
Tue Nov 21 21:36:58 2023,CompressedRecordArray.html,genie-openj9
Tue Nov 21 21:36:58 2023,Emulator.BranchRelative.html,genie-openj9
Tue Nov 21 21:36:58 2023,Emulator.BranchTraceListener.html,genie-openj9
Tue Nov 21 21:36:58 2023,Emulator.CallbackFunction.html,genie-openj9
Tue Nov 21 21:36:58 2023,Emulator.FunctionReplacer.html,genie-openj9
Tue Nov 21 21:36:58 2023,Emulator.ImageSpace.html,genie-openj9
Tue Nov 21 21:36:58 2023,Emulator.Instruction.html,genie-openj9
Tue Nov 21 21:36:58 2023,Emulator.TraceListener.html,genie-openj9
Tue Nov 21 21:36:58 2023,Emulator.html,genie-openj9
Tue Nov 21 21:36:58 2023,FileFormatException.html,genie-openj9
Tue Nov 21 21:36:58 2023,IntEnumeration.html,genie-openj9
Tue Nov 21 21:36:58 2023,IntegerArray.html,genie-openj9
Tue Nov 21 21:36:58 2023,IntegerLruCache.html,genie-openj9
Tue Nov 21 21:36:58 2023,IntegerMap.html,genie-openj9
Tue Nov 21 21:36:58 2023,IntegerSet.html,genie-openj9
Tue Nov 21 21:36:58 2023,IntegerStack.html,genie-openj9
Tue Nov 21 21:36:58 2023,LongArray.html,genie-openj9
Tue Nov 21 21:36:58 2023,NullIterator.html,genie-openj9
Tue Nov 21 21:36:58 2023,ObjectLruCache.html,genie-openj9
Tue Nov 21 21:36:58 2023,ObjectMap.html,genie-openj9
Tue Nov 21 21:36:58 2023,PrimitiveArray.html,genie-openj9
Tue Nov 21 21:36:58 2023,ProgressMeter.html,genie-openj9
Tue Nov 21 21:36:58 2023,SingletonIterator.html,genie-openj9
Tue Nov 21 21:36:58 2023,SortListener.html,genie-openj9
Tue Nov 21 21:36:58 2023,Template.html,genie-openj9
Tue Nov 21 21:36:58 2023,TemplateField.html,genie-openj9
Tue Nov 21 21:36:58 2023,AbstractHashMap.html,genie-openj9
Tue Nov 21 21:36:58 2023,AbstractLruCache.html,genie-openj9
Tue Nov 21 21:36:58 2023,BitSetArray.html,genie-openj9
Tue Nov 21 21:36:58 2023,BitStream.html,genie-openj9
Tue Nov 21 21:36:58 2023,CharConversion.html,genie-openj9
Tue Nov 21 21:36:58 2023,CompressedRecordArray.html,genie-openj9
Tue Nov 21 21:36:58 2023,Emulator.BranchRelative.html,genie-openj9
Tue Nov 21 21:36:58 2023,Emulator.BranchTraceListener.html,genie-openj9
Tue Nov 21 21:36:58 2023,Emulator.CallbackFunction.html,genie-openj9
Tue Nov 21 21:36:58 2023,Emulator.FunctionReplacer.html,genie-openj9
Tue Nov 21 21:36:58 2023,Emulator.ImageSpace.html,genie-openj9
Tue Nov 21 21:36:58 2023,Emulator.Instruction.html,genie-openj9
Tue Nov 21 21:36:58 2023,Emulator.TraceListener.html,genie-openj9
Tue Nov 21 21:36:58 2023,Emulator.html,genie-openj9
Tue Nov 21 21:36:58 2023,FileFormatException.html,genie-openj9
Tue Nov 21 21:36:58 2023,IntEnumeration.html,genie-openj9
Tue Nov 21 21:36:58 2023,IntegerArray.html,genie-openj9
Tue Nov 21 21:36:58 2023,IntegerLruCache.html,genie-openj9
Tue Nov 21 21:36:58 2023,IntegerMap.html,genie-openj9
Tue Nov 21 21:36:58 2023,IntegerSet.html,genie-openj9
Tue Nov 21 21:36:58 2023,IntegerStack.html,genie-openj9
Tue Nov 21 21:36:58 2023,InvalidTemplateFile.html,genie-openj9
Tue Nov 21 21:36:58 2023,LogFormatter.html,genie-openj9
Tue Nov 21 21:36:58 2023,LongArray.html,genie-openj9
Tue Nov 21 21:36:58 2023,NullIterator.html,genie-openj9
Tue Nov 21 21:36:58 2023,ObjectLruCache.html,genie-openj9
Tue Nov 21 21:36:58 2023,ObjectMap.html,genie-openj9
Tue Nov 21 21:36:58 2023,PrimitiveArray.html,genie-openj9
Tue Nov 21 21:36:58 2023,ProgressMeter.html,genie-openj9
Tue Nov 21 21:36:58 2023,SingletonIterator.html,genie-openj9
Tue Nov 21 21:36:58 2023,SortListener.html,genie-openj9
Tue Nov 21 21:36:58 2023,Template.html,genie-openj9
Tue Nov 21 21:36:58 2023,TemplateField.html,genie-openj9
Tue Nov 21 21:36:58 2023,package-summary.html,genie-openj9
Tue Nov 21 21:36:58 2023,package-tree.html,genie-openj9
Tue Nov 21 21:36:58 2023,package-use.html,genie-openj9
Tue Nov 21 21:36:58 2023,IEventListener.html,genie-openj9
Tue Nov 21 21:36:58 2023,IEventListener.html,genie-openj9
Tue Nov 21 21:36:58 2023,package-summary.html,genie-openj9
Tue Nov 21 21:36:58 2023,package-tree.html,genie-openj9
Tue Nov 21 21:36:58 2023,package-use.html,genie-openj9
Tue Nov 21 21:36:58 2023,CorruptStructuresException.html,genie-openj9
Tue Nov 21 21:36:58 2023,JVMNotDDREnabledException.html,genie-openj9
Tue Nov 21 21:36:58 2023,JVMNotFoundException.html,genie-openj9
Tue Nov 21 21:36:58 2023,MissingDDRStructuresException.html,genie-openj9
Tue Nov 21 21:36:58 2023,UnknownArchitectureException.html,genie-openj9
Tue Nov 21 21:36:58 2023,CorruptStructuresException.html,genie-openj9
Tue Nov 21 21:36:58 2023,JVMNotDDREnabledException.html,genie-openj9
Tue Nov 21 21:36:58 2023,JVMNotFoundException.html,genie-openj9
Tue Nov 21 21:36:58 2023,MissingDDRStructuresException.html,genie-openj9
Tue Nov 21 21:36:58 2023,UnknownArchitectureException.html,genie-openj9
Tue Nov 21 21:36:58 2023,package-summary.html,genie-openj9
Tue Nov 21 21:36:58 2023,package-tree.html,genie-openj9
Tue Nov 21 21:36:58 2023,package-use.html,genie-openj9
Tue Nov 21 21:36:58 2023,CoreFileResolver.html,genie-openj9
Tue Nov 21 21:36:58 2023,DDRLibraryAdapter.html,genie-openj9
Tue Nov 21 21:36:58 2023,DTFJLibraryAdapter.html,genie-openj9
Tue Nov 21 21:36:58 2023,Footer.html,genie-openj9
Tue Nov 21 21:36:58 2023,FooterLibraryEntry.html,genie-openj9
Tue Nov 21 21:36:58 2023,LibraryAdapter.html,genie-openj9
Tue Nov 21 21:36:58 2023,LibraryCollector.CollectionType.html,genie-openj9
Tue Nov 21 21:36:58 2023,LibraryCollector.CollectorResult.html,genie-openj9
Tue Nov 21 21:36:58 2023,LibraryCollector.html,genie-openj9
Tue Nov 21 21:36:58 2023,MonitoredFileOutputStream.html,genie-openj9
Tue Nov 21 21:36:58 2023,SlidingFileInputStream.html,genie-openj9
Tue Nov 21 21:36:58 2023,SlidingImageInputStream.html,genie-openj9
Tue Nov 21 21:36:58 2023,CoreFileResolver.html,genie-openj9
Tue Nov 21 21:36:58 2023,DDRLibraryAdapter.html,genie-openj9
Tue Nov 21 21:36:58 2023,DTFJLibraryAdapter.html,genie-openj9
Tue Nov 21 21:36:58 2023,Footer.html,genie-openj9
Tue Nov 21 21:36:58 2023,FooterLibraryEntry.html,genie-openj9
Tue Nov 21 21:36:58 2023,LibraryAdapter.html,genie-openj9
Tue Nov 21 21:36:58 2023,LibraryCollector.CollectionType.html,genie-openj9
Tue Nov 21 21:36:58 2023,LibraryCollector.CollectorResult.html,genie-openj9
Tue Nov 21 21:36:58 2023,LibraryCollector.html,genie-openj9
Tue Nov 21 21:36:58 2023,MonitoredFileOutputStream.html,genie-openj9
Tue Nov 21 21:36:58 2023,SlidingFileInputStream.html,genie-openj9
Tue Nov 21 21:36:58 2023,SlidingImageInputStream.html,genie-openj9
Tue Nov 21 21:36:58 2023,package-summary.html,genie-openj9
Tue Nov 21 21:36:58 2023,package-tree.html,genie-openj9
Tue Nov 21 21:36:58 2023,package-use.html,genie-openj9
Tue Nov 21 21:36:58 2023,BasicFormatter.html,genie-openj9
Tue Nov 21 21:36:58 2023,LoggerNames.html,genie-openj9
Tue Nov 21 21:36:58 2023,BasicFormatter.html,genie-openj9
Tue Nov 21 21:36:58 2023,LoggerNames.html,genie-openj9
Tue Nov 21 21:36:58 2023,package-summary.html,genie-openj9
Tue Nov 21 21:36:58 2023,package-tree.html,genie-openj9
Tue Nov 21 21:36:58 2023,package-use.html,genie-openj9
Tue Nov 21 21:36:58 2023,package-summary.html,genie-openj9
Tue Nov 21 21:36:58 2023,package-tree.html,genie-openj9
Tue Nov 21 21:36:58 2023,package-use.html,genie-openj9
Tue Nov 21 21:36:58 2023,AddStructureBlob.html,genie-openj9
Tue Nov 21 21:36:58 2023,ClassGenerator.html,genie-openj9
Tue Nov 21 21:36:58 2023,DTFJWalker.html,genie-openj9
Tue Nov 21 21:36:58 2023,FlagStructureList.html,genie-openj9
Tue Nov 21 21:36:58 2023,PointerGenerator.html,genie-openj9
Tue Nov 21 21:36:58 2023,StructureStubGenerator.html,genie-openj9
Tue Nov 21 21:36:58 2023,AddStructureBlob.html,genie-openj9
Tue Nov 21 21:36:58 2023,ClassGenerator.html,genie-openj9
Tue Nov 21 21:36:58 2023,DTFJWalker.html,genie-openj9
Tue Nov 21 21:36:58 2023,FlagStructureList.html,genie-openj9
Tue Nov 21 21:36:58 2023,PointerGenerator.html,genie-openj9
Tue Nov 21 21:36:58 2023,StructureStubGenerator.html,genie-openj9
Tue Nov 21 21:36:58 2023,ASNoProcess.html,genie-openj9
Tue Nov 21 21:36:58 2023,BaseFieldFormatter.html,genie-openj9
Tue Nov 21 21:36:58 2023,BaseJVMCommands.html,genie-openj9
Tue Nov 21 21:36:58 2023,BaseStructureCommand.DefaultStructureFormatter.html,genie-openj9
Tue Nov 21 21:36:58 2023,BaseStructureCommand.html,genie-openj9
Tue Nov 21 21:36:58 2023,BaseStructureFormatter.html,genie-openj9
Tue Nov 21 21:36:58 2023,Command.CommandDescription.html,genie-openj9
Tue Nov 21 21:36:58 2023,Command.html,genie-openj9
Tue Nov 21 21:36:58 2023,CommandUtils.html,genie-openj9
Tue Nov 21 21:36:58 2023,Context.html,genie-openj9
Tue Nov 21 21:36:58 2023,DDRInteractive.ContextCommand.html,genie-openj9
Tue Nov 21 21:36:58 2023,DDRInteractive.J9HelpCommand.html,genie-openj9
Tue Nov 21 21:36:58 2023,DDRInteractive.html,genie-openj9
Tue Nov 21 21:36:58 2023,DDRInteractiveCommandException.html,genie-openj9
Tue Nov 21 21:36:58 2023,ExpressionEvaluator.html,genie-openj9
Tue Nov 21 21:36:58 2023,ExpressionEvaluatorException.html,genie-openj9
Tue Nov 21 21:36:58 2023,ExtractMemoryCommand.html,genie-openj9
Tue Nov 21 21:36:58 2023,FindInMemoryCommand.html,genie-openj9
Tue Nov 21 21:36:58 2023,FormatWalkResult.html,genie-openj9
Tue Nov 21 21:36:58 2023,Humanize.html,genie-openj9
Tue Nov 21 21:36:58 2023,ICommand.html,genie-openj9
Tue Nov 21 21:36:58 2023,IFieldFormatter.html,genie-openj9
Tue Nov 21 21:36:58 2023,IStructureFormatter.html,genie-openj9
Tue Nov 21 21:36:58 2023,J9XCommand.html,genie-openj9
Tue Nov 21 21:36:58 2023,MemoryRangesCommand.html,genie-openj9
Tue Nov 21 21:36:58 2023,MissingVMData.html,genie-openj9
Tue Nov 21 21:36:58 2023,StructureCommandUtil.html,genie-openj9
Tue Nov 21 21:36:58 2023,Table.html,genie-openj9
Tue Nov 21 21:36:58 2023,DataContext.html,genie-openj9
Tue Nov 21 21:36:58 2023,DebugExtension.html,genie-openj9
Tue Nov 21 21:36:58 2023,DataContext.html,genie-openj9
Tue Nov 21 21:36:58 2023,DebugExtension.html,genie-openj9
Tue Nov 21 21:36:58 2023,package-summary.html,genie-openj9
Tue Nov 21 21:36:58 2023,package-tree.html,genie-openj9
Tue Nov 21 21:36:58 2023,package-use.html,genie-openj9
Tue Nov 21 21:36:58 2023,ASNoProcess.html,genie-openj9
Tue Nov 21 21:36:58 2023,BaseFieldFormatter.html,genie-openj9
Tue Nov 21 21:36:58 2023,BaseJVMCommands.html,genie-openj9
Tue Nov 21 21:36:58 2023,BaseStructureCommand.DefaultStructureFormatter.html,genie-openj9
Tue Nov 21 21:36:58 2023,BaseStructureCommand.html,genie-openj9
Tue Nov 21 21:36:58 2023,BaseStructureFormatter.html,genie-openj9
Tue Nov 21 21:36:58 2023,Command.CommandDescription.html,genie-openj9
Tue Nov 21 21:36:58 2023,Command.html,genie-openj9
Tue Nov 21 21:36:58 2023,CommandUtils.html,genie-openj9
Tue Nov 21 21:36:58 2023,Context.html,genie-openj9
Tue Nov 21 21:36:58 2023,DDRInteractive.ContextCommand.html,genie-openj9
Tue Nov 21 21:36:58 2023,DDRInteractive.J9HelpCommand.html,genie-openj9
Tue Nov 21 21:36:58 2023,DDRInteractive.html,genie-openj9
Tue Nov 21 21:36:58 2023,DDRInteractiveCommandException.html,genie-openj9
Tue Nov 21 21:36:58 2023,ExpressionEvaluator.html,genie-openj9
Tue Nov 21 21:36:58 2023,ExpressionEvaluatorException.html,genie-openj9
Tue Nov 21 21:36:58 2023,ExtractMemoryCommand.html,genie-openj9
Tue Nov 21 21:36:58 2023,FindInMemoryCommand.html,genie-openj9
Tue Nov 21 21:36:58 2023,FormatWalkResult.html,genie-openj9
Tue Nov 21 21:36:58 2023,Humanize.html,genie-openj9
Tue Nov 21 21:36:58 2023,ICommand.html,genie-openj9
Tue Nov 21 21:36:58 2023,IFieldFormatter.html,genie-openj9
Tue Nov 21 21:36:58 2023,IStructureFormatter.html,genie-openj9
Tue Nov 21 21:36:58 2023,J9XCommand.html,genie-openj9
Tue Nov 21 21:36:58 2023,MemoryRangesCommand.html,genie-openj9
Tue Nov 21 21:36:58 2023,MissingVMData.html,genie-openj9
Tue Nov 21 21:36:58 2023,StructureCommandUtil.html,genie-openj9
Tue Nov 21 21:36:58 2023,Table.html,genie-openj9
Tue Nov 21 21:36:58 2023,ForeachCommand.html,genie-openj9
Tue Nov 21 21:36:58 2023,GpInfoCommand.html,genie-openj9
Tue Nov 21 21:36:58 2023,LookupSymbolCommand.html,genie-openj9
Tue Nov 21 21:36:58 2023,NativeLibrariesCommand.html,genie-openj9
Tue Nov 21 21:36:58 2023,NativeStacksCommand.html,genie-openj9
Tue Nov 21 21:36:58 2023,SnapBaseCommand.html,genie-openj9
Tue Nov 21 21:36:58 2023,SnapFormatCommand.html,genie-openj9
Tue Nov 21 21:36:58 2023,SnapFormatWrapperCommand.html,genie-openj9
Tue Nov 21 21:36:58 2023,SnapTraceCommand.html,genie-openj9
Tue Nov 21 21:36:58 2023,TimeCommand.html,genie-openj9
Tue Nov 21 21:36:58 2023,TraceFileHeaderWriter.html,genie-openj9
Tue Nov 21 21:36:58 2023,ForeachCommand.html,genie-openj9
Tue Nov 21 21:36:58 2023,GpInfoCommand.html,genie-openj9
Tue Nov 21 21:36:58 2023,LookupSymbolCommand.html,genie-openj9
Tue Nov 21 21:36:58 2023,NativeLibrariesCommand.html,genie-openj9
Tue Nov 21 21:36:58 2023,NativeStacksCommand.html,genie-openj9
Tue Nov 21 21:36:58 2023,SnapBaseCommand.html,genie-openj9
Tue Nov 21 21:36:58 2023,SnapFormatCommand.html,genie-openj9
Tue Nov 21 21:36:58 2023,SnapFormatWrapperCommand.html,genie-openj9
Tue Nov 21 21:36:58 2023,SnapTraceCommand.html,genie-openj9
Tue Nov 21 21:36:58 2023,TimeCommand.html,genie-openj9
Tue Nov 21 21:36:58 2023,TraceFileHeaderWriter.html,genie-openj9
Tue Nov 21 21:36:58 2023,package-summary.html,genie-openj9
Tue Nov 21 21:36:58 2023,package-tree.html,genie-openj9
Tue Nov 21 21:36:58 2023,package-use.html,genie-openj9
Tue Nov 21 21:36:58 2023,package-summary.html,genie-openj9
Tue Nov 21 21:36:58 2023,package-tree.html,genie-openj9
Tue Nov 21 21:36:58 2023,package-use.html,genie-openj9
Tue Nov 21 21:36:58 2023,DDRInteractiveClassLoader.html,genie-openj9
Tue Nov 21 21:36:58 2023,PluginCommand.html,genie-openj9
Tue Nov 21 21:36:58 2023,PluginConfig.html,genie-openj9
Tue Nov 21 21:36:58 2023,DDRInteractiveClassLoader.html,genie-openj9
Tue Nov 21 21:36:58 2023,PluginCommand.html,genie-openj9
Tue Nov 21 21:36:58 2023,PluginConfig.html,genie-openj9
Tue Nov 21 21:36:58 2023,package-summary.html,genie-openj9
Tue Nov 21 21:36:58 2023,package-tree.html,genie-openj9
Tue Nov 21 21:36:58 2023,package-use.html,genie-openj9
Tue Nov 21 21:36:58 2023,LogFilter.html,genie-openj9
Tue Nov 21 21:36:58 2023,LogFilter.html,genie-openj9
Tue Nov 21 21:36:58 2023,package-summary.html,genie-openj9
Tue Nov 21 21:36:58 2023,package-tree.html,genie-openj9
Tue Nov 21 21:36:58 2023,package-use.html,genie-openj9
Tue Nov 21 21:36:58 2023,package-summary.html,genie-openj9
Tue Nov 21 21:36:58 2023,package-tree.html,genie-openj9
Tue Nov 21 21:36:58 2023,package-use.html,genie-openj9
Tue Nov 21 21:36:58 2023,J9DDRStructureStore.html,genie-openj9
Tue Nov 21 21:36:58 2023,StructureKey.html,genie-openj9
Tue Nov 21 21:36:58 2023,StructureMismatchError.html,genie-openj9
Tue Nov 21 21:36:58 2023,J9DDRStructureStore.html,genie-openj9
Tue Nov 21 21:36:58 2023,StructureKey.html,genie-openj9
Tue Nov 21 21:36:58 2023,StructureMismatchError.html,genie-openj9
Tue Nov 21 21:36:58 2023,package-summary.html,genie-openj9
Tue Nov 21 21:36:58 2023,package-tree.html,genie-openj9
Tue Nov 21 21:36:58 2023,package-use.html,genie-openj9
Tue Nov 21 21:36:58 2023,XMLDOMComparator.html,genie-openj9
Tue Nov 21 21:36:58 2023,XMLDOMComparator.html,genie-openj9
Tue Nov 21 21:36:58 2023,package-summary.html,genie-openj9
Tue Nov 21 21:36:58 2023,package-tree.html,genie-openj9
Tue Nov 21 21:36:58 2023,package-use.html,genie-openj9
Tue Nov 21 21:36:58 2023,GeneratedClassDebugging.html,genie-openj9
Tue Nov 21 21:36:58 2023,IteratorHelpers.IteratorFilter.html,genie-openj9
Tue Nov 21 21:36:58 2023,IteratorHelpers.html,genie-openj9
Tue Nov 21 21:36:58 2023,PatternString.PatternStringPair.html,genie-openj9
Tue Nov 21 21:36:58 2023,PatternString.html,genie-openj9
Tue Nov 21 21:36:58 2023,RuntimeTypeResolutionUtils.html,genie-openj9
Tue Nov 21 21:36:58 2023,WeakValueMap.html,genie-openj9
Tue Nov 21 21:36:58 2023,GeneratedClassDebugging.html,genie-openj9
Tue Nov 21 21:36:58 2023,IteratorHelpers.IteratorFilter.html,genie-openj9
Tue Nov 21 21:36:58 2023,IteratorHelpers.html,genie-openj9
Tue Nov 21 21:36:58 2023,PatternString.PatternStringPair.html,genie-openj9
Tue Nov 21 21:36:58 2023,PatternString.html,genie-openj9
Tue Nov 21 21:36:58 2023,RuntimeTypeResolutionUtils.html,genie-openj9
Tue Nov 21 21:36:58 2023,WeakValueMap.html,genie-openj9
Tue Nov 21 21:36:58 2023,package-summary.html,genie-openj9
Tue Nov 21 21:36:58 2023,package-tree.html,genie-openj9
Tue Nov 21 21:36:58 2023,package-use.html,genie-openj9
Tue Nov 21 21:36:58 2023,DTFJConstants.html,genie-openj9
Tue Nov 21 21:36:58 2023,DTFJCorruptDataException.html,genie-openj9
Tue Nov 21 21:36:58 2023,J9DDRDTFJUtils.html,genie-openj9
Tue Nov 21 21:36:58 2023,DTFJConstants.html,genie-openj9
Tue Nov 21 21:36:58 2023,DTFJCorruptDataException.html,genie-openj9
Tue Nov 21 21:36:58 2023,J9DDRDTFJUtils.html,genie-openj9
Tue Nov 21 21:36:58 2023,J9DDRBaseImageThread.html,genie-openj9
Tue Nov 21 21:36:58 2023,J9DDRCorruptData.html,genie-openj9
Tue Nov 21 21:36:58 2023,J9DDRImage.html,genie-openj9
Tue Nov 21 21:36:58 2023,J9DDRImageAddressSpace.html,genie-openj9
Tue Nov 21 21:36:58 2023,J9DDRImageFactory.html,genie-openj9
Tue Nov 21 21:36:58 2023,J9DDRImageModule.html,genie-openj9
Tue Nov 21 21:36:58 2023,J9DDRImagePointer.html,genie-openj9
Tue Nov 21 21:36:58 2023,J9DDRImageProcess.html,genie-openj9
Tue Nov 21 21:36:58 2023,J9DDRImageRegister.html,genie-openj9
Tue Nov 21 21:36:58 2023,J9DDRImageSection.html,genie-openj9
Tue Nov 21 21:36:58 2023,J9DDRImageStackFrame.html,genie-openj9
Tue Nov 21 21:36:58 2023,J9DDRImageSymbol.html,genie-openj9
Tue Nov 21 21:36:58 2023,J9DDRImageThread.html,genie-openj9
Tue Nov 21 21:36:58 2023,J9DDRStubImageThread.html,genie-openj9
Tue Nov 21 21:36:58 2023,J9RASImageDataFactory.MachineData.html,genie-openj9
Tue Nov 21 21:36:58 2023,J9RASImageDataFactory.ProcessData.html,genie-openj9
Tue Nov 21 21:36:58 2023,J9RASImageDataFactory.html,genie-openj9
Tue Nov 21 21:36:58 2023,J9DDRBaseImageThread.html,genie-openj9
Tue Nov 21 21:36:58 2023,J9DDRCorruptData.html,genie-openj9
Tue Nov 21 21:36:58 2023,J9DDRImage.html,genie-openj9
Tue Nov 21 21:36:58 2023,J9DDRImageAddressSpace.html,genie-openj9
Tue Nov 21 21:36:58 2023,J9DDRImageFactory.html,genie-openj9
Tue Nov 21 21:36:58 2023,J9DDRImageModule.html,genie-openj9
Tue Nov 21 21:36:58 2023,J9DDRImagePointer.html,genie-openj9
Tue Nov 21 21:36:58 2023,J9DDRImageProcess.html,genie-openj9
Tue Nov 21 21:36:58 2023,J9DDRImageRegister.html,genie-openj9
Tue Nov 21 21:36:58 2023,J9DDRImageSection.html,genie-openj9
Tue Nov 21 21:36:58 2023,J9DDRImageStackFrame.html,genie-openj9
Tue Nov 21 21:36:58 2023,J9DDRImageSymbol.html,genie-openj9
Tue Nov 21 21:36:58 2023,J9DDRImageThread.html,genie-openj9
Tue Nov 21 21:36:58 2023,J9DDRStubImageThread.html,genie-openj9
Tue Nov 21 21:36:58 2023,J9RASImageDataFactory.MachineData.html,genie-openj9
Tue Nov 21 21:36:58 2023,J9RASImageDataFactory.ProcessData.html,genie-openj9
Tue Nov 21 21:36:58 2023,J9RASImageDataFactory.html,genie-openj9
Tue Nov 21 21:36:58 2023,package-summary.html,genie-openj9
Tue Nov 21 21:36:58 2023,package-tree.html,genie-openj9
Tue Nov 21 21:36:58 2023,package-use.html,genie-openj9
Tue Nov 21 21:36:58 2023,IDTFJJavaField.html,genie-openj9
Tue Nov 21 21:36:58 2023,IDTFJJavaField.html,genie-openj9
Tue Nov 21 21:36:58 2023,DTFJJavaClassHelper.html,genie-openj9
Tue Nov 21 21:36:58 2023,DTFJJavaFieldHelper.html,genie-openj9
Tue Nov 21 21:36:58 2023,DTFJJavaRuntimeHelper.html,genie-openj9
Tue Nov 21 21:36:58 2023,DTFJJavaClassHelper.html,genie-openj9
Tue Nov 21 21:36:58 2023,DTFJJavaFieldHelper.html,genie-openj9
Tue Nov 21 21:36:58 2023,DTFJJavaRuntimeHelper.html,genie-openj9
Tue Nov 21 21:36:58 2023,package-summary.html,genie-openj9
Tue Nov 21 21:36:58 2023,package-tree.html,genie-openj9
Tue Nov 21 21:36:58 2023,package-use.html,genie-openj9
Tue Nov 21 21:36:58 2023,package-summary.html,genie-openj9
Tue Nov 21 21:36:58 2023,package-tree.html,genie-openj9
Tue Nov 21 21:36:58 2023,package-use.html,genie-openj9
Tue Nov 21 21:36:58 2023,package-summary.html,genie-openj9
Tue Nov 21 21:36:58 2023,package-tree.html,genie-openj9
Tue Nov 21 21:36:58 2023,package-use.html,genie-openj9
Tue Nov 21 21:36:58 2023,Bootstrap.html,genie-openj9
Tue Nov 21 21:36:58 2023,NativeRuntime.html,genie-openj9
Tue Nov 21 21:36:58 2023,Bootstrap.html,genie-openj9
Tue Nov 21 21:36:58 2023,NativeRuntime.html,genie-openj9
Tue Nov 21 21:36:58 2023,package-summary.html,genie-openj9
Tue Nov 21 21:36:58 2023,package-tree.html,genie-openj9
Tue Nov 21 21:36:58 2023,package-use.html,genie-openj9
Tue Nov 21 21:36:58 2023,DefaultEventListener.html,genie-openj9
Tue Nov 21 21:36:58 2023,EventManager.html,genie-openj9
Tue Nov 21 21:36:58 2023,DefaultEventListener.html,genie-openj9
Tue Nov 21 21:36:58 2023,EventManager.html,genie-openj9
Tue Nov 21 21:36:58 2023,package-summary.html,genie-openj9
Tue Nov 21 21:36:58 2023,package-tree.html,genie-openj9
Tue Nov 21 21:36:58 2023,package-use.html,genie-openj9
Tue Nov 21 21:36:58 2023,AVLTree.html,genie-openj9
Tue Nov 21 21:36:58 2023,AddressAwareRootScanner.html,genie-openj9
Tue Nov 21 21:36:58 2023,AlgorithmPicker.html,genie-openj9
Tue Nov 21 21:36:58 2023,AlgorithmVersion.html,genie-openj9
Tue Nov 21 21:36:58 2023,ArgBits.html,genie-openj9
Tue Nov 21 21:36:58 2023,BCNames.html,genie-openj9
Tue Nov 21 21:36:58 2023,BaseAlgorithm.html,genie-openj9
Tue Nov 21 21:36:58 2023,BytecodeWalk.html,genie-openj9
Tue Nov 21 21:36:58 2023,ConstantPoolHelpers.html,genie-openj9
Tue Nov 21 21:36:58 2023,DataType.html,genie-openj9
Tue Nov 21 21:36:58 2023,GCVMThreadStackSlotIterator.html,genie-openj9
Tue Nov 21 21:36:58 2023,HashTable.HashEqualFunction.html,genie-openj9
Tue Nov 21 21:36:58 2023,HashTable.HashFunction.html,genie-openj9
Tue Nov 21 21:36:58 2023,HashTable.html,genie-openj9
Tue Nov 21 21:36:58 2023,HashTable_V1.html,genie-openj9
Tue Nov 21 21:36:58 2023,IAVLSearchComparator.html,genie-openj9
Tue Nov 21 21:36:58 2023,IAlgorithm.html,genie-openj9
Tue Nov 21 21:36:58 2023,IHashTable.html,genie-openj9
Tue Nov 21 21:36:58 2023,J9ConstantHelper.html,genie-openj9
Tue Nov 21 21:36:58 2023,J9JavaStackIterator.html,genie-openj9
Tue Nov 21 21:36:58 2023,J9ObjectFieldOffset.html,genie-openj9
Tue Nov 21 21:36:58 2023,J9ObjectFieldOffsetIterator.html,genie-openj9
Tue Nov 21 21:36:58 2023,J9ObjectFieldOffsetIterator_V1.html,genie-openj9
Tue Nov 21 21:36:58 2023,J9ROMFieldShapeIterator.html,genie-openj9
Tue Nov 21 21:36:58 2023,J9ThreadMonitorHelper.html,genie-openj9
Tue Nov 21 21:36:58 2023,J9VMThreadPointerUtil.ThreadInfo.html,genie-openj9
Tue Nov 21 21:36:58 2023,J9VMThreadPointerUtil.html,genie-openj9
Tue Nov 21 21:36:58 2023,JITLook.html,genie-openj9
Tue Nov 21 21:36:58 2023,JVMTIObjectTagTable.ObjectTagEqualFunction.html,genie-openj9
Tue Nov 21 21:36:58 2023,JVMTIObjectTagTable.ObjectTagHashFunction.html,genie-openj9
Tue Nov 21 21:36:58 2023,JVMTIObjectTagTable.html,genie-openj9
Tue Nov 21 21:36:58 2023,JavaLangClassLoaderHelper.html,genie-openj9
Tue Nov 21 21:36:58 2023,LiveSetWalker.ObjectVisitor.html,genie-openj9
Tue Nov 21 21:36:58 2023,LiveSetWalker.html,genie-openj9
Tue Nov 21 21:36:58 2023,ModuleHashTable.html,genie-openj9
Tue Nov 21 21:36:58 2023,MonitorTable.MonitorEqualFunction_V1.html,genie-openj9
Tue Nov 21 21:36:58 2023,MonitorTable.MonitorHashFunction_V1.html,genie-openj9
Tue Nov 21 21:36:58 2023,MonitorTable.html,genie-openj9
Tue Nov 21 21:36:58 2023,MonitorTableList.html,genie-openj9
Tue Nov 21 21:36:58 2023,MonitorTableListIterator.html,genie-openj9
Tue Nov 21 21:36:58 2023,ObjectAccessBarrier.html,genie-openj9
Tue Nov 21 21:36:58 2023,ObjectFieldInfo.html,genie-openj9
Tue Nov 21 21:36:58 2023,ObjectHash.html,genie-openj9
Tue Nov 21 21:36:58 2023,ObjectModel.html,genie-openj9
Tue Nov 21 21:36:58 2023,ObjectMonitor.html,genie-openj9
Tue Nov 21 21:36:58 2023,OptInfo.html,genie-openj9
Tue Nov 21 21:36:58 2023,PCStack.html,genie-openj9
Tue Nov 21 21:36:58 2023,PackageHashTable.html,genie-openj9
Tue Nov 21 21:36:58 2023,Pool.html,genie-openj9
Tue Nov 21 21:36:58 2023,Pool_29_V0.html,genie-openj9
Tue Nov 21 21:36:58 2023,ROMHelp.html,genie-openj9
Tue Nov 21 21:36:58 2023,RootScanner.Reachability.html,genie-openj9
Tue Nov 21 21:36:58 2023,RootScanner.html,genie-openj9
Tue Nov 21 21:36:58 2023,RootSet.RootSetType.html,genie-openj9
Tue Nov 21 21:36:58 2023,RootSet.html,genie-openj9
Tue Nov 21 21:36:58 2023,SendSlot.html,genie-openj9
Tue Nov 21 21:36:58 2023,SlotIterator.html,genie-openj9
Tue Nov 21 21:36:58 2023,StackRoots.html,genie-openj9
Tue Nov 21 21:36:58 2023,StringTable.StringComparatorFunction.html,genie-openj9
Tue Nov 21 21:36:58 2023,StringTable.StringEqualFunction.html,genie-openj9
Tue Nov 21 21:36:58 2023,StringTable.StringHashFunction.html,genie-openj9
Tue Nov 21 21:36:58 2023,StringTable.html,genie-openj9
Tue Nov 21 21:36:58 2023,SystemMonitor.html,genie-openj9
Tue Nov 21 21:36:58 2023,SystemMonitorSingleTier_V1.html,genie-openj9
Tue Nov 21 21:36:58 2023,SystemMonitorThreeTier_V1.html,genie-openj9
Tue Nov 21 21:36:58 2023,VMConstantPool.html,genie-openj9
Tue Nov 21 21:36:58 2023,VMData.html,genie-openj9
Tue Nov 21 21:36:58 2023,VrfyTbl.html,genie-openj9
Tue Nov 21 21:36:58 2023,AVLTree.html,genie-openj9
Tue Nov 21 21:36:58 2023,AddressAwareRootScanner.html,genie-openj9
Tue Nov 21 21:36:58 2023,AlgorithmPicker.html,genie-openj9
Tue Nov 21 21:36:58 2023,AlgorithmVersion.html,genie-openj9
Tue Nov 21 21:36:58 2023,ArgBits.html,genie-openj9
Tue Nov 21 21:36:58 2023,BCNames.html,genie-openj9
Tue Nov 21 21:36:58 2023,BaseAlgorithm.html,genie-openj9
Tue Nov 21 21:36:58 2023,BytecodeWalk.html,genie-openj9
Tue Nov 21 21:36:58 2023,ConstantPoolHelpers.html,genie-openj9
Tue Nov 21 21:36:58 2023,DataType.html,genie-openj9
Tue Nov 21 21:36:58 2023,GCVMThreadStackSlotIterator.html,genie-openj9
Tue Nov 21 21:36:58 2023,HashTable.HashEqualFunction.html,genie-openj9
Tue Nov 21 21:36:58 2023,HashTable.HashFunction.html,genie-openj9
Tue Nov 21 21:36:58 2023,HashTable.html,genie-openj9
Tue Nov 21 21:36:58 2023,HashTable_V1.html,genie-openj9
Tue Nov 21 21:36:58 2023,IAVLSearchComparator.html,genie-openj9
Tue Nov 21 21:36:58 2023,IAlgorithm.html,genie-openj9
Tue Nov 21 21:36:58 2023,IHashTable.html,genie-openj9
Tue Nov 21 21:36:58 2023,J9ConstantHelper.html,genie-openj9
Tue Nov 21 21:36:58 2023,J9JavaStackIterator.html,genie-openj9
Tue Nov 21 21:36:58 2023,J9ObjectFieldOffset.html,genie-openj9
Tue Nov 21 21:36:58 2023,J9ObjectFieldOffsetIterator.html,genie-openj9
Tue Nov 21 21:36:58 2023,J9ObjectFieldOffsetIterator_V1.html,genie-openj9
Tue Nov 21 21:36:58 2023,J9ROMFieldShapeIterator.html,genie-openj9
Tue Nov 21 21:36:58 2023,J9ThreadMonitorHelper.html,genie-openj9
Tue Nov 21 21:36:58 2023,J9VMThreadPointerUtil.ThreadInfo.html,genie-openj9
Tue Nov 21 21:36:58 2023,J9VMThreadPointerUtil.html,genie-openj9
Tue Nov 21 21:36:58 2023,JITLook.html,genie-openj9
Tue Nov 21 21:36:58 2023,JVMTIObjectTagTable.ObjectTagEqualFunction.html,genie-openj9
Tue Nov 21 21:36:58 2023,JVMTIObjectTagTable.ObjectTagHashFunction.html,genie-openj9
Tue Nov 21 21:36:58 2023,JVMTIObjectTagTable.html,genie-openj9
Tue Nov 21 21:36:58 2023,JavaLangClassLoaderHelper.html,genie-openj9
Tue Nov 21 21:36:58 2023,LiveSetWalker.ObjectVisitor.html,genie-openj9
Tue Nov 21 21:36:58 2023,LiveSetWalker.html,genie-openj9
Tue Nov 21 21:36:58 2023,ModuleHashTable.html,genie-openj9
Tue Nov 21 21:36:58 2023,MonitorTable.MonitorEqualFunction_V1.html,genie-openj9
Tue Nov 21 21:36:58 2023,MonitorTable.MonitorHashFunction_V1.html,genie-openj9
Tue Nov 21 21:36:58 2023,MonitorTable.html,genie-openj9
Tue Nov 21 21:36:58 2023,MonitorTableList.html,genie-openj9
Tue Nov 21 21:36:58 2023,MonitorTableListIterator.html,genie-openj9
Tue Nov 21 21:36:58 2023,ObjectAccessBarrier.html,genie-openj9
Tue Nov 21 21:36:58 2023,ObjectFieldInfo.html,genie-openj9
Tue Nov 21 21:36:58 2023,ObjectHash.html,genie-openj9
Tue Nov 21 21:36:58 2023,ObjectModel.html,genie-openj9
Tue Nov 21 21:36:58 2023,ObjectMonitor.html,genie-openj9
Tue Nov 21 21:36:58 2023,OptInfo.html,genie-openj9
Tue Nov 21 21:36:58 2023,PCStack.html,genie-openj9
Tue Nov 21 21:36:58 2023,PackageHashTable.html,genie-openj9
Tue Nov 21 21:36:58 2023,Pool.html,genie-openj9
Tue Nov 21 21:36:58 2023,Pool_29_V0.html,genie-openj9
Tue Nov 21 21:36:58 2023,ROMHelp.html,genie-openj9
Tue Nov 21 21:36:58 2023,RootScanner.Reachability.html,genie-openj9
Tue Nov 21 21:36:58 2023,RootScanner.html,genie-openj9
Tue Nov 21 21:36:58 2023,RootSet.RootSetType.html,genie-openj9
Tue Nov 21 21:36:58 2023,RootSet.html,genie-openj9
Tue Nov 21 21:36:58 2023,SendSlot.html,genie-openj9
Tue Nov 21 21:36:58 2023,SlotIterator.html,genie-openj9
Tue Nov 21 21:36:58 2023,StackRoots.html,genie-openj9
Tue Nov 21 21:36:58 2023,StringTable.StringComparatorFunction.html,genie-openj9
Tue Nov 21 21:36:58 2023,StringTable.StringEqualFunction.html,genie-openj9
Tue Nov 21 21:36:58 2023,StringTable.StringHashFunction.html,genie-openj9
Tue Nov 21 21:36:58 2023,StringTable.html,genie-openj9
Tue Nov 21 21:36:58 2023,SystemMonitor.html,genie-openj9
Tue Nov 21 21:36:58 2023,SystemMonitorSingleTier_V1.html,genie-openj9
Tue Nov 21 21:36:58 2023,SystemMonitorThreeTier_V1.html,genie-openj9
Tue Nov 21 21:36:58 2023,VMConstantPool.html,genie-openj9
Tue Nov 21 21:36:58 2023,VMData.html,genie-openj9
Tue Nov 21 21:36:58 2023,VrfyTbl.html,genie-openj9
Tue Nov 21 21:36:58 2023,CorruptFreeEntryException.html,genie-openj9
Tue Nov 21 21:36:58 2023,CorruptHintException.html,genie-openj9
Tue Nov 21 21:36:58 2023,GCArrayletObjectModelBase.html,genie-openj9
Tue Nov 21 21:36:58 2023,GCBase.html,genie-openj9
Tue Nov 21 21:36:58 2023,GCCardCleaner.html,genie-openj9
Tue Nov 21 21:36:58 2023,GCCardTable.html,genie-openj9
Tue Nov 21 21:36:58 2023,GCClassArrayClassSlotIterator.html,genie-openj9
Tue Nov 21 21:36:58 2023,GCClassHeapIterator.html,genie-openj9
Tue Nov 21 21:36:58 2023,GCClassIterator.html,genie-openj9
Tue Nov 21 21:36:58 2023,GCClassIteratorClassSlots.html,genie-openj9
Tue Nov 21 21:36:58 2023,GCClassLoaderIterator.html,genie-openj9
Tue Nov 21 21:36:58 2023,GCClassLoaderSegmentClassesIterator.html,genie-openj9
Tue Nov 21 21:36:58 2023,GCClassLoaderSegmentIterator.html,genie-openj9
Tue Nov 21 21:36:58 2023,GCClassLocalInterfaceIterator.html,genie-openj9
Tue Nov 21 21:36:58 2023,GCClassStaticsIterator.html,genie-openj9
Tue Nov 21 21:36:58 2023,GCClassSuperclassesIterator.html,genie-openj9
Tue Nov 21 21:36:58 2023,GCConstantPoolClassSlotIterator.html,genie-openj9
Tue Nov 21 21:36:58 2023,GCConstantPoolObjectSlotIterator.html,genie-openj9
Tue Nov 21 21:36:58 2023,GCConstantPoolSlotIterator.html,genie-openj9
Tue Nov 21 21:36:58 2023,GCExtensions.html,genie-openj9
Tue Nov 21 21:36:58 2023,GCFinalizableObjectIterator.html,genie-openj9
Tue Nov 21 21:36:58 2023,GCFreeListHeapIterator.html,genie-openj9
Tue Nov 21 21:36:58 2023,GCFreeListIteratorAggregatedCellList.html,genie-openj9
Tue Nov 21 21:36:58 2023,GCHeapLinkedFreeHeader.html,genie-openj9
Tue Nov 21 21:36:58 2023,GCHeapMap.MarkedObject.html,genie-openj9
Tue Nov 21 21:36:58 2023,GCHeapMap.html,genie-openj9
Tue Nov 21 21:36:58 2023,GCHeapMapWordIterator.html,genie-openj9
Tue Nov 21 21:36:58 2023,GCHeapRegionDescriptor.html,genie-openj9
Tue Nov 21 21:36:58 2023,GCHeapRegionDescriptorSegregated_V1.html,genie-openj9
Tue Nov 21 21:36:58 2023,GCHeapRegionIterator.html,genie-openj9
Tue Nov 21 21:36:58 2023,GCHeapRegionManager.html,genie-openj9
Tue Nov 21 21:36:58 2023,GCHeapSpanRegionIterator.html,genie-openj9
Tue Nov 21 21:36:58 2023,GCIterator.html,genie-openj9
Tue Nov 21 21:36:58 2023,GCJNIGlobalReferenceIterator.html,genie-openj9
Tue Nov 21 21:36:58 2023,GCJNIWeakGlobalReferenceIterator.html,genie-openj9
Tue Nov 21 21:36:58 2023,GCJVMTIObjectTagTableIterator.html,genie-openj9
Tue Nov 21 21:36:58 2023,GCJVMTIObjectTagTableListIterator.html,genie-openj9
Tue Nov 21 21:36:58 2023,GCMarkMap.html,genie-openj9
Tue Nov 21 21:36:58 2023,GCMarkMapStandard.html,genie-openj9
Tue Nov 21 21:36:58 2023,GCMemoryPool.MemoryPoolType.html,genie-openj9
Tue Nov 21 21:36:58 2023,GCMemoryPool.html,genie-openj9
Tue Nov 21 21:36:58 2023,GCMemoryPoolAddressOrderedList.html,genie-openj9
Tue Nov 21 21:36:58 2023,GCMemoryPoolAggregatedCellList.html,genie-openj9
Tue Nov 21 21:36:58 2023,GCMemoryPoolIterator.html,genie-openj9
Tue Nov 21 21:36:58 2023,GCMemoryPoolSplitAddressOrderedList.html,genie-openj9
Tue Nov 21 21:36:58 2023,GCModronAllocateHintIterator.html,genie-openj9
Tue Nov 21 21:36:58 2023,GCModronAllocateHintIteratorAOL.html,genie-openj9
Tue Nov 21 21:36:58 2023,GCModronAllocateHintIteratorSAOL.html,genie-openj9
Tue Nov 21 21:36:58 2023,GCMonitorReferenceIterator.html,genie-openj9
Tue Nov 21 21:36:58 2023,GCObjectHeapIterator.html,genie-openj9
Tue Nov 21 21:36:58 2023,GCObjectHeapIteratorMarkMapIterator_V1.html,genie-openj9
Tue Nov 21 21:36:58 2023,GCObjectHeapIteratorNullIterator.html,genie-openj9
Tue Nov 21 21:36:58 2023,GCObjectIterator.html,genie-openj9
Tue Nov 21 21:36:58 2023,GCObjectModel.html,genie-openj9
Tue Nov 21 21:36:58 2023,GCOwnableSynchronizerObjectListIterator.html,genie-openj9
Tue Nov 21 21:36:58 2023,GCRememberedSetIterator.html,genie-openj9
Tue Nov 21 21:36:58 2023,GCRememberedSetSlotIterator.html,genie-openj9
Tue Nov 21 21:36:58 2023,GCScavengerForwardedHeader.html,genie-openj9
Tue Nov 21 21:36:58 2023,GCSegmentIterator.html,genie-openj9
Tue Nov 21 21:36:58 2023,GCStringCacheTableIterator.html,genie-openj9
Tue Nov 21 21:36:58 2023,GCStringTableIterator.html,genie-openj9
Tue Nov 21 21:36:58 2023,GCUnfinalizedListIterator.html,genie-openj9
Tue Nov 21 21:36:58 2023,GCUnfinalizedListSlotIterator.html,genie-openj9
Tue Nov 21 21:36:58 2023,GCUnfinalizedObjectListIterator.html,genie-openj9
Tue Nov 21 21:36:58 2023,GCVMClassSlotIterator.html,genie-openj9
Tue Nov 21 21:36:58 2023,GCVMThreadIterator.html,genie-openj9
Tue Nov 21 21:36:58 2023,GCVMThreadJNISlotIterator.html,genie-openj9
Tue Nov 21 21:36:58 2023,GCVMThreadListIterator.html,genie-openj9
Tue Nov 21 21:36:58 2023,GCVMThreadMonitorRecordSlotIterator.html,genie-openj9
Tue Nov 21 21:36:58 2023,GCVMThreadSlotIterator.html,genie-openj9
Tue Nov 21 21:36:58 2023,MMObjectAccessBarrier.html,genie-openj9
Tue Nov 21 21:36:58 2023,CorruptFreeEntryException.html,genie-openj9
Tue Nov 21 21:36:58 2023,CorruptHintException.html,genie-openj9
Tue Nov 21 21:36:58 2023,GCArrayletObjectModelBase.html,genie-openj9
Tue Nov 21 21:36:58 2023,GCBase.html,genie-openj9
Tue Nov 21 21:36:58 2023,GCCardCleaner.html,genie-openj9
Tue Nov 21 21:36:58 2023,GCCardTable.html,genie-openj9
Tue Nov 21 21:36:58 2023,GCClassArrayClassSlotIterator.html,genie-openj9
Tue Nov 21 21:36:58 2023,GCClassHeapIterator.html,genie-openj9
Tue Nov 21 21:36:58 2023,GCClassIterator.html,genie-openj9
Tue Nov 21 21:36:58 2023,GCClassIteratorClassSlots.html,genie-openj9
Tue Nov 21 21:36:58 2023,GCClassLoaderIterator.html,genie-openj9
Tue Nov 21 21:36:58 2023,GCClassLoaderSegmentClassesIterator.html,genie-openj9
Tue Nov 21 21:36:58 2023,GCClassLoaderSegmentIterator.html,genie-openj9
Tue Nov 21 21:36:58 2023,GCClassLocalInterfaceIterator.html,genie-openj9
Tue Nov 21 21:36:58 2023,GCClassStaticsIterator.html,genie-openj9
Tue Nov 21 21:36:58 2023,GCClassSuperclassesIterator.html,genie-openj9
Tue Nov 21 21:36:58 2023,GCConstantPoolClassSlotIterator.html,genie-openj9
Tue Nov 21 21:36:58 2023,GCConstantPoolObjectSlotIterator.html,genie-openj9
Tue Nov 21 21:36:58 2023,GCConstantPoolSlotIterator.html,genie-openj9
Tue Nov 21 21:36:58 2023,GCExtensions.html,genie-openj9
Tue Nov 21 21:36:58 2023,GCFinalizableObjectIterator.html,genie-openj9
Tue Nov 21 21:36:58 2023,GCFreeListHeapIterator.html,genie-openj9
Tue Nov 21 21:36:58 2023,GCFreeListIteratorAggregatedCellList.html,genie-openj9
Tue Nov 21 21:36:58 2023,GCHeapLinkedFreeHeader.html,genie-openj9
Tue Nov 21 21:36:58 2023,GCHeapMap.MarkedObject.html,genie-openj9
Tue Nov 21 21:36:58 2023,GCHeapMap.html,genie-openj9
Tue Nov 21 21:36:58 2023,GCHeapMapWordIterator.html,genie-openj9
Tue Nov 21 21:36:58 2023,GCHeapRegionDescriptor.html,genie-openj9
Tue Nov 21 21:36:58 2023,GCHeapRegionDescriptorSegregated_V1.html,genie-openj9
Tue Nov 21 21:36:58 2023,GCHeapRegionIterator.html,genie-openj9
Tue Nov 21 21:36:58 2023,GCHeapRegionManager.html,genie-openj9
Tue Nov 21 21:36:58 2023,GCHeapSpanRegionIterator.html,genie-openj9
Tue Nov 21 21:36:58 2023,GCIterator.html,genie-openj9
Tue Nov 21 21:36:58 2023,GCJNIGlobalReferenceIterator.html,genie-openj9
Tue Nov 21 21:36:58 2023,GCJNIWeakGlobalReferenceIterator.html,genie-openj9
Tue Nov 21 21:36:58 2023,GCJVMTIObjectTagTableIterator.html,genie-openj9
Tue Nov 21 21:36:58 2023,GCJVMTIObjectTagTableListIterator.html,genie-openj9
Tue Nov 21 21:36:58 2023,GCMarkMap.html,genie-openj9
Tue Nov 21 21:36:58 2023,GCMarkMapStandard.html,genie-openj9
Tue Nov 21 21:36:58 2023,GCMemoryPool.MemoryPoolType.html,genie-openj9
Tue Nov 21 21:36:58 2023,GCMemoryPool.html,genie-openj9
Tue Nov 21 21:36:58 2023,GCMemoryPoolAddressOrderedList.html,genie-openj9
Tue Nov 21 21:36:58 2023,GCMemoryPoolAggregatedCellList.html,genie-openj9
Tue Nov 21 21:36:58 2023,GCMemoryPoolIterator.html,genie-openj9
Tue Nov 21 21:36:58 2023,GCMemoryPoolSplitAddressOrderedList.html,genie-openj9
Tue Nov 21 21:36:58 2023,GCModronAllocateHintIterator.html,genie-openj9
Tue Nov 21 21:36:58 2023,GCModronAllocateHintIteratorAOL.html,genie-openj9
Tue Nov 21 21:36:58 2023,GCModronAllocateHintIteratorSAOL.html,genie-openj9
Tue Nov 21 21:36:58 2023,GCMonitorReferenceIterator.html,genie-openj9
Tue Nov 21 21:36:58 2023,GCObjectHeapIterator.html,genie-openj9
Tue Nov 21 21:36:58 2023,GCObjectHeapIteratorMarkMapIterator_V1.html,genie-openj9
Tue Nov 21 21:36:58 2023,GCObjectHeapIteratorNullIterator.html,genie-openj9
Tue Nov 21 21:36:58 2023,GCObjectIterator.html,genie-openj9
Tue Nov 21 21:36:58 2023,GCObjectModel.html,genie-openj9
Tue Nov 21 21:36:58 2023,GCOwnableSynchronizerObjectListIterator.html,genie-openj9
Tue Nov 21 21:36:58 2023,GCRememberedSetIterator.html,genie-openj9
Tue Nov 21 21:36:58 2023,GCRememberedSetSlotIterator.html,genie-openj9
Tue Nov 21 21:36:58 2023,GCScavengerForwardedHeader.html,genie-openj9
Tue Nov 21 21:36:58 2023,GCSegmentIterator.html,genie-openj9
Tue Nov 21 21:36:58 2023,GCStringCacheTableIterator.html,genie-openj9
Tue Nov 21 21:36:58 2023,GCStringTableIterator.html,genie-openj9
Tue Nov 21 21:36:58 2023,GCUnfinalizedListIterator.html,genie-openj9
Tue Nov 21 21:36:58 2023,GCUnfinalizedListSlotIterator.html,genie-openj9
Tue Nov 21 21:36:58 2023,GCUnfinalizedObjectListIterator.html,genie-openj9
Tue Nov 21 21:36:58 2023,GCVMClassSlotIterator.html,genie-openj9
Tue Nov 21 21:36:58 2023,GCVMThreadIterator.html,genie-openj9
Tue Nov 21 21:36:58 2023,GCVMThreadJNISlotIterator.html,genie-openj9
Tue Nov 21 21:36:58 2023,GCVMThreadListIterator.html,genie-openj9
Tue Nov 21 21:36:58 2023,GCVMThreadMonitorRecordSlotIterator.html,genie-openj9
Tue Nov 21 21:36:58 2023,GCVMThreadSlotIterator.html,genie-openj9
Tue Nov 21 21:36:58 2023,MMObjectAccessBarrier.html,genie-openj9
Tue Nov 21 21:36:58 2023,package-summary.html,genie-openj9
Tue Nov 21 21:36:58 2023,package-tree.html,genie-openj9
Tue Nov 21 21:36:58 2023,package-use.html,genie-openj9
Tue Nov 21 21:36:58 2023,package-summary.html,genie-openj9
Tue Nov 21 21:36:58 2023,package-tree.html,genie-openj9
Tue Nov 21 21:36:58 2023,package-use.html,genie-openj9
Tue Nov 21 21:36:58 2023,DebugLocalMap.html,genie-openj9
Tue Nov 21 21:36:58 2023,LocalMap.html,genie-openj9
Tue Nov 21 21:36:58 2023,StackMap.html,genie-openj9
Tue Nov 21 21:36:58 2023,DebugLocalMap.html,genie-openj9
Tue Nov 21 21:36:58 2023,LocalMap.html,genie-openj9
Tue Nov 21 21:36:58 2023,StackMap.html,genie-openj9
Tue Nov 21 21:36:58 2023,package-summary.html,genie-openj9
Tue Nov 21 21:36:58 2023,package-tree.html,genie-openj9
Tue Nov 21 21:36:58 2023,package-use.html,genie-openj9
Tue Nov 21 21:36:58 2023,BaseStackWalkerCallbacks.html,genie-openj9
Tue Nov 21 21:36:58 2023,FrameCallbackResult.html,genie-openj9
Tue Nov 21 21:36:58 2023,IStackWalkerCallbacks.html,genie-openj9
Tue Nov 21 21:36:58 2023,JITRegMap.html,genie-openj9
Tue Nov 21 21:36:58 2023,JITStackWalker.html,genie-openj9
Tue Nov 21 21:36:58 2023,MethodMetaData.JITMaps.html,genie-openj9
Tue Nov 21 21:36:58 2023,MethodMetaData.html,genie-openj9
Tue Nov 21 21:36:58 2023,StackWalkResult.html,genie-openj9
Tue Nov 21 21:36:58 2023,StackWalker.html,genie-openj9
Tue Nov 21 21:36:58 2023,StackWalkerUtils.html,genie-openj9
Tue Nov 21 21:36:58 2023,TerseStackWalkerCallbacks.html,genie-openj9
Tue Nov 21 21:36:58 2023,WalkState.html,genie-openj9
Tue Nov 21 21:36:58 2023,BaseStackWalkerCallbacks.html,genie-openj9
Tue Nov 21 21:36:58 2023,FrameCallbackResult.html,genie-openj9
Tue Nov 21 21:36:58 2023,IStackWalkerCallbacks.html,genie-openj9
Tue Nov 21 21:36:58 2023,JITRegMap.html,genie-openj9
Tue Nov 21 21:36:58 2023,JITStackWalker.html,genie-openj9
Tue Nov 21 21:36:58 2023,MethodMetaData.JITMaps.html,genie-openj9
Tue Nov 21 21:36:58 2023,MethodMetaData.html,genie-openj9
Tue Nov 21 21:36:58 2023,StackWalkResult.html,genie-openj9
Tue Nov 21 21:36:58 2023,StackWalker.html,genie-openj9
Tue Nov 21 21:36:58 2023,StackWalkerUtils.html,genie-openj9
Tue Nov 21 21:36:58 2023,TerseStackWalkerCallbacks.html,genie-openj9
Tue Nov 21 21:36:58 2023,WalkState.html,genie-openj9
Tue Nov 21 21:36:58 2023,package-summary.html,genie-openj9
Tue Nov 21 21:36:58 2023,package-tree.html,genie-openj9
Tue Nov 21 21:36:58 2023,package-use.html,genie-openj9
Tue Nov 21 21:36:58 2023,ArrayIterator.html,genie-openj9
Tue Nov 21 21:36:58 2023,ClassIterator.html,genie-openj9
Tue Nov 21 21:36:58 2023,ClassSegmentIterator.html,genie-openj9
Tue Nov 21 21:36:58 2023,FilteredROMClassesIterator.html,genie-openj9
Tue Nov 21 21:36:58 2023,HeapWalker.html,genie-openj9
Tue Nov 21 21:36:58 2023,HeapWalkerEvents.html,genie-openj9
Tue Nov 21 21:36:58 2023,J9MemTagIterator.html,genie-openj9
Tue Nov 21 21:36:58 2023,J9ROMClassAndMethod.html,genie-openj9
Tue Nov 21 21:36:58 2023,LineNumber.html,genie-openj9
Tue Nov 21 21:36:58 2023,LineNumberIterator.html,genie-openj9
Tue Nov 21 21:36:58 2023,LocalVariableTable.html,genie-openj9
Tue Nov 21 21:36:58 2023,LocalVariableTableIterator.html,genie-openj9
Tue Nov 21 21:36:58 2023,MemoryCategoryIterator.html,genie-openj9
Tue Nov 21 21:36:58 2023,MemorySegmentIterator.html,genie-openj9
Tue Nov 21 21:36:58 2023,MonitorIterator.html,genie-openj9
Tue Nov 21 21:36:58 2023,ROMClassesIterator.html,genie-openj9
Tue Nov 21 21:36:58 2023,ROMClassesRangeIterator.html,genie-openj9
Tue Nov 21 21:36:58 2023,ArrayIterator.html,genie-openj9
Tue Nov 21 21:36:58 2023,ClassIterator.html,genie-openj9
Tue Nov 21 21:36:58 2023,ClassSegmentIterator.html,genie-openj9
Tue Nov 21 21:36:58 2023,FilteredROMClassesIterator.html,genie-openj9
Tue Nov 21 21:36:58 2023,HeapWalker.html,genie-openj9
Tue Nov 21 21:36:58 2023,HeapWalkerEvents.html,genie-openj9
Tue Nov 21 21:36:58 2023,J9MemTagIterator.html,genie-openj9
Tue Nov 21 21:36:58 2023,J9ROMClassAndMethod.html,genie-openj9
Tue Nov 21 21:36:58 2023,LineNumber.html,genie-openj9
Tue Nov 21 21:36:58 2023,LineNumberIterator.html,genie-openj9
Tue Nov 21 21:36:58 2023,LocalVariableTable.html,genie-openj9
Tue Nov 21 21:36:58 2023,LocalVariableTableIterator.html,genie-openj9
Tue Nov 21 21:36:58 2023,MemoryCategoryIterator.html,genie-openj9
Tue Nov 21 21:36:58 2023,MemorySegmentIterator.html,genie-openj9
Tue Nov 21 21:36:58 2023,MonitorIterator.html,genie-openj9
Tue Nov 21 21:36:58 2023,ROMClassesIterator.html,genie-openj9
Tue Nov 21 21:36:58 2023,ROMClassesRangeIterator.html,genie-openj9
Tue Nov 21 21:36:58 2023,package-summary.html,genie-openj9
Tue Nov 21 21:36:58 2023,package-tree.html,genie-openj9
Tue Nov 21 21:36:58 2023,package-use.html,genie-openj9
Tue Nov 21 21:36:58 2023,AbstractPointer.html,genie-openj9
Tue Nov 21 21:36:58 2023,BoolPointer.html,genie-openj9
Tue Nov 21 21:36:58 2023,CorruptPointer.html,genie-openj9
Tue Nov 21 21:36:58 2023,DoublePointer.html,genie-openj9
Tue Nov 21 21:36:58 2023,EnumPointer.html,genie-openj9
Tue Nov 21 21:36:58 2023,FloatPointer.html,genie-openj9
Tue Nov 21 21:36:58 2023,I16Pointer.html,genie-openj9
Tue Nov 21 21:36:58 2023,I32Pointer.html,genie-openj9
Tue Nov 21 21:36:58 2023,I64Pointer.html,genie-openj9
Tue Nov 21 21:36:58 2023,I8Pointer.html,genie-openj9
Tue Nov 21 21:36:58 2023,IDATAPointer.html,genie-openj9
Tue Nov 21 21:36:58 2023,ObjectClassReferencePointer.html,genie-openj9
Tue Nov 21 21:36:58 2023,ObjectMonitorReferencePointer.html,genie-openj9
Tue Nov 21 21:36:58 2023,ObjectReferencePointer.html,genie-openj9
Tue Nov 21 21:36:58 2023,Pointer.html,genie-openj9
Tue Nov 21 21:36:58 2023,PointerPointer.html,genie-openj9
Tue Nov 21 21:36:58 2023,SelfRelativePointer.html,genie-openj9
Tue Nov 21 21:36:58 2023,StructurePointer.StructureField.html,genie-openj9
Tue Nov 21 21:36:58 2023,StructurePointer.html,genie-openj9
Tue Nov 21 21:36:58 2023,U16Pointer.html,genie-openj9
Tue Nov 21 21:36:58 2023,U32Pointer.html,genie-openj9
Tue Nov 21 21:36:58 2023,U64Pointer.html,genie-openj9
Tue Nov 21 21:36:58 2023,U8Pointer.html,genie-openj9
Tue Nov 21 21:36:58 2023,UDATAPointer.html,genie-openj9
Tue Nov 21 21:36:58 2023,VoidPointer.html,genie-openj9
Tue Nov 21 21:36:58 2023,WideSelfRelativePointer.html,genie-openj9
Tue Nov 21 21:36:58 2023,AbstractPointer.html,genie-openj9
Tue Nov 21 21:36:58 2023,BoolPointer.html,genie-openj9
Tue Nov 21 21:36:58 2023,CorruptPointer.html,genie-openj9
Tue Nov 21 21:36:58 2023,DoublePointer.html,genie-openj9
Tue Nov 21 21:36:58 2023,EnumPointer.html,genie-openj9
Tue Nov 21 21:36:58 2023,FloatPointer.html,genie-openj9
Tue Nov 21 21:36:58 2023,I16Pointer.html,genie-openj9
Tue Nov 21 21:36:58 2023,I32Pointer.html,genie-openj9
Tue Nov 21 21:36:58 2023,I64Pointer.html,genie-openj9
Tue Nov 21 21:36:58 2023,I8Pointer.html,genie-openj9
Tue Nov 21 21:36:58 2023,IDATAPointer.html,genie-openj9
Tue Nov 21 21:36:58 2023,ObjectClassReferencePointer.html,genie-openj9
Tue Nov 21 21:36:58 2023,ObjectMonitorReferencePointer.html,genie-openj9
Tue Nov 21 21:36:58 2023,ObjectReferencePointer.html,genie-openj9
Tue Nov 21 21:36:58 2023,Pointer.html,genie-openj9
Tue Nov 21 21:36:58 2023,PointerPointer.html,genie-openj9
Tue Nov 21 21:36:58 2023,SelfRelativePointer.html,genie-openj9
Tue Nov 21 21:36:58 2023,StructurePointer.StructureField.html,genie-openj9
Tue Nov 21 21:36:58 2023,StructurePointer.html,genie-openj9
Tue Nov 21 21:36:58 2023,U16Pointer.html,genie-openj9
Tue Nov 21 21:36:58 2023,U32Pointer.html,genie-openj9
Tue Nov 21 21:36:58 2023,U64Pointer.html,genie-openj9
Tue Nov 21 21:36:58 2023,U8Pointer.html,genie-openj9
Tue Nov 21 21:36:58 2023,UDATAPointer.html,genie-openj9
Tue Nov 21 21:36:58 2023,VoidPointer.html,genie-openj9
Tue Nov 21 21:36:58 2023,WideSelfRelativePointer.html,genie-openj9
Tue Nov 21 21:36:58 2023,AttachedDataWrapperHelper.html,genie-openj9
Tue Nov 21 21:36:58 2023,ByteDataWrapperHelper.html,genie-openj9
Tue Nov 21 21:36:58 2023,CacheletWrapperHelper.html,genie-openj9
Tue Nov 21 21:36:58 2023,CharArrayWrapperHelper.html,genie-openj9
Tue Nov 21 21:36:58 2023,ClasspathEntryItemHelper.html,genie-openj9
Tue Nov 21 21:36:58 2023,ClasspathItemHelper.html,genie-openj9
Tue Nov 21 21:36:58 2023,ClasspathWrapperHelper.html,genie-openj9
Tue Nov 21 21:36:58 2023,CompiledMethodWrapperHelper.html,genie-openj9
Tue Nov 21 21:36:58 2023,J9ArrayClassHelper.html,genie-openj9
Tue Nov 21 21:36:58 2023,J9ClassHelper.html,genie-openj9
Tue Nov 21 21:36:58 2023,J9ClassLoaderHelper.html,genie-openj9
Tue Nov 21 21:36:58 2023,J9IndexableObjectHelper.html,genie-openj9
Tue Nov 21 21:36:58 2023,J9JavaVMHelper.html,genie-openj9
Tue Nov 21 21:36:58 2023,J9MemTagHelper.J9MemTagCheckError.html,genie-openj9
Tue Nov 21 21:36:58 2023,J9MemTagHelper.html,genie-openj9
Tue Nov 21 21:36:58 2023,J9MethodDebugInfoHelper.html,genie-openj9
Tue Nov 21 21:36:58 2023,J9MethodHelper.html,genie-openj9
Tue Nov 21 21:36:58 2023,J9ObjectHelper.html,genie-openj9
Tue Nov 21 21:36:58 2023,J9ObjectMonitorHelper.html,genie-openj9
Tue Nov 21 21:36:58 2023,J9RASHelper.html,genie-openj9
Tue Nov 21 21:36:58 2023,J9ROMClassHelper.html,genie-openj9
Tue Nov 21 21:36:58 2023,J9ROMFieldShapeHelper.html,genie-openj9
Tue Nov 21 21:36:58 2023,J9ROMMethodHelper.html,genie-openj9
Tue Nov 21 21:36:58 2023,J9ThreadHelper.html,genie-openj9
Tue Nov 21 21:36:58 2023,J9UTF8Helper.html,genie-openj9
Tue Nov 21 21:36:58 2023,J9VMThreadHelper.html,genie-openj9
Tue Nov 21 21:36:58 2023,MM_HeapRegionDescriptorHelper.html,genie-openj9
Tue Nov 21 21:36:58 2023,OMRMemCategoryHelper.IOMRMemCategoryVisitor.html,genie-openj9
Tue Nov 21 21:36:58 2023,OMRMemCategoryHelper.html,genie-openj9
Tue Nov 21 21:36:58 2023,OrphanWrapperHelper.html,genie-openj9
Tue Nov 21 21:36:58 2023,PrintObjectFieldsHelper.html,genie-openj9
Tue Nov 21 21:36:58 2023,ROMClassWrapperHelper.html,genie-openj9
Tue Nov 21 21:36:58 2023,ScopedROMClassWrapperHelper.html,genie-openj9
Tue Nov 21 21:36:58 2023,SharedClassesMetaDataHelper.html,genie-openj9
Tue Nov 21 21:36:58 2023,ShcItemHdrHelper.html,genie-openj9
Tue Nov 21 21:36:58 2023,ShcItemHelper.html,genie-openj9
Tue Nov 21 21:36:58 2023,ValueTypeHelper.html,genie-openj9
Tue Nov 21 21:36:58 2023,AttachedDataWrapperHelper.html,genie-openj9
Tue Nov 21 21:36:58 2023,ByteDataWrapperHelper.html,genie-openj9
Tue Nov 21 21:36:58 2023,CacheletWrapperHelper.html,genie-openj9
Tue Nov 21 21:36:58 2023,CharArrayWrapperHelper.html,genie-openj9
Tue Nov 21 21:36:58 2023,ClasspathEntryItemHelper.html,genie-openj9
Tue Nov 21 21:36:58 2023,ClasspathItemHelper.html,genie-openj9
Tue Nov 21 21:36:58 2023,ClasspathWrapperHelper.html,genie-openj9
Tue Nov 21 21:36:58 2023,CompiledMethodWrapperHelper.html,genie-openj9
Tue Nov 21 21:36:58 2023,J9ArrayClassHelper.html,genie-openj9
Tue Nov 21 21:36:58 2023,J9ClassHelper.html,genie-openj9
Tue Nov 21 21:36:58 2023,J9ClassLoaderHelper.html,genie-openj9
Tue Nov 21 21:36:58 2023,J9IndexableObjectHelper.html,genie-openj9
Tue Nov 21 21:36:58 2023,J9JavaVMHelper.html,genie-openj9
Tue Nov 21 21:36:58 2023,J9MemTagHelper.J9MemTagCheckError.html,genie-openj9
Tue Nov 21 21:36:58 2023,J9MemTagHelper.html,genie-openj9
Tue Nov 21 21:36:58 2023,J9MethodDebugInfoHelper.html,genie-openj9
Tue Nov 21 21:36:58 2023,J9MethodHelper.html,genie-openj9
Tue Nov 21 21:36:58 2023,J9ObjectHelper.html,genie-openj9
Tue Nov 21 21:36:58 2023,J9ObjectMonitorHelper.html,genie-openj9
Tue Nov 21 21:36:58 2023,J9RASHelper.html,genie-openj9
Tue Nov 21 21:36:58 2023,J9ROMClassHelper.html,genie-openj9
Tue Nov 21 21:36:58 2023,J9ROMFieldShapeHelper.html,genie-openj9
Tue Nov 21 21:36:58 2023,J9ROMMethodHelper.html,genie-openj9
Tue Nov 21 21:36:58 2023,J9ThreadHelper.html,genie-openj9
Tue Nov 21 21:36:58 2023,J9UTF8Helper.html,genie-openj9
Tue Nov 21 21:36:58 2023,J9VMThreadHelper.html,genie-openj9
Tue Nov 21 21:36:58 2023,MM_HeapRegionDescriptorHelper.html,genie-openj9
Tue Nov 21 21:36:58 2023,OMRMemCategoryHelper.IOMRMemCategoryVisitor.html,genie-openj9
Tue Nov 21 21:36:58 2023,OMRMemCategoryHelper.html,genie-openj9
Tue Nov 21 21:36:58 2023,OrphanWrapperHelper.html,genie-openj9
Tue Nov 21 21:36:58 2023,PrintObjectFieldsHelper.html,genie-openj9
Tue Nov 21 21:36:58 2023,ROMClassWrapperHelper.html,genie-openj9
Tue Nov 21 21:36:58 2023,ScopedROMClassWrapperHelper.html,genie-openj9
Tue Nov 21 21:36:58 2023,SharedClassesMetaDataHelper.html,genie-openj9
Tue Nov 21 21:36:58 2023,ShcItemHdrHelper.html,genie-openj9
Tue Nov 21 21:36:58 2023,ShcItemHelper.html,genie-openj9
Tue Nov 21 21:36:58 2023,ValueTypeHelper.html,genie-openj9
Tue Nov 21 21:36:58 2023,package-summary.html,genie-openj9
Tue Nov 21 21:36:58 2023,package-tree.html,genie-openj9
Tue Nov 21 21:36:58 2023,package-use.html,genie-openj9
Tue Nov 21 21:36:58 2023,package-summary.html,genie-openj9
Tue Nov 21 21:36:58 2023,package-tree.html,genie-openj9
Tue Nov 21 21:36:58 2023,package-use.html,genie-openj9
Tue Nov 21 21:36:58 2023,ClassSummaryHelper.html,genie-openj9
Tue Nov 21 21:36:58 2023,ClassWalker.html,genie-openj9
Tue Nov 21 21:36:58 2023,FilteredROMMethodsIterator.html,genie-openj9
Tue Nov 21 21:36:58 2023,FindVMTask.html,genie-openj9
Tue Nov 21 21:36:58 2023,GetCommandsTask.html,genie-openj9
Tue Nov 21 21:36:58 2023,IClassWalkCallbacks.SlotType.html,genie-openj9
Tue Nov 21 21:36:58 2023,IClassWalkCallbacks.html,genie-openj9
Tue Nov 21 21:36:58 2023,JavaVersionHelper.html,genie-openj9
Tue Nov 21 21:36:58 2023,LinearDumper.J9ClassRegion.html,genie-openj9
Tue Nov 21 21:36:58 2023,LinearDumper.J9ClassRegionNode.html,genie-openj9
Tue Nov 21 21:36:58 2023,LinearDumper.html,genie-openj9
Tue Nov 21 21:36:58 2023,ModularityHelper.ClassIteratorFilter.html,genie-openj9
Tue Nov 21 21:36:58 2023,ModularityHelper.ClassOutput.html,genie-openj9
Tue Nov 21 21:36:58 2023,ModularityHelper.ModuleIteratorFilter.html,genie-openj9
Tue Nov 21 21:36:58 2023,ModularityHelper.ModuleOutput.html,genie-openj9
Tue Nov 21 21:36:58 2023,ModularityHelper.PackageIteratorFilter.html,genie-openj9
Tue Nov 21 21:36:58 2023,ModularityHelper.PackageOutput.html,genie-openj9
Tue Nov 21 21:36:58 2023,ModularityHelper.html,genie-openj9
Tue Nov 21 21:36:58 2023,RamClassWalker.html,genie-openj9
Tue Nov 21 21:36:58 2023,RomClassWalker.html,genie-openj9
Tue Nov 21 21:36:58 2023,RuntimeTypeResolutionHelper.html,genie-openj9
Tue Nov 21 21:36:58 2023,StructureCommand.html,genie-openj9
Tue Nov 21 21:36:58 2023,ThreadsCommand.html,genie-openj9
Tue Nov 21 21:36:58 2023,VirtualThreadsCommand.html,genie-openj9
Tue Nov 21 21:36:58 2023,WhatIsCommand.html,genie-openj9
Tue Nov 21 21:36:58 2023,ClassSummaryHelper.html,genie-openj9
Tue Nov 21 21:36:58 2023,ClassWalker.html,genie-openj9
Tue Nov 21 21:36:58 2023,FilteredROMMethodsIterator.html,genie-openj9
Tue Nov 21 21:36:58 2023,FindVMTask.html,genie-openj9
Tue Nov 21 21:36:58 2023,GetCommandsTask.html,genie-openj9
Tue Nov 21 21:36:58 2023,IClassWalkCallbacks.SlotType.html,genie-openj9
Tue Nov 21 21:36:58 2023,IClassWalkCallbacks.html,genie-openj9
Tue Nov 21 21:36:58 2023,JavaVersionHelper.html,genie-openj9
Tue Nov 21 21:36:58 2023,LinearDumper.J9ClassRegion.html,genie-openj9
Tue Nov 21 21:36:58 2023,LinearDumper.J9ClassRegionNode.html,genie-openj9
Tue Nov 21 21:36:58 2023,LinearDumper.html,genie-openj9
Tue Nov 21 21:36:58 2023,ModularityHelper.ClassIteratorFilter.html,genie-openj9
Tue Nov 21 21:36:58 2023,ModularityHelper.ClassOutput.html,genie-openj9
Tue Nov 21 21:36:58 2023,ModularityHelper.ModuleIteratorFilter.html,genie-openj9
Tue Nov 21 21:36:58 2023,ModularityHelper.ModuleOutput.html,genie-openj9
Tue Nov 21 21:36:58 2023,ModularityHelper.PackageIteratorFilter.html,genie-openj9
Tue Nov 21 21:36:58 2023,ModularityHelper.PackageOutput.html,genie-openj9
Tue Nov 21 21:36:58 2023,ModularityHelper.html,genie-openj9
Tue Nov 21 21:36:58 2023,RamClassWalker.html,genie-openj9
Tue Nov 21 21:36:58 2023,RomClassWalker.html,genie-openj9
Tue Nov 21 21:36:58 2023,RuntimeTypeResolutionHelper.html,genie-openj9
Tue Nov 21 21:36:58 2023,StructureCommand.html,genie-openj9
Tue Nov 21 21:36:58 2023,ThreadsCommand.html,genie-openj9
Tue Nov 21 21:36:58 2023,VirtualThreadsCommand.html,genie-openj9
Tue Nov 21 21:36:58 2023,WhatIsCommand.html,genie-openj9
Tue Nov 21 21:36:58 2023,ACCommand.html,genie-openj9
Tue Nov 21 21:36:58 2023,AllClassesCommand.html,genie-openj9
Tue Nov 21 21:36:58 2023,AnalyseRomClassUTF8Command.html,genie-openj9
Tue Nov 21 21:36:58 2023,BuildFlagsCommand.html,genie-openj9
Tue Nov 21 21:36:58 2023,ByteCodeDumper.html,genie-openj9
Tue Nov 21 21:36:58 2023,BytecodesCommand.html,genie-openj9
Tue Nov 21 21:36:58 2023,CPDescriptionCommand.html,genie-openj9
Tue Nov 21 21:36:58 2023,ClassForNameCommand.html,genie-openj9
Tue Nov 21 21:36:58 2023,ClassloadersSummaryCommand.ClassloadersSummaryNode.html,genie-openj9
Tue Nov 21 21:36:58 2023,ClassloadersSummaryCommand.html,genie-openj9
Tue Nov 21 21:36:58 2023,CompressedRefMappingCommand.html,genie-openj9
Tue Nov 21 21:36:58 2023,CoreInfoCommand.html,genie-openj9
Tue Nov 21 21:36:58 2023,DumpAllClassesInModuleCommand.html,genie-openj9
Tue Nov 21 21:36:58 2023,DumpAllClassloadersCommand.html,genie-openj9
Tue Nov 21 21:36:58 2023,DumpAllRamClassLinearCommand.html,genie-openj9
Tue Nov 21 21:36:58 2023,DumpAllRegionsCommand.html,genie-openj9
Tue Nov 21 21:36:58 2023,DumpAllRomClassLinearCommand.html,genie-openj9
Tue Nov 21 21:36:58 2023,DumpAllSegmentsCommand.html,genie-openj9
Tue Nov 21 21:36:58 2023,DumpContendedLoadTable.html,genie-openj9
Tue Nov 21 21:36:58 2023,DumpModuleCommand.html,genie-openj9
Tue Nov 21 21:36:58 2023,DumpModuleDirectedExportsCommand.html,genie-openj9
Tue Nov 21 21:36:58 2023,DumpModuleExportsCommand.html,genie-openj9
Tue Nov 21 21:36:58 2023,DumpModuleReadsCommand.html,genie-openj9
Tue Nov 21 21:36:58 2023,DumpPackageCommand.html,genie-openj9
Tue Nov 21 21:36:58 2023,DumpRamClassLinearCommand.html,genie-openj9
Tue Nov 21 21:36:58 2023,DumpRomClassCommand.html,genie-openj9
Tue Nov 21 21:36:58 2023,DumpRomClassLinearCommand.html,genie-openj9
Tue Nov 21 21:36:58 2023,DumpRomMethodCommand.html,genie-openj9
Tue Nov 21 21:36:58 2023,DumpSegmentsInListCommand.html,genie-openj9
Tue Nov 21 21:36:58 2023,DumpSegregatedStatsCommand.html,genie-openj9
Tue Nov 21 21:36:58 2023,DumpStringTableCommand.html,genie-openj9
Tue Nov 21 21:36:58 2023,ExtendedMethodFlagInfoCommand.html,genie-openj9
Tue Nov 21 21:36:58 2023,FindAllModulesCommand.html,genie-openj9
Tue Nov 21 21:36:58 2023,FindAllReadsCommand.html,genie-openj9
Tue Nov 21 21:36:58 2023,FindMethodFromPcCommand.html,genie-openj9
Tue Nov 21 21:36:58 2023,FindModuleByNameCommand.html,genie-openj9
Tue Nov 21 21:36:58 2023,FindModulesCommand.html,genie-openj9
Tue Nov 21 21:36:58 2023,FindOverlappingSegmentsCommand.html,genie-openj9
Tue Nov 21 21:36:58 2023,FindPatternCommand.html,genie-openj9
Tue Nov 21 21:36:58 2023,FindStackValueCommand.html,genie-openj9
Tue Nov 21 21:36:58 2023,FindVMCommand.html,genie-openj9
Tue Nov 21 21:36:58 2023,FlatObjectCommand.html,genie-openj9
Tue Nov 21 21:36:58 2023,GCCheckCommand.html,genie-openj9
Tue Nov 21 21:36:58 2023,HashCodeCommand.html,genie-openj9
Tue Nov 21 21:36:58 2023,ITableSizeCommand.html,genie-openj9
Tue Nov 21 21:36:58 2023,J9BCUtil.html,genie-openj9
Tue Nov 21 21:36:58 2023,J9ClassShapeCommand.html,genie-openj9
Tue Nov 21 21:36:58 2023,J9ConstantPoolCommand.html,genie-openj9
Tue Nov 21 21:36:58 2023,J9MemTagCommands.html,genie-openj9
Tue Nov 21 21:36:58 2023,J9StaticsCommand.html,genie-openj9
Tue Nov 21 21:36:58 2023,J9VTablesCommand.html,genie-openj9
Tue Nov 21 21:36:58 2023,JextractCommand.html,genie-openj9
Tue Nov 21 21:36:58 2023,JitMetadataFromPcCommand.html,genie-openj9
Tue Nov 21 21:36:58 2023,JitstackCommand.html,genie-openj9
Tue Nov 21 21:36:58 2023,LocalMapCommand.html,genie-openj9
Tue Nov 21 21:36:58 2023,MarkMapCommand.html,genie-openj9
Tue Nov 21 21:36:58 2023,MethodForNameCommand.html,genie-openj9
Tue Nov 21 21:36:58 2023,MonitorsCommand.html,genie-openj9
Tue Nov 21 21:36:58 2023,NativeMemInfoCommand.html,genie-openj9
Tue Nov 21 21:36:58 2023,ObjectRefsCommand.html,genie-openj9
Tue Nov 21 21:36:58 2023,ObjectSizeInfo.html,genie-openj9
Tue Nov 21 21:36:58 2023,QueryRomClassCommand.html,genie-openj9
Tue Nov 21 21:36:58 2023,RamClassSummaryCommand.html,genie-openj9
Tue Nov 21 21:36:58 2023,RomClassForNameCommand.html,genie-openj9
Tue Nov 21 21:36:58 2023,RomClassSummaryCommand.html,genie-openj9
Tue Nov 21 21:36:58 2023,RootPathCommand.html,genie-openj9
Tue Nov 21 21:36:58 2023,RuntimeSettingsCommand.html,genie-openj9
Tue Nov 21 21:36:58 2023,SearchStringTableCommand.html,genie-openj9
Tue Nov 21 21:36:58 2023,SegmentsUtil.html,genie-openj9
Tue Nov 21 21:36:58 2023,SetVMCommand.html,genie-openj9
Tue Nov 21 21:36:58 2023,ShowDumpAgentsCommand.html,genie-openj9
Tue Nov 21 21:36:58 2023,ShrCCommand.html,genie-openj9
Tue Nov 21 21:36:58 2023,StackWalkCommand.html,genie-openj9
Tue Nov 21 21:36:58 2023,StackmapCommand.html,genie-openj9
Tue Nov 21 21:36:58 2023,TrPrintCommand.html,genie-openj9
Tue Nov 21 21:36:58 2023,TraceConfigCommand.ModuleVisitor.html,genie-openj9
Tue Nov 21 21:36:58 2023,TraceConfigCommand.html,genie-openj9
Tue Nov 21 21:36:58 2023,VMConstantPoolCommand.html,genie-openj9
Tue Nov 21 21:36:58 2023,ValidateTraceFreeQueueCommand.html,genie-openj9
Tue Nov 21 21:36:58 2023,VmCheckCommand.html,genie-openj9
Tue Nov 21 21:36:58 2023,WalkInternTableCommand.html,genie-openj9
Tue Nov 21 21:36:58 2023,WalkJ9PoolCommand.html,genie-openj9
Tue Nov 21 21:36:58 2023,WalkUtThreadDataCommand.html,genie-openj9
Tue Nov 21 21:36:58 2023,WildCard.html,genie-openj9
Tue Nov 21 21:36:58 2023,ACCommand.html,genie-openj9
Tue Nov 21 21:36:58 2023,AllClassesCommand.html,genie-openj9
Tue Nov 21 21:36:58 2023,AnalyseRomClassUTF8Command.html,genie-openj9
Tue Nov 21 21:36:58 2023,BuildFlagsCommand.html,genie-openj9
Tue Nov 21 21:36:58 2023,ByteCodeDumper.html,genie-openj9
Tue Nov 21 21:36:58 2023,BytecodesCommand.html,genie-openj9
Tue Nov 21 21:36:58 2023,CPDescriptionCommand.html,genie-openj9
Tue Nov 21 21:36:58 2023,ClassForNameCommand.html,genie-openj9
Tue Nov 21 21:36:58 2023,ClassloadersSummaryCommand.ClassloadersSummaryNode.html,genie-openj9
Tue Nov 21 21:36:58 2023,ClassloadersSummaryCommand.html,genie-openj9
Tue Nov 21 21:36:58 2023,CompressedRefMappingCommand.html,genie-openj9
Tue Nov 21 21:36:58 2023,CoreInfoCommand.html,genie-openj9
Tue Nov 21 21:36:58 2023,DumpAllClassesInModuleCommand.html,genie-openj9
Tue Nov 21 21:36:58 2023,DumpAllClassloadersCommand.html,genie-openj9
Tue Nov 21 21:36:58 2023,DumpAllRamClassLinearCommand.html,genie-openj9
Tue Nov 21 21:36:58 2023,DumpAllRegionsCommand.html,genie-openj9
Tue Nov 21 21:36:58 2023,DumpAllRomClassLinearCommand.html,genie-openj9
Tue Nov 21 21:36:58 2023,DumpAllSegmentsCommand.html,genie-openj9
Tue Nov 21 21:36:58 2023,DumpContendedLoadTable.html,genie-openj9
Tue Nov 21 21:36:58 2023,DumpModuleCommand.html,genie-openj9
Tue Nov 21 21:36:58 2023,DumpModuleDirectedExportsCommand.html,genie-openj9
Tue Nov 21 21:36:58 2023,DumpModuleExportsCommand.html,genie-openj9
Tue Nov 21 21:36:58 2023,DumpModuleReadsCommand.html,genie-openj9
Tue Nov 21 21:36:58 2023,DumpPackageCommand.html,genie-openj9
Tue Nov 21 21:36:58 2023,DumpRamClassLinearCommand.html,genie-openj9
Tue Nov 21 21:36:58 2023,DumpRomClassCommand.html,genie-openj9
Tue Nov 21 21:36:58 2023,DumpRomClassLinearCommand.html,genie-openj9
Tue Nov 21 21:36:58 2023,DumpRomMethodCommand.html,genie-openj9
Tue Nov 21 21:36:58 2023,DumpSegmentsInListCommand.html,genie-openj9
Tue Nov 21 21:36:58 2023,DumpSegregatedStatsCommand.html,genie-openj9
Tue Nov 21 21:36:58 2023,DumpStringTableCommand.html,genie-openj9
Tue Nov 21 21:36:58 2023,ExtendedMethodFlagInfoCommand.html,genie-openj9
Tue Nov 21 21:36:58 2023,FindAllModulesCommand.html,genie-openj9
Tue Nov 21 21:36:58 2023,FindAllReadsCommand.html,genie-openj9
Tue Nov 21 21:36:58 2023,FindMethodFromPcCommand.html,genie-openj9
Tue Nov 21 21:36:58 2023,FindModuleByNameCommand.html,genie-openj9
Tue Nov 21 21:36:58 2023,FindModulesCommand.html,genie-openj9
Tue Nov 21 21:36:58 2023,FindOverlappingSegmentsCommand.html,genie-openj9
Tue Nov 21 21:36:58 2023,FindPatternCommand.html,genie-openj9
Tue Nov 21 21:36:58 2023,FindStackValueCommand.html,genie-openj9
Tue Nov 21 21:36:58 2023,FindVMCommand.html,genie-openj9
Tue Nov 21 21:36:58 2023,FlatObjectCommand.html,genie-openj9
Tue Nov 21 21:36:58 2023,GCCheckCommand.html,genie-openj9
Tue Nov 21 21:36:58 2023,HashCodeCommand.html,genie-openj9
Tue Nov 21 21:36:58 2023,ITableSizeCommand.html,genie-openj9
Tue Nov 21 21:36:58 2023,J9BCUtil.html,genie-openj9
Tue Nov 21 21:36:58 2023,J9ClassShapeCommand.html,genie-openj9
Tue Nov 21 21:36:58 2023,J9ConstantPoolCommand.html,genie-openj9
Tue Nov 21 21:36:58 2023,J9MemTagCommands.html,genie-openj9
Tue Nov 21 21:36:58 2023,J9StaticsCommand.html,genie-openj9
Tue Nov 21 21:36:58 2023,J9VTablesCommand.html,genie-openj9
Tue Nov 21 21:36:58 2023,JextractCommand.html,genie-openj9
Tue Nov 21 21:36:58 2023,JitMetadataFromPcCommand.html,genie-openj9
Tue Nov 21 21:36:58 2023,JitstackCommand.html,genie-openj9
Tue Nov 21 21:36:58 2023,LocalMapCommand.html,genie-openj9
Tue Nov 21 21:36:58 2023,MarkMapCommand.html,genie-openj9
Tue Nov 21 21:36:58 2023,MethodForNameCommand.html,genie-openj9
Tue Nov 21 21:36:58 2023,MonitorsCommand.html,genie-openj9
Tue Nov 21 21:36:58 2023,NativeMemInfoCommand.html,genie-openj9
Tue Nov 21 21:36:58 2023,ObjectRefsCommand.html,genie-openj9
Tue Nov 21 21:36:58 2023,ObjectSizeInfo.html,genie-openj9
Tue Nov 21 21:36:58 2023,QueryRomClassCommand.html,genie-openj9
Tue Nov 21 21:36:58 2023,RamClassSummaryCommand.html,genie-openj9
Tue Nov 21 21:36:58 2023,RomClassForNameCommand.html,genie-openj9
Tue Nov 21 21:36:58 2023,RomClassSummaryCommand.html,genie-openj9
Tue Nov 21 21:36:58 2023,RootPathCommand.html,genie-openj9
Tue Nov 21 21:36:58 2023,RuntimeSettingsCommand.html,genie-openj9
Tue Nov 21 21:36:58 2023,SearchStringTableCommand.html,genie-openj9
Tue Nov 21 21:36:58 2023,SegmentsUtil.html,genie-openj9
Tue Nov 21 21:36:58 2023,SetVMCommand.html,genie-openj9
Tue Nov 21 21:36:58 2023,ShowDumpAgentsCommand.html,genie-openj9
Tue Nov 21 21:36:58 2023,ShrCCommand.html,genie-openj9
Tue Nov 21 21:36:58 2023,StackWalkCommand.html,genie-openj9
Tue Nov 21 21:36:58 2023,StackmapCommand.html,genie-openj9
Tue Nov 21 21:36:58 2023,TrPrintCommand.html,genie-openj9
Tue Nov 21 21:36:58 2023,TraceConfigCommand.ModuleVisitor.html,genie-openj9
Tue Nov 21 21:36:58 2023,TraceConfigCommand.html,genie-openj9
Tue Nov 21 21:36:58 2023,VMConstantPoolCommand.html,genie-openj9
Tue Nov 21 21:36:58 2023,ValidateTraceFreeQueueCommand.html,genie-openj9
Tue Nov 21 21:36:58 2023,VmCheckCommand.html,genie-openj9
Tue Nov 21 21:36:58 2023,WalkInternTableCommand.html,genie-openj9
Tue Nov 21 21:36:58 2023,WalkJ9PoolCommand.html,genie-openj9
Tue Nov 21 21:36:58 2023,WalkUtThreadDataCommand.html,genie-openj9
Tue Nov 21 21:36:58 2023,WildCard.html,genie-openj9
Tue Nov 21 21:36:58 2023,package-summary.html,genie-openj9
Tue Nov 21 21:36:58 2023,package-tree.html,genie-openj9
Tue Nov 21 21:36:58 2023,package-use.html,genie-openj9
Tue Nov 21 21:36:58 2023,CheckBase.html,genie-openj9
Tue Nov 21 21:36:58 2023,CheckElement.html,genie-openj9
Tue Nov 21 21:36:58 2023,CheckError.html,genie-openj9
Tue Nov 21 21:36:58 2023,CheckReporter.html,genie-openj9
Tue Nov 21 21:36:58 2023,CheckReporterTTY.html,genie-openj9
Tue Nov 21 21:36:58 2023,GCCheckRunner.html,genie-openj9
Tue Nov 21 21:36:58 2023,CheckBase.html,genie-openj9
Tue Nov 21 21:36:58 2023,CheckElement.html,genie-openj9
Tue Nov 21 21:36:58 2023,CheckError.html,genie-openj9
Tue Nov 21 21:36:58 2023,CheckReporter.html,genie-openj9
Tue Nov 21 21:36:58 2023,CheckReporterTTY.html,genie-openj9
Tue Nov 21 21:36:58 2023,GCCheckRunner.html,genie-openj9
Tue Nov 21 21:36:58 2023,package-summary.html,genie-openj9
Tue Nov 21 21:36:58 2023,package-tree.html,genie-openj9
Tue Nov 21 21:36:58 2023,package-use.html,genie-openj9
Tue Nov 21 21:36:58 2023,DeadlockDetector.html,genie-openj9
Tue Nov 21 21:36:58 2023,DeadlockUtils.html,genie-openj9
Tue Nov 21 21:36:58 2023,JavaDeadlockGraphNode.html,genie-openj9
Tue Nov 21 21:36:58 2023,NativeDeadlockGraphNode.html,genie-openj9
Tue Nov 21 21:36:58 2023,DeadlockDetector.html,genie-openj9
Tue Nov 21 21:36:58 2023,DeadlockUtils.html,genie-openj9
Tue Nov 21 21:36:58 2023,JavaDeadlockGraphNode.html,genie-openj9
Tue Nov 21 21:36:58 2023,NativeDeadlockGraphNode.html,genie-openj9
Tue Nov 21 21:36:58 2023,package-summary.html,genie-openj9
Tue Nov 21 21:36:58 2023,package-tree.html,genie-openj9
Tue Nov 21 21:36:58 2023,package-use.html,genie-openj9
Tue Nov 21 21:36:58 2023,package-summary.html,genie-openj9
Tue Nov 21 21:36:58 2023,package-tree.html,genie-openj9
Tue Nov 21 21:36:58 2023,package-use.html,genie-openj9
Tue Nov 21 21:36:58 2023,ArrayFormatter.html,genie-openj9
Tue Nov 21 21:36:58 2023,BoolFormatter.html,genie-openj9
Tue Nov 21 21:36:58 2023,DoubleFormatter.html,genie-openj9
Tue Nov 21 21:36:58 2023,EnumFormatter.html,genie-openj9
Tue Nov 21 21:36:58 2023,FloatFormatter.html,genie-openj9
Tue Nov 21 21:36:58 2023,J9SRPFormatter.html,genie-openj9
Tue Nov 21 21:36:58 2023,PointerFormatter.html,genie-openj9
Tue Nov 21 21:36:58 2023,ScalarFormatter.html,genie-openj9
Tue Nov 21 21:36:58 2023,StructureFormatter.html,genie-openj9
Tue Nov 21 21:36:58 2023,StructurePointerFormatter.html,genie-openj9
Tue Nov 21 21:36:58 2023,U64ScalarFormatter.html,genie-openj9
Tue Nov 21 21:36:58 2023,VoidFormatter.html,genie-openj9
Tue Nov 21 21:36:58 2023,ArrayFormatter.html,genie-openj9
Tue Nov 21 21:36:58 2023,BoolFormatter.html,genie-openj9
Tue Nov 21 21:36:58 2023,DoubleFormatter.html,genie-openj9
Tue Nov 21 21:36:58 2023,EnumFormatter.html,genie-openj9
Tue Nov 21 21:36:58 2023,FloatFormatter.html,genie-openj9
Tue Nov 21 21:36:58 2023,J9SRPFormatter.html,genie-openj9
Tue Nov 21 21:36:58 2023,PointerFormatter.html,genie-openj9
Tue Nov 21 21:36:58 2023,ScalarFormatter.html,genie-openj9
Tue Nov 21 21:36:58 2023,StructureFormatter.html,genie-openj9
Tue Nov 21 21:36:58 2023,StructurePointerFormatter.html,genie-openj9
Tue Nov 21 21:36:58 2023,U64ScalarFormatter.html,genie-openj9
Tue Nov 21 21:36:58 2023,VoidFormatter.html,genie-openj9
Tue Nov 21 21:36:58 2023,package-summary.html,genie-openj9
Tue Nov 21 21:36:58 2023,package-tree.html,genie-openj9
Tue Nov 21 21:36:58 2023,package-use.html,genie-openj9
Tue Nov 21 21:36:58 2023,CStringFieldFormatter.html,genie-openj9
Tue Nov 21 21:36:58 2023,J9ClassFieldFormatter.html,genie-openj9
Tue Nov 21 21:36:58 2023,J9ClassStructureFormatter.html,genie-openj9
Tue Nov 21 21:36:58 2023,J9ConstantPoolFieldFormatter.html,genie-openj9
Tue Nov 21 21:36:58 2023,J9MethodFieldFormatter.html,genie-openj9
Tue Nov 21 21:36:58 2023,J9MethodStructureFormatter.html,genie-openj9
Tue Nov 21 21:36:58 2023,J9ModuleStructureFormatter.html,genie-openj9
Tue Nov 21 21:36:58 2023,J9ObjectFieldFormatter.html,genie-openj9
Tue Nov 21 21:36:58 2023,J9ObjectStructureFormatter.html,genie-openj9
Tue Nov 21 21:36:58 2023,J9PackageStructureFormatter.html,genie-openj9
Tue Nov 21 21:36:58 2023,J9ROMMethodStructureFormatter.html,genie-openj9
Tue Nov 21 21:36:58 2023,CStringFieldFormatter.html,genie-openj9
Tue Nov 21 21:36:58 2023,J9ClassFieldFormatter.html,genie-openj9
Tue Nov 21 21:36:58 2023,J9ClassStructureFormatter.html,genie-openj9
Tue Nov 21 21:36:58 2023,J9ConstantPoolFieldFormatter.html,genie-openj9
Tue Nov 21 21:36:58 2023,J9MethodFieldFormatter.html,genie-openj9
Tue Nov 21 21:36:58 2023,J9MethodStructureFormatter.html,genie-openj9
Tue Nov 21 21:36:58 2023,J9ModuleStructureFormatter.html,genie-openj9
Tue Nov 21 21:36:58 2023,J9ObjectFieldFormatter.html,genie-openj9
Tue Nov 21 21:36:58 2023,J9ObjectStructureFormatter.html,genie-openj9
Tue Nov 21 21:36:58 2023,J9PackageStructureFormatter.html,genie-openj9
Tue Nov 21 21:36:58 2023,J9ROMMethodStructureFormatter.html,genie-openj9
Tue Nov 21 21:36:58 2023,package-summary.html,genie-openj9
Tue Nov 21 21:36:58 2023,package-tree.html,genie-openj9
Tue Nov 21 21:36:58 2023,package-use.html,genie-openj9
Tue Nov 21 21:36:58 2023,I16.html,genie-openj9
Tue Nov 21 21:36:58 2023,I32.html,genie-openj9
Tue Nov 21 21:36:58 2023,I64.html,genie-openj9
Tue Nov 21 21:36:58 2023,I8.html,genie-openj9
Tue Nov 21 21:36:58 2023,IDATA.html,genie-openj9
Tue Nov 21 21:36:58 2023,IScalar.html,genie-openj9
Tue Nov 21 21:36:58 2023,Scalar.html,genie-openj9
Tue Nov 21 21:36:58 2023,U16.html,genie-openj9
Tue Nov 21 21:36:58 2023,U32.html,genie-openj9
Tue Nov 21 21:36:58 2023,U64.html,genie-openj9
Tue Nov 21 21:36:58 2023,U8.html,genie-openj9
Tue Nov 21 21:36:58 2023,UDATA.html,genie-openj9
Tue Nov 21 21:36:58 2023,UScalar.html,genie-openj9
Tue Nov 21 21:36:58 2023,Void.html,genie-openj9
Tue Nov 21 21:36:58 2023,I16.html,genie-openj9
Tue Nov 21 21:36:58 2023,I32.html,genie-openj9
Tue Nov 21 21:36:58 2023,I64.html,genie-openj9
Tue Nov 21 21:36:58 2023,I8.html,genie-openj9
Tue Nov 21 21:36:58 2023,IDATA.html,genie-openj9
Tue Nov 21 21:36:58 2023,IScalar.html,genie-openj9
Tue Nov 21 21:36:58 2023,Scalar.html,genie-openj9
Tue Nov 21 21:36:58 2023,U16.html,genie-openj9
Tue Nov 21 21:36:58 2023,U32.html,genie-openj9
Tue Nov 21 21:36:58 2023,U64.html,genie-openj9
Tue Nov 21 21:36:58 2023,U8.html,genie-openj9
Tue Nov 21 21:36:58 2023,UDATA.html,genie-openj9
Tue Nov 21 21:36:58 2023,UScalar.html,genie-openj9
Tue Nov 21 21:36:58 2023,Void.html,genie-openj9
Tue Nov 21 21:36:58 2023,package-summary.html,genie-openj9
Tue Nov 21 21:36:58 2023,package-tree.html,genie-openj9
Tue Nov 21 21:36:58 2023,package-use.html,genie-openj9
Tue Nov 21 21:36:58 2023,DTFJBootstrapShim.html,genie-openj9
Tue Nov 21 21:36:58 2023,DTFJContext.html,genie-openj9
Tue Nov 21 21:36:58 2023,J9RASInfoBootstrapShim.html,genie-openj9
Tue Nov 21 21:36:58 2023,DTFJBootstrapShim.html,genie-openj9
Tue Nov 21 21:36:58 2023,DTFJContext.html,genie-openj9
Tue Nov 21 21:36:58 2023,J9RASInfoBootstrapShim.html,genie-openj9
Tue Nov 21 21:36:58 2023,DTFJGenericJavaRuntimeMemorySection.html,genie-openj9
Tue Nov 21 21:36:58 2023,DTFJJavaClass.html,genie-openj9
Tue Nov 21 21:36:58 2023,DTFJJavaClassloader.html,genie-openj9
Tue Nov 21 21:36:58 2023,DTFJJavaField.html,genie-openj9
Tue Nov 21 21:36:58 2023,DTFJJavaFieldInstance.html,genie-openj9
Tue Nov 21 21:36:58 2023,DTFJJavaFieldStatic.html,genie-openj9
Tue Nov 21 21:36:58 2023,DTFJJavaHeap.html,genie-openj9
Tue Nov 21 21:36:58 2023,DTFJJavaMethod.html,genie-openj9
Tue Nov 21 21:36:58 2023,DTFJJavaObject.html,genie-openj9
Tue Nov 21 21:36:58 2023,DTFJJavaObjectMonitor.html,genie-openj9
Tue Nov 21 21:36:58 2023,DTFJJavaReference.html,genie-openj9
Tue Nov 21 21:36:58 2023,DTFJJavaRuntime.DTFJRootScanner.html,genie-openj9
Tue Nov 21 21:36:58 2023,DTFJJavaRuntime.html,genie-openj9
Tue Nov 21 21:36:58 2023,DTFJJavaRuntimeMemoryCategory.html,genie-openj9
Tue Nov 21 21:36:58 2023,DTFJJavaRuntimeMemorySectionBase.html,genie-openj9
Tue Nov 21 21:36:58 2023,DTFJJavaStackFrame.html,genie-openj9
Tue Nov 21 21:36:58 2023,DTFJJavaSystemMonitor.html,genie-openj9
Tue Nov 21 21:36:58 2023,DTFJJavaThread.html,genie-openj9
Tue Nov 21 21:36:58 2023,DTFJJavaVMInitArgs.html,genie-openj9
Tue Nov 21 21:36:58 2023,DTFJJavaVMOption.html,genie-openj9
Tue Nov 21 21:36:58 2023,DTFJMemoryTagRuntimeMemorySection.html,genie-openj9
Tue Nov 21 21:36:58 2023,DTFJGenericJavaRuntimeMemorySection.html,genie-openj9
Tue Nov 21 21:36:58 2023,DTFJJavaClass.html,genie-openj9
Tue Nov 21 21:36:58 2023,DTFJJavaClassloader.html,genie-openj9
Tue Nov 21 21:36:58 2023,DTFJJavaField.html,genie-openj9
Tue Nov 21 21:36:58 2023,DTFJJavaFieldInstance.html,genie-openj9
Tue Nov 21 21:36:58 2023,DTFJJavaFieldStatic.html,genie-openj9
Tue Nov 21 21:36:58 2023,DTFJJavaHeap.html,genie-openj9
Tue Nov 21 21:36:58 2023,DTFJJavaMethod.html,genie-openj9
Tue Nov 21 21:36:58 2023,DTFJJavaObject.html,genie-openj9
Tue Nov 21 21:36:58 2023,DTFJJavaObjectMonitor.html,genie-openj9
Tue Nov 21 21:36:58 2023,DTFJJavaReference.html,genie-openj9
Tue Nov 21 21:36:58 2023,DTFJJavaRuntime.DTFJRootScanner.html,genie-openj9
Tue Nov 21 21:36:58 2023,DTFJJavaRuntime.html,genie-openj9
Tue Nov 21 21:36:58 2023,DTFJJavaRuntimeMemoryCategory.html,genie-openj9
Tue Nov 21 21:36:58 2023,DTFJJavaRuntimeMemorySectionBase.html,genie-openj9
Tue Nov 21 21:36:58 2023,DTFJJavaStackFrame.html,genie-openj9
Tue Nov 21 21:36:58 2023,DTFJJavaSystemMonitor.html,genie-openj9
Tue Nov 21 21:36:58 2023,DTFJJavaThread.html,genie-openj9
Tue Nov 21 21:36:58 2023,DTFJJavaVMInitArgs.html,genie-openj9
Tue Nov 21 21:36:58 2023,DTFJJavaVMOption.html,genie-openj9
Tue Nov 21 21:36:58 2023,DTFJMemoryTagRuntimeMemorySection.html,genie-openj9
Tue Nov 21 21:36:58 2023,AddCorruptionToListListener.html,genie-openj9
Tue Nov 21 21:36:58 2023,CorruptJavaObject.html,genie-openj9
Tue Nov 21 21:36:58 2023,AddCorruptionToListListener.html,genie-openj9
Tue Nov 21 21:36:58 2023,CorruptJavaObject.html,genie-openj9
Tue Nov 21 21:36:58 2023,package-summary.html,genie-openj9
Tue Nov 21 21:36:58 2023,package-tree.html,genie-openj9
Tue Nov 21 21:36:58 2023,package-use.html,genie-openj9
Tue Nov 21 21:36:58 2023,DTFJConstantPoolIterator.html,genie-openj9
Tue Nov 21 21:36:58 2023,DTFJMonitorIterator.html,genie-openj9
Tue Nov 21 21:36:58 2023,HeapObjectIterator.html,genie-openj9
Tue Nov 21 21:36:58 2023,SlidingIterator.html,genie-openj9
Tue Nov 21 21:36:58 2023,DTFJConstantPoolIterator.html,genie-openj9
Tue Nov 21 21:36:58 2023,DTFJMonitorIterator.html,genie-openj9
Tue Nov 21 21:36:58 2023,HeapObjectIterator.html,genie-openj9
Tue Nov 21 21:36:58 2023,SlidingIterator.html,genie-openj9
Tue Nov 21 21:36:58 2023,package-summary.html,genie-openj9
Tue Nov 21 21:36:58 2023,package-tree.html,genie-openj9
Tue Nov 21 21:36:58 2023,package-use.html,genie-openj9
Tue Nov 21 21:36:58 2023,package-summary.html,genie-openj9
Tue Nov 21 21:36:58 2023,package-tree.html,genie-openj9
Tue Nov 21 21:36:58 2023,package-use.html,genie-openj9
Tue Nov 21 21:36:58 2023,package-summary.html,genie-openj9
Tue Nov 21 21:36:58 2023,package-tree.html,genie-openj9
Tue Nov 21 21:36:58 2023,package-use.html,genie-openj9
Tue Nov 21 21:36:58 2023,Context.html,genie-openj9
Tue Nov 21 21:36:58 2023,ContextFactory.html,genie-openj9
Tue Nov 21 21:36:58 2023,DTFJContext.html,genie-openj9
Tue Nov 21 21:36:58 2023,DTFJImageBean.html,genie-openj9
Tue Nov 21 21:36:58 2023,EmptyDTFJContext.html,genie-openj9
Tue Nov 21 21:36:58 2023,IContext.html,genie-openj9
Tue Nov 21 21:36:58 2023,IDTFJContext.html,genie-openj9
Tue Nov 21 21:36:58 2023,Context.html,genie-openj9
Tue Nov 21 21:36:58 2023,ContextFactory.html,genie-openj9
Tue Nov 21 21:36:58 2023,DTFJContext.html,genie-openj9
Tue Nov 21 21:36:58 2023,DTFJImageBean.html,genie-openj9
Tue Nov 21 21:36:58 2023,EmptyDTFJContext.html,genie-openj9
Tue Nov 21 21:36:58 2023,IContext.html,genie-openj9
Tue Nov 21 21:36:58 2023,IDTFJContext.html,genie-openj9
Tue Nov 21 21:36:58 2023,BaseCommand.html,genie-openj9
Tue Nov 21 21:36:58 2023,CommandDescription.html,genie-openj9
Tue Nov 21 21:36:58 2023,CommandException.html,genie-openj9
Tue Nov 21 21:36:58 2023,CommandParser.html,genie-openj9
Tue Nov 21 21:36:58 2023,ICommand.html,genie-openj9
Tue Nov 21 21:36:58 2023,PluginCommand.html,genie-openj9
Tue Nov 21 21:36:58 2023,QuitCommand.html,genie-openj9
Tue Nov 21 21:36:58 2023,BaseCommand.html,genie-openj9
Tue Nov 21 21:36:58 2023,CommandDescription.html,genie-openj9
Tue Nov 21 21:36:58 2023,CommandException.html,genie-openj9
Tue Nov 21 21:36:58 2023,CommandParser.html,genie-openj9
Tue Nov 21 21:36:58 2023,ICommand.html,genie-openj9
Tue Nov 21 21:36:58 2023,PluginCommand.html,genie-openj9
Tue Nov 21 21:36:58 2023,QuitCommand.html,genie-openj9
Tue Nov 21 21:36:58 2023,package-summary.html,genie-openj9
Tue Nov 21 21:36:58 2023,package-tree.html,genie-openj9
Tue Nov 21 21:36:58 2023,package-use.html,genie-openj9
Tue Nov 21 21:36:58 2023,package-summary.html,genie-openj9
Tue Nov 21 21:36:58 2023,package-tree.html,genie-openj9
Tue Nov 21 21:36:58 2023,package-use.html,genie-openj9
Tue Nov 21 21:36:58 2023,Annotation.html,genie-openj9
Tue Nov 21 21:36:58 2023,ClassInfo.html,genie-openj9
Tue Nov 21 21:36:58 2023,ClassListener.html,genie-openj9
Tue Nov 21 21:36:58 2023,Container.html,genie-openj9
Tue Nov 21 21:36:58 2023,DTFJPlugin.html,genie-openj9
Tue Nov 21 21:36:58 2023,DTFJPluginConfig.html,genie-openj9
Tue Nov 21 21:36:58 2023,DTFJPluginManager.html,genie-openj9
Tue Nov 21 21:36:58 2023,Entry.html,genie-openj9
Tue Nov 21 21:36:58 2023,LocalPriorityClassloader.html,genie-openj9
Tue Nov 21 21:36:58 2023,PackageFilteredClassloader.html,genie-openj9
Tue Nov 21 21:36:58 2023,PluginConfig.html,genie-openj9
Tue Nov 21 21:36:58 2023,PluginConstants.html,genie-openj9
Tue Nov 21 21:36:58 2023,PluginListenerFactory.html,genie-openj9
Tue Nov 21 21:36:58 2023,PluginLoader.html,genie-openj9
Tue Nov 21 21:36:58 2023,PluginManager.html,genie-openj9
Tue Nov 21 21:36:58 2023,PluginManagerLocator.html,genie-openj9
Tue Nov 21 21:36:58 2023,Annotation.html,genie-openj9
Tue Nov 21 21:36:58 2023,ClassInfo.html,genie-openj9
Tue Nov 21 21:36:58 2023,ClassListener.html,genie-openj9
Tue Nov 21 21:36:58 2023,Container.html,genie-openj9
Tue Nov 21 21:36:58 2023,DTFJPlugin.html,genie-openj9
Tue Nov 21 21:36:58 2023,DTFJPluginConfig.html,genie-openj9
Tue Nov 21 21:36:58 2023,DTFJPluginManager.html,genie-openj9
Tue Nov 21 21:36:58 2023,Entry.html,genie-openj9
Tue Nov 21 21:36:58 2023,LocalPriorityClassloader.html,genie-openj9
Tue Nov 21 21:36:58 2023,PackageFilteredClassloader.html,genie-openj9
Tue Nov 21 21:36:58 2023,PluginConfig.html,genie-openj9
Tue Nov 21 21:36:58 2023,PluginConstants.html,genie-openj9
Tue Nov 21 21:36:58 2023,PluginListenerFactory.html,genie-openj9
Tue Nov 21 21:36:58 2023,PluginLoader.html,genie-openj9
Tue Nov 21 21:36:58 2023,PluginManager.html,genie-openj9
Tue Nov 21 21:36:58 2023,PluginManagerLocator.html,genie-openj9
Tue Nov 21 21:36:58 2023,ClassScanner.html,genie-openj9
Tue Nov 21 21:36:58 2023,PluginManagerImpl.html,genie-openj9
Tue Nov 21 21:36:58 2023,ClassScanner.html,genie-openj9
Tue Nov 21 21:36:58 2023,PluginManagerImpl.html,genie-openj9
Tue Nov 21 21:36:58 2023,package-summary.html,genie-openj9
Tue Nov 21 21:36:58 2023,package-tree.html,genie-openj9
Tue Nov 21 21:36:58 2023,package-use.html,genie-openj9
Tue Nov 21 21:36:58 2023,package-summary.html,genie-openj9
Tue Nov 21 21:36:58 2023,package-tree.html,genie-openj9
Tue Nov 21 21:36:58 2023,package-use.html,genie-openj9
Tue Nov 21 21:36:58 2023,JExtractFatalException.html,genie-openj9
Tue Nov 21 21:36:58 2023,Main.html,genie-openj9
Tue Nov 21 21:36:58 2023,JExtractFatalException.html,genie-openj9
Tue Nov 21 21:36:58 2023,Main.html,genie-openj9
Tue Nov 21 21:36:58 2023,package-summary.html,genie-openj9
Tue Nov 21 21:36:58 2023,package-tree.html,genie-openj9
Tue Nov 21 21:36:58 2023,package-use.html,genie-openj9
Tue Nov 21 21:36:58 2023,IParserNode.html,genie-openj9
Tue Nov 21 21:36:58 2023,NodeAbstract.html,genie-openj9
Tue Nov 21 21:36:58 2023,NodeArrayClass.html,genie-openj9
Tue Nov 21 21:36:58 2023,NodeBuffers.html,genie-openj9
Tue Nov 21 21:36:58 2023,NodeByteCode.html,genie-openj9
Tue Nov 21 21:36:58 2023,NodeClassInClassLoader.html,genie-openj9
Tue Nov 21 21:36:58 2023,NodeClassInConstantPool.html,genie-openj9
Tue Nov 21 21:36:58 2023,NodeClassInVM.html,genie-openj9
Tue Nov 21 21:36:58 2023,NodeClassLoader.html,genie-openj9
Tue Nov 21 21:36:58 2023,NodeConstantPool.html,genie-openj9
Tue Nov 21 21:36:58 2023,NodeError.html,genie-openj9
Tue Nov 21 21:36:58 2023,NodeField.html,genie-openj9
Tue Nov 21 21:36:58 2023,NodeFrame.html,genie-openj9
Tue Nov 21 21:36:58 2023,NodeGPF.html,genie-openj9
Tue Nov 21 21:36:58 2023,NodeHeader.html,genie-openj9
Tue Nov 21 21:36:58 2023,NodeHeap.html,genie-openj9
Tue Nov 21 21:36:58 2023,NodeIP.html,genie-openj9
Tue Nov 21 21:36:58 2023,NodeInterface.html,genie-openj9
Tue Nov 21 21:36:58 2023,NodeJ9Dump.html,genie-openj9
Tue Nov 21 21:36:58 2023,NodeJIT.html,genie-openj9
Tue Nov 21 21:36:58 2023,NodeJavaVM.html,genie-openj9
Tue Nov 21 21:36:58 2023,NodeJavaVMInitArgs.html,genie-openj9
Tue Nov 21 21:36:58 2023,NodeJavaVMOption.html,genie-openj9
Tue Nov 21 21:36:58 2023,NodeLibrary.html,genie-openj9
Tue Nov 21 21:36:58 2023,NodeMethod.html,genie-openj9
Tue Nov 21 21:36:58 2023,NodeMonitor.html,genie-openj9
Tue Nov 21 21:36:58 2023,NodeNet.html,genie-openj9
Tue Nov 21 21:36:58 2023,NodeObject.html,genie-openj9
Tue Nov 21 21:36:58 2023,NodeObjects.html,genie-openj9
Tue Nov 21 21:36:58 2023,NodeProperty.html,genie-openj9
Tue Nov 21 21:36:58 2023,NodeRegion.html,genie-openj9
Tue Nov 21 21:36:58 2023,NodeRoot.html,genie-openj9
Tue Nov 21 21:36:58 2023,NodeRootClass.html,genie-openj9
Tue Nov 21 21:36:58 2023,NodeRootObject.html,genie-openj9
Tue Nov 21 21:36:58 2023,NodeStack.html,genie-openj9
Tue Nov 21 21:36:58 2023,NodeStatic.html,genie-openj9
Tue Nov 21 21:36:58 2023,NodeSystemProperties.html,genie-openj9
Tue Nov 21 21:36:58 2023,NodeTrace.html,genie-openj9
Tue Nov 21 21:36:58 2023,NodeUnexpectedTag.html,genie-openj9
Tue Nov 21 21:36:58 2023,NodeVMThread.html,genie-openj9
Tue Nov 21 21:36:58 2023,XMLIndexReader.html,genie-openj9
Tue Nov 21 21:36:58 2023,XMLInputStream.html,genie-openj9
Tue Nov 21 21:36:58 2023,IParserNode.html,genie-openj9
Tue Nov 21 21:36:58 2023,NodeAbstract.html,genie-openj9
Tue Nov 21 21:36:58 2023,NodeArrayClass.html,genie-openj9
Tue Nov 21 21:36:58 2023,NodeBuffers.html,genie-openj9
Tue Nov 21 21:36:58 2023,NodeByteCode.html,genie-openj9
Tue Nov 21 21:36:58 2023,NodeClassInClassLoader.html,genie-openj9
Tue Nov 21 21:36:58 2023,NodeClassInConstantPool.html,genie-openj9
Tue Nov 21 21:36:58 2023,NodeClassInVM.html,genie-openj9
Tue Nov 21 21:36:58 2023,NodeClassLoader.html,genie-openj9
Tue Nov 21 21:36:58 2023,NodeConstantPool.html,genie-openj9
Tue Nov 21 21:36:58 2023,NodeError.html,genie-openj9
Tue Nov 21 21:36:58 2023,NodeField.html,genie-openj9
Tue Nov 21 21:36:58 2023,NodeFrame.html,genie-openj9
Tue Nov 21 21:36:58 2023,NodeGPF.html,genie-openj9
Tue Nov 21 21:36:58 2023,NodeHeader.html,genie-openj9
Tue Nov 21 21:36:58 2023,NodeHeap.html,genie-openj9
Tue Nov 21 21:36:58 2023,NodeIP.html,genie-openj9
Tue Nov 21 21:36:58 2023,NodeInterface.html,genie-openj9
Tue Nov 21 21:36:58 2023,NodeJ9Dump.html,genie-openj9
Tue Nov 21 21:36:58 2023,NodeJIT.html,genie-openj9
Tue Nov 21 21:36:58 2023,NodeJavaVM.html,genie-openj9
Tue Nov 21 21:36:58 2023,NodeJavaVMInitArgs.html,genie-openj9
Tue Nov 21 21:36:58 2023,NodeJavaVMOption.html,genie-openj9
Tue Nov 21 21:36:58 2023,NodeLibrary.html,genie-openj9
Tue Nov 21 21:36:58 2023,NodeMethod.html,genie-openj9
Tue Nov 21 21:36:58 2023,NodeMonitor.html,genie-openj9
Tue Nov 21 21:36:58 2023,NodeNet.html,genie-openj9
Tue Nov 21 21:36:58 2023,NodeObject.html,genie-openj9
Tue Nov 21 21:36:58 2023,NodeObjects.html,genie-openj9
Tue Nov 21 21:36:58 2023,NodeProperty.html,genie-openj9
Tue Nov 21 21:36:58 2023,NodeRegion.html,genie-openj9
Tue Nov 21 21:36:58 2023,NodeRoot.html,genie-openj9
Tue Nov 21 21:36:58 2023,NodeRootClass.html,genie-openj9
Tue Nov 21 21:36:58 2023,NodeRootObject.html,genie-openj9
Tue Nov 21 21:36:58 2023,NodeStack.html,genie-openj9
Tue Nov 21 21:36:58 2023,NodeStatic.html,genie-openj9
Tue Nov 21 21:36:58 2023,NodeSystemProperties.html,genie-openj9
Tue Nov 21 21:36:58 2023,NodeTrace.html,genie-openj9
Tue Nov 21 21:36:58 2023,NodeUnexpectedTag.html,genie-openj9
Tue Nov 21 21:36:58 2023,NodeVMThread.html,genie-openj9
Tue Nov 21 21:36:58 2023,XMLIndexReader.html,genie-openj9
Tue Nov 21 21:36:58 2023,XMLInputStream.html,genie-openj9
Tue Nov 21 21:36:58 2023,package-summary.html,genie-openj9
Tue Nov 21 21:36:58 2023,package-tree.html,genie-openj9
Tue Nov 21 21:36:58 2023,package-use.html,genie-openj9
Tue Nov 21 21:36:58 2023,module-summary.html,genie-openj9
Tue Nov 21 21:36:58 2023,CombinedContext.html,genie-openj9
Tue Nov 21 21:36:58 2023,ConsoleOutputChannel.html,genie-openj9
Tue Nov 21 21:36:58 2023,DTFJView.html,genie-openj9
Tue Nov 21 21:36:58 2023,ExitCodes.html,genie-openj9
Tue Nov 21 21:36:58 2023,FileOutputChannel.html,genie-openj9
Tue Nov 21 21:36:58 2023,JdmpviewContextManager.html,genie-openj9
Tue Nov 21 21:36:58 2023,JdmpviewInitException.html,genie-openj9
Tue Nov 21 21:36:58 2023,JdmpviewPrintStream.html,genie-openj9
Tue Nov 21 21:36:58 2023,Output.html,genie-openj9
Tue Nov 21 21:36:58 2023,OutputChannelRedirector.html,genie-openj9
Tue Nov 21 21:36:58 2023,Session.html,genie-openj9
Tue Nov 21 21:36:58 2023,SessionProperties.html,genie-openj9
Tue Nov 21 21:36:58 2023,SystemProperties.html,genie-openj9
Tue Nov 21 21:36:58 2023,Version.html,genie-openj9
Tue Nov 21 21:36:58 2023,CombinedContext.html,genie-openj9
Tue Nov 21 21:36:58 2023,ConsoleOutputChannel.html,genie-openj9
Tue Nov 21 21:36:58 2023,DTFJView.html,genie-openj9
Tue Nov 21 21:36:58 2023,ExitCodes.html,genie-openj9
Tue Nov 21 21:36:58 2023,FileOutputChannel.html,genie-openj9
Tue Nov 21 21:36:58 2023,JdmpviewContextManager.html,genie-openj9
Tue Nov 21 21:36:58 2023,JdmpviewInitException.html,genie-openj9
Tue Nov 21 21:36:58 2023,JdmpviewPrintStream.html,genie-openj9
Tue Nov 21 21:36:58 2023,Output.html,genie-openj9
Tue Nov 21 21:36:58 2023,OutputChannelRedirector.html,genie-openj9
Tue Nov 21 21:36:58 2023,Session.html,genie-openj9
Tue Nov 21 21:36:58 2023,SessionProperties.html,genie-openj9
Tue Nov 21 21:36:58 2023,SystemProperties.html,genie-openj9
Tue Nov 21 21:36:58 2023,Version.html,genie-openj9
Tue Nov 21 21:36:58 2023,BaseJdmpviewCommand.ArtifactType.html,genie-openj9
Tue Nov 21 21:36:58 2023,BaseJdmpviewCommand.html,genie-openj9
Tue Nov 21 21:36:58 2023,CdCommand.html,genie-openj9
Tue Nov 21 21:36:58 2023,CloseCommand.html,genie-openj9
Tue Nov 21 21:36:58 2023,DeadlockCommand.html,genie-openj9
Tue Nov 21 21:36:58 2023,ExceptionHandler.html,genie-openj9
Tue Nov 21 21:36:58 2023,FindCommand.html,genie-openj9
Tue Nov 21 21:36:58 2023,FindNextCommand.html,genie-openj9
Tue Nov 21 21:36:58 2023,FindPtrCommand.html,genie-openj9
Tue Nov 21 21:36:58 2023,HeapdumpCommand.html,genie-openj9
Tue Nov 21 21:36:58 2023,HelpCommand.html,genie-openj9
Tue Nov 21 21:36:58 2023,HexdumpCommand.html,genie-openj9
Tue Nov 21 21:36:58 2023,LogCommand.html,genie-openj9
Tue Nov 21 21:36:58 2023,OpenCommand.html,genie-openj9
Tue Nov 21 21:36:58 2023,PwdCommand.html,genie-openj9
Tue Nov 21 21:36:58 2023,ScrollCommand.html,genie-openj9
Tue Nov 21 21:36:58 2023,SimpleRedirectorCommand.html,genie-openj9
Tue Nov 21 21:36:58 2023,WhatisCommand.html,genie-openj9
Tue Nov 21 21:36:58 2023,BaseJdmpviewCommand.ArtifactType.html,genie-openj9
Tue Nov 21 21:36:58 2023,BaseJdmpviewCommand.html,genie-openj9
Tue Nov 21 21:36:58 2023,CdCommand.html,genie-openj9
Tue Nov 21 21:36:58 2023,CloseCommand.html,genie-openj9
Tue Nov 21 21:36:58 2023,DeadlockCommand.html,genie-openj9
Tue Nov 21 21:36:58 2023,ExceptionHandler.html,genie-openj9
Tue Nov 21 21:36:58 2023,FindCommand.html,genie-openj9
Tue Nov 21 21:36:58 2023,FindNextCommand.html,genie-openj9
Tue Nov 21 21:36:58 2023,FindPtrCommand.html,genie-openj9
Tue Nov 21 21:36:58 2023,HeapdumpCommand.html,genie-openj9
Tue Nov 21 21:36:58 2023,HelpCommand.html,genie-openj9
Tue Nov 21 21:36:58 2023,HexdumpCommand.html,genie-openj9
Tue Nov 21 21:36:58 2023,LogCommand.html,genie-openj9
Tue Nov 21 21:36:58 2023,OpenCommand.html,genie-openj9
Tue Nov 21 21:36:58 2023,PwdCommand.html,genie-openj9
Tue Nov 21 21:36:58 2023,ScrollCommand.html,genie-openj9
Tue Nov 21 21:36:58 2023,SimpleRedirectorCommand.html,genie-openj9
Tue Nov 21 21:36:58 2023,WhatisCommand.html,genie-openj9
Tue Nov 21 21:36:58 2023,ClassOutput.html,genie-openj9
Tue Nov 21 21:36:58 2023,Exceptions.html,genie-openj9
Tue Nov 21 21:36:58 2023,JUCMonitorNode.html,genie-openj9
Tue Nov 21 21:36:58 2023,MonitorNode.html,genie-openj9
Tue Nov 21 21:36:58 2023,MonitorState.html,genie-openj9
Tue Nov 21 21:36:58 2023,NodeList.html,genie-openj9
Tue Nov 21 21:36:58 2023,StateToString.html,genie-openj9
Tue Nov 21 21:36:58 2023,ThreadData.html,genie-openj9
Tue Nov 21 21:36:58 2023,Utils.html,genie-openj9
Tue Nov 21 21:36:58 2023,ClassOutput.html,genie-openj9
Tue Nov 21 21:36:58 2023,Exceptions.html,genie-openj9
Tue Nov 21 21:36:58 2023,JUCMonitorNode.html,genie-openj9
Tue Nov 21 21:36:58 2023,MonitorNode.html,genie-openj9
Tue Nov 21 21:36:58 2023,MonitorState.html,genie-openj9
Tue Nov 21 21:36:58 2023,NodeList.html,genie-openj9
Tue Nov 21 21:36:58 2023,StateToString.html,genie-openj9
Tue Nov 21 21:36:58 2023,ThreadData.html,genie-openj9
Tue Nov 21 21:36:58 2023,Utils.html,genie-openj9
Tue Nov 21 21:36:58 2023,package-summary.html,genie-openj9
Tue Nov 21 21:36:58 2023,package-tree.html,genie-openj9
Tue Nov 21 21:36:58 2023,package-use.html,genie-openj9
Tue Nov 21 21:36:58 2023,InfoClassCommand.ClassStatistics.html,genie-openj9
Tue Nov 21 21:36:58 2023,InfoClassCommand.html,genie-openj9
Tue Nov 21 21:36:58 2023,InfoCommand.html,genie-openj9
Tue Nov 21 21:36:58 2023,InfoHeapCommand.html,genie-openj9
Tue Nov 21 21:36:58 2023,InfoJitmCommand.html,genie-openj9
Tue Nov 21 21:36:58 2023,InfoLockCommand.html,genie-openj9
Tue Nov 21 21:36:58 2023,InfoMemoryCommand.html,genie-openj9
Tue Nov 21 21:36:58 2023,InfoMmapCommand.html,genie-openj9
Tue Nov 21 21:36:58 2023,InfoProcCommand.html,genie-openj9
Tue Nov 21 21:36:58 2023,InfoSymCommand.html,genie-openj9
Tue Nov 21 21:36:58 2023,InfoSystemCommand.html,genie-openj9
Tue Nov 21 21:36:58 2023,InfoThreadCommand.html,genie-openj9
Tue Nov 21 21:36:58 2023,InfoClassCommand.ClassStatistics.html,genie-openj9
Tue Nov 21 21:36:58 2023,InfoClassCommand.html,genie-openj9
Tue Nov 21 21:36:58 2023,InfoCommand.html,genie-openj9
Tue Nov 21 21:36:58 2023,InfoHeapCommand.html,genie-openj9
Tue Nov 21 21:36:58 2023,InfoJitmCommand.html,genie-openj9
Tue Nov 21 21:36:58 2023,InfoLockCommand.html,genie-openj9
Tue Nov 21 21:36:58 2023,InfoMemoryCommand.html,genie-openj9
Tue Nov 21 21:36:58 2023,InfoMmapCommand.html,genie-openj9
Tue Nov 21 21:36:58 2023,InfoProcCommand.html,genie-openj9
Tue Nov 21 21:36:58 2023,InfoSymCommand.html,genie-openj9
Tue Nov 21 21:36:58 2023,InfoSystemCommand.html,genie-openj9
Tue Nov 21 21:36:58 2023,InfoThreadCommand.html,genie-openj9
Tue Nov 21 21:36:58 2023,package-summary.html,genie-openj9
Tue Nov 21 21:36:58 2023,package-tree.html,genie-openj9
Tue Nov 21 21:36:58 2023,package-use.html,genie-openj9
Tue Nov 21 21:36:58 2023,package-summary.html,genie-openj9
Tue Nov 21 21:36:58 2023,package-tree.html,genie-openj9
Tue Nov 21 21:36:58 2023,package-use.html,genie-openj9
Tue Nov 21 21:36:58 2023,SetCommand.html,genie-openj9
Tue Nov 21 21:36:58 2023,SetHeapdumpCommand.html,genie-openj9
Tue Nov 21 21:36:58 2023,SetLoggingCommand.html,genie-openj9
Tue Nov 21 21:36:58 2023,SetCommand.html,genie-openj9
Tue Nov 21 21:36:58 2023,SetHeapdumpCommand.html,genie-openj9
Tue Nov 21 21:36:58 2023,SetLoggingCommand.html,genie-openj9
Tue Nov 21 21:36:58 2023,package-summary.html,genie-openj9
Tue Nov 21 21:36:58 2023,package-tree.html,genie-openj9
Tue Nov 21 21:36:58 2023,package-use.html,genie-openj9
Tue Nov 21 21:36:58 2023,ShowCommand.html,genie-openj9
Tue Nov 21 21:36:58 2023,ShowHeapdumpCommand.html,genie-openj9
Tue Nov 21 21:36:58 2023,ShowLoggingCommand.html,genie-openj9
Tue Nov 21 21:36:58 2023,ShowCommand.html,genie-openj9
Tue Nov 21 21:36:58 2023,ShowHeapdumpCommand.html,genie-openj9
Tue Nov 21 21:36:58 2023,ShowLoggingCommand.html,genie-openj9
Tue Nov 21 21:36:58 2023,package-summary.html,genie-openj9
Tue Nov 21 21:36:58 2023,package-tree.html,genie-openj9
Tue Nov 21 21:36:58 2023,package-use.html,genie-openj9
Tue Nov 21 21:36:58 2023,XCommand.html,genie-openj9
Tue Nov 21 21:36:58 2023,XDCommand.html,genie-openj9
Tue Nov 21 21:36:58 2023,XJCommand.html,genie-openj9
Tue Nov 21 21:36:58 2023,XKCommand.html,genie-openj9
Tue Nov 21 21:36:58 2023,XXCommand.html,genie-openj9
Tue Nov 21 21:36:58 2023,XCommand.html,genie-openj9
Tue Nov 21 21:36:58 2023,XDCommand.html,genie-openj9
Tue Nov 21 21:36:58 2023,XJCommand.html,genie-openj9
Tue Nov 21 21:36:58 2023,XKCommand.html,genie-openj9
Tue Nov 21 21:36:58 2023,XXCommand.html,genie-openj9
Tue Nov 21 21:36:58 2023,package-summary.html,genie-openj9
Tue Nov 21 21:36:58 2023,package-tree.html,genie-openj9
Tue Nov 21 21:36:58 2023,package-use.html,genie-openj9
Tue Nov 21 21:36:58 2023,HeapDumpFormatter.html,genie-openj9
Tue Nov 21 21:36:58 2023,HeapDumpSettings.html,genie-openj9
Tue Nov 21 21:36:58 2023,LongArrayReferenceIterator.html,genie-openj9
Tue Nov 21 21:36:58 2023,LongListReferenceIterator.html,genie-openj9
Tue Nov 21 21:36:58 2023,ReferenceIterator.html,genie-openj9
Tue Nov 21 21:36:58 2023,HeapDumpFormatter.html,genie-openj9
Tue Nov 21 21:36:58 2023,HeapDumpSettings.html,genie-openj9
Tue Nov 21 21:36:58 2023,LongArrayReferenceIterator.html,genie-openj9
Tue Nov 21 21:36:58 2023,LongListReferenceIterator.html,genie-openj9
Tue Nov 21 21:36:58 2023,ReferenceIterator.html,genie-openj9
Tue Nov 21 21:36:58 2023,ClassicHeapDumpFormatter.html,genie-openj9
Tue Nov 21 21:36:58 2023,ClassicHeapDumpFormatter.html,genie-openj9
Tue Nov 21 21:36:58 2023,package-summary.html,genie-openj9
Tue Nov 21 21:36:58 2023,package-tree.html,genie-openj9
Tue Nov 21 21:36:58 2023,package-use.html,genie-openj9
Tue Nov 21 21:36:58 2023,package-summary.html,genie-openj9
Tue Nov 21 21:36:58 2023,package-tree.html,genie-openj9
Tue Nov 21 21:36:58 2023,package-use.html,genie-openj9
Tue Nov 21 21:36:58 2023,ClassRecord.html,genie-openj9
Tue Nov 21 21:36:58 2023,LongObjectRecord.html,genie-openj9
Tue Nov 21 21:36:58 2023,LongPrimitiveArrayRecord.html,genie-openj9
Tue Nov 21 21:36:58 2023,MediumObjectRecord.html,genie-openj9
Tue Nov 21 21:36:58 2023,ObjectArrayRecord.html,genie-openj9
Tue Nov 21 21:36:58 2023,ObjectRecord.html,genie-openj9
Tue Nov 21 21:36:58 2023,PortableHeapDumpClassCache.html,genie-openj9
Tue Nov 21 21:36:58 2023,PortableHeapDumpFormatter.html,genie-openj9
Tue Nov 21 21:36:58 2023,PortableHeapDumpHeader.html,genie-openj9
Tue Nov 21 21:36:58 2023,PortableHeapDumpRecord.html,genie-openj9
Tue Nov 21 21:36:58 2023,PrimitiveArrayRecord.html,genie-openj9
Tue Nov 21 21:36:58 2023,ShortObjectRecord.html,genie-openj9
Tue Nov 21 21:36:58 2023,ClassRecord.html,genie-openj9
Tue Nov 21 21:36:58 2023,LongObjectRecord.html,genie-openj9
Tue Nov 21 21:36:58 2023,LongPrimitiveArrayRecord.html,genie-openj9
Tue Nov 21 21:36:58 2023,MediumObjectRecord.html,genie-openj9
Tue Nov 21 21:36:58 2023,ObjectArrayRecord.html,genie-openj9
Tue Nov 21 21:36:58 2023,ObjectRecord.html,genie-openj9
Tue Nov 21 21:36:58 2023,PortableHeapDumpClassCache.html,genie-openj9
Tue Nov 21 21:36:58 2023,PortableHeapDumpFormatter.html,genie-openj9
Tue Nov 21 21:36:58 2023,PortableHeapDumpHeader.html,genie-openj9
Tue Nov 21 21:36:58 2023,PortableHeapDumpRecord.html,genie-openj9
Tue Nov 21 21:36:58 2023,PrimitiveArrayRecord.html,genie-openj9
Tue Nov 21 21:36:58 2023,ShortObjectRecord.html,genie-openj9
Tue Nov 21 21:36:58 2023,package-summary.html,genie-openj9
Tue Nov 21 21:36:58 2023,package-tree.html,genie-openj9
Tue Nov 21 21:36:58 2023,package-use.html,genie-openj9
Tue Nov 21 21:36:58 2023,package-summary.html,genie-openj9
Tue Nov 21 21:36:58 2023,package-tree.html,genie-openj9
Tue Nov 21 21:36:58 2023,package-use.html,genie-openj9
Tue Nov 21 21:36:58 2023,ICombinedContext.html,genie-openj9
Tue Nov 21 21:36:58 2023,IOutputChannel.html,genie-openj9
Tue Nov 21 21:36:58 2023,IOutputManager.html,genie-openj9
Tue Nov 21 21:36:58 2023,ISession.html,genie-openj9
Tue Nov 21 21:36:58 2023,ISessionContextManager.html,genie-openj9
Tue Nov 21 21:36:58 2023,ICombinedContext.html,genie-openj9
Tue Nov 21 21:36:58 2023,IOutputChannel.html,genie-openj9
Tue Nov 21 21:36:58 2023,IOutputManager.html,genie-openj9
Tue Nov 21 21:36:58 2023,ISession.html,genie-openj9
Tue Nov 21 21:36:58 2023,ISessionContextManager.html,genie-openj9
Tue Nov 21 21:36:58 2023,package-summary.html,genie-openj9
Tue Nov 21 21:36:58 2023,package-tree.html,genie-openj9
Tue Nov 21 21:36:58 2023,package-use.html,genie-openj9
Tue Nov 21 21:36:58 2023,CommandException.html,genie-openj9
Tue Nov 21 21:36:58 2023,IPipe.html,genie-openj9
Tue Nov 21 21:36:58 2023,ITool.html,genie-openj9
Tue Nov 21 21:36:58 2023,ParsedCommand.html,genie-openj9
Tue Nov 21 21:36:58 2023,Tool.html,genie-openj9
Tue Nov 21 21:36:58 2023,ToolsRegistry.html,genie-openj9
Tue Nov 21 21:36:58 2023,ToolsRegistryOutputChannels.html,genie-openj9
Tue Nov 21 21:36:58 2023,CommandException.html,genie-openj9
Tue Nov 21 21:36:58 2023,IPipe.html,genie-openj9
Tue Nov 21 21:36:58 2023,ITool.html,genie-openj9
Tue Nov 21 21:36:58 2023,ParsedCommand.html,genie-openj9
Tue Nov 21 21:36:58 2023,Tool.html,genie-openj9
Tue Nov 21 21:36:58 2023,ToolsRegistry.html,genie-openj9
Tue Nov 21 21:36:58 2023,ToolsRegistryOutputChannels.html,genie-openj9
Tue Nov 21 21:36:58 2023,CharsFromTool.html,genie-openj9
Tue Nov 21 21:36:58 2023,CharsToTool.html,genie-openj9
Tue Nov 21 21:36:58 2023,CmdFileTool.html,genie-openj9
Tue Nov 21 21:36:58 2023,GrepTool.html,genie-openj9
Tue Nov 21 21:36:58 2023,HelpTool.html,genie-openj9
Tue Nov 21 21:36:58 2023,HistoryTool.html,genie-openj9
Tue Nov 21 21:36:58 2023,OutFileTool.html,genie-openj9
Tue Nov 21 21:36:58 2023,TokensTool.html,genie-openj9
Tue Nov 21 21:36:58 2023,CharsFromTool.html,genie-openj9
Tue Nov 21 21:36:58 2023,CharsToTool.html,genie-openj9
Tue Nov 21 21:36:58 2023,CmdFileTool.html,genie-openj9
Tue Nov 21 21:36:58 2023,GrepTool.html,genie-openj9
Tue Nov 21 21:36:58 2023,HelpTool.html,genie-openj9
Tue Nov 21 21:36:58 2023,HistoryTool.html,genie-openj9
Tue Nov 21 21:36:58 2023,OutFileTool.html,genie-openj9
Tue Nov 21 21:36:58 2023,TokensTool.html,genie-openj9
Tue Nov 21 21:36:58 2023,package-summary.html,genie-openj9
Tue Nov 21 21:36:58 2023,package-tree.html,genie-openj9
Tue Nov 21 21:36:58 2023,package-use.html,genie-openj9
Tue Nov 21 21:36:58 2023,package-summary.html,genie-openj9
Tue Nov 21 21:36:58 2023,package-tree.html,genie-openj9
Tue Nov 21 21:36:58 2023,package-use.html,genie-openj9
Tue Nov 21 21:36:58 2023,BlockPostmatchHandle.html,genie-openj9
Tue Nov 21 21:36:58 2023,BlockPrematchHandle.html,genie-openj9
Tue Nov 21 21:36:58 2023,FileUtils.html,genie-openj9
Tue Nov 21 21:36:58 2023,IMatchHandle.html,genie-openj9
Tue Nov 21 21:36:58 2023,IPostmatchHandle.html,genie-openj9
Tue Nov 21 21:36:58 2023,IPrematchHandle.html,genie-openj9
Tue Nov 21 21:36:58 2023,IStringModifier.html,genie-openj9
Tue Nov 21 21:36:58 2023,MatchHandle.html,genie-openj9
Tue Nov 21 21:36:58 2023,MaxLinesPostmatchHandle.html,genie-openj9
Tue Nov 21 21:36:58 2023,MaxLinesPrematchHandle.html,genie-openj9
Tue Nov 21 21:36:58 2023,OutputStreamModifier.html,genie-openj9
Tue Nov 21 21:36:58 2023,RegExprMatchHandle.html,genie-openj9
Tue Nov 21 21:36:58 2023,StringModifier.html,genie-openj9
Tue Nov 21 21:36:58 2023,StringReceiver.html,genie-openj9
Tue Nov 21 21:36:58 2023,BlockPostmatchHandle.html,genie-openj9
Tue Nov 21 21:36:58 2023,BlockPrematchHandle.html,genie-openj9
Tue Nov 21 21:36:58 2023,FileUtils.html,genie-openj9
Tue Nov 21 21:36:58 2023,IMatchHandle.html,genie-openj9
Tue Nov 21 21:36:58 2023,IPostmatchHandle.html,genie-openj9
Tue Nov 21 21:36:58 2023,IPrematchHandle.html,genie-openj9
Tue Nov 21 21:36:58 2023,IStringModifier.html,genie-openj9
Tue Nov 21 21:36:58 2023,MatchHandle.html,genie-openj9
Tue Nov 21 21:36:58 2023,MaxLinesPostmatchHandle.html,genie-openj9
Tue Nov 21 21:36:58 2023,MaxLinesPrematchHandle.html,genie-openj9
Tue Nov 21 21:36:58 2023,OutputStreamModifier.html,genie-openj9
Tue Nov 21 21:36:58 2023,RegExprMatchHandle.html,genie-openj9
Tue Nov 21 21:36:58 2023,StringModifier.html,genie-openj9
Tue Nov 21 21:36:58 2023,StringReceiver.html,genie-openj9
Tue Nov 21 21:36:58 2023,package-summary.html,genie-openj9
Tue Nov 21 21:36:58 2023,package-tree.html,genie-openj9
Tue Nov 21 21:36:58 2023,package-use.html,genie-openj9
Tue Nov 21 21:36:58 2023,module-summary.html,genie-openj9
Tue Nov 21 21:36:58 2023,CUDADevice.html,genie-openj9
Tue Nov 21 21:36:58 2023,CUDAManager.html,genie-openj9
Tue Nov 21 21:36:58 2023,GPUConfigurationException.html,genie-openj9
Tue Nov 21 21:36:58 2023,GPUPermission.html,genie-openj9
Tue Nov 21 21:36:58 2023,GPUSortException.html,genie-openj9
Tue Nov 21 21:36:58 2023,Maths.html,genie-openj9
Tue Nov 21 21:36:58 2023,Version.html,genie-openj9
Tue Nov 21 21:36:58 2023,CUDADevice.html,genie-openj9
Tue Nov 21 21:36:58 2023,CUDAManager.html,genie-openj9
Tue Nov 21 21:36:58 2023,GPUConfigurationException.html,genie-openj9
Tue Nov 21 21:36:58 2023,GPUPermission.html,genie-openj9
Tue Nov 21 21:36:58 2023,GPUSortException.html,genie-openj9
Tue Nov 21 21:36:58 2023,Maths.html,genie-openj9
Tue Nov 21 21:36:58 2023,Version.html,genie-openj9
Tue Nov 21 21:36:58 2023,CudaGPUAssistProvider.html,genie-openj9
Tue Nov 21 21:36:58 2023,CudaGPUAssistProvider.html,genie-openj9
Tue Nov 21 21:36:58 2023,package-summary.html,genie-openj9
Tue Nov 21 21:36:58 2023,package-tree.html,genie-openj9
Tue Nov 21 21:36:58 2023,package-use.html,genie-openj9
Tue Nov 21 21:36:58 2023,package-summary.html,genie-openj9
Tue Nov 21 21:36:58 2023,package-tree.html,genie-openj9
Tue Nov 21 21:36:58 2023,package-use.html,genie-openj9
Tue Nov 21 21:36:58 2023,module-summary.html,genie-openj9
Tue Nov 21 21:36:58 2023,Debuggable.html,genie-openj9
Tue Nov 21 21:36:58 2023,Dump.html,genie-openj9
Tue Nov 21 21:36:58 2023,DumpConfigurationUnavailableException.html,genie-openj9
Tue Nov 21 21:36:58 2023,DumpPermission.html,genie-openj9
Tue Nov 21 21:36:58 2023,InvalidDumpOptionException.html,genie-openj9
Tue Nov 21 21:36:58 2023,Log.html,genie-openj9
Tue Nov 21 21:36:58 2023,LogPermission.html,genie-openj9
Tue Nov 21 21:36:58 2023,Stats.html,genie-openj9
Tue Nov 21 21:36:58 2023,ToolDumpPermission.html,genie-openj9
Tue Nov 21 21:36:58 2023,Trace.html,genie-openj9
Tue Nov 21 21:36:58 2023,TracePermission.html,genie-openj9
Tue Nov 21 21:36:58 2023,Debuggable.html,genie-openj9
Tue Nov 21 21:36:58 2023,Dump.html,genie-openj9
Tue Nov 21 21:36:58 2023,DumpConfigurationUnavailableException.html,genie-openj9
Tue Nov 21 21:36:58 2023,DumpPermission.html,genie-openj9
Tue Nov 21 21:36:58 2023,InvalidDumpOptionException.html,genie-openj9
Tue Nov 21 21:36:58 2023,Log.html,genie-openj9
Tue Nov 21 21:36:58 2023,LogPermission.html,genie-openj9
Tue Nov 21 21:36:58 2023,Stats.html,genie-openj9
Tue Nov 21 21:36:58 2023,ToolDumpPermission.html,genie-openj9
Tue Nov 21 21:36:58 2023,Trace.html,genie-openj9
Tue Nov 21 21:36:58 2023,TracePermission.html,genie-openj9
Tue Nov 21 21:36:58 2023,package-summary.html,genie-openj9
Tue Nov 21 21:36:58 2023,package-tree.html,genie-openj9
Tue Nov 21 21:36:58 2023,package-use.html,genie-openj9
Tue Nov 21 21:36:58 2023,module-summary.html,genie-openj9
Tue Nov 21 21:36:58 2023,CannotSetClasspathException.html,genie-openj9
Tue Nov 21 21:36:58 2023,HelperAlreadyDefinedException.html,genie-openj9
Tue Nov 21 21:36:58 2023,Shared.html,genie-openj9
Tue Nov 21 21:36:58 2023,SharedAbstractHelper.html,genie-openj9
Tue Nov 21 21:36:58 2023,SharedAbstractHelperFactory.html,genie-openj9
Tue Nov 21 21:36:58 2023,SharedClassAbstractHelper.html,genie-openj9
Tue Nov 21 21:36:58 2023,SharedClassCacheInfo.html,genie-openj9
Tue Nov 21 21:36:58 2023,SharedClassFilter.html,genie-openj9
Tue Nov 21 21:36:58 2023,SharedClassHelper.html,genie-openj9
Tue Nov 21 21:36:58 2023,SharedClassHelperFactory.html,genie-openj9
Tue Nov 21 21:36:58 2023,SharedClassPermission.html,genie-openj9
Tue Nov 21 21:36:58 2023,SharedClassPermissionCollection.html,genie-openj9
Tue Nov 21 21:36:58 2023,SharedClassStatistics.html,genie-openj9
Tue Nov 21 21:36:58 2023,SharedClassTokenHelper.html,genie-openj9
Tue Nov 21 21:36:58 2023,SharedClassURLClasspathHelper.IndexHolder.html,genie-openj9
Tue Nov 21 21:36:58 2023,SharedClassURLClasspathHelper.html,genie-openj9
Tue Nov 21 21:36:58 2023,SharedClassURLHelper.html,genie-openj9
Tue Nov 21 21:36:58 2023,SharedClassUtilities.html,genie-openj9
Tue Nov 21 21:36:58 2023,SharedClassesNamedPermission.html,genie-openj9
Tue Nov 21 21:36:58 2023,SharedDataHelper.html,genie-openj9
Tue Nov 21 21:36:58 2023,SharedDataHelperFactory.html,genie-openj9
Tue Nov 21 21:36:58 2023,SharedHelper.html,genie-openj9
Tue Nov 21 21:36:58 2023,CannotSetClasspathException.html,genie-openj9
Tue Nov 21 21:36:58 2023,HelperAlreadyDefinedException.html,genie-openj9
Tue Nov 21 21:36:58 2023,Shared.html,genie-openj9
Tue Nov 21 21:36:58 2023,SharedAbstractHelper.html,genie-openj9
Tue Nov 21 21:36:58 2023,SharedAbstractHelperFactory.html,genie-openj9
Tue Nov 21 21:36:58 2023,SharedClassAbstractHelper.html,genie-openj9
Tue Nov 21 21:36:58 2023,SharedClassCacheInfo.html,genie-openj9
Tue Nov 21 21:36:58 2023,SharedClassFilter.html,genie-openj9
Tue Nov 21 21:36:58 2023,SharedClassHelper.html,genie-openj9
Tue Nov 21 21:36:58 2023,SharedClassHelperFactory.html,genie-openj9
Tue Nov 21 21:36:58 2023,SharedClassPermission.html,genie-openj9
Tue Nov 21 21:36:58 2023,SharedClassPermissionCollection.html,genie-openj9
Tue Nov 21 21:36:58 2023,SharedClassStatistics.html,genie-openj9
Tue Nov 21 21:36:58 2023,SharedClassTokenHelper.html,genie-openj9
Tue Nov 21 21:36:58 2023,SharedClassURLClasspathHelper.IndexHolder.html,genie-openj9
Tue Nov 21 21:36:58 2023,SharedClassURLClasspathHelper.html,genie-openj9
Tue Nov 21 21:36:58 2023,SharedClassURLHelper.html,genie-openj9
Tue Nov 21 21:36:58 2023,SharedClassUtilities.html,genie-openj9
Tue Nov 21 21:36:58 2023,SharedClassesNamedPermission.html,genie-openj9
Tue Nov 21 21:36:58 2023,SharedDataHelper.html,genie-openj9
Tue Nov 21 21:36:58 2023,SharedDataHelperFactory.html,genie-openj9
Tue Nov 21 21:36:58 2023,SharedHelper.html,genie-openj9
Tue Nov 21 21:36:58 2023,package-summary.html,genie-openj9
Tue Nov 21 21:36:58 2023,package-tree.html,genie-openj9
Tue Nov 21 21:36:58 2023,package-use.html,genie-openj9
Tue Nov 21 21:36:58 2023,SharedClassProviderImpl.html,genie-openj9
Tue Nov 21 21:36:58 2023,SharedClassProviderImpl.html,genie-openj9
Tue Nov 21 21:36:58 2023,package-summary.html,genie-openj9
Tue Nov 21 21:36:58 2023,package-tree.html,genie-openj9
Tue Nov 21 21:36:58 2023,package-use.html,genie-openj9
Tue Nov 21 21:36:58 2023,module-summary.html,genie-openj9
Tue Nov 21 21:36:58 2023,ActiveSection.html,genie-openj9
Tue Nov 21 21:36:58 2023,Format2Tprof.MethodEntry.html,genie-openj9
Tue Nov 21 21:36:58 2023,Format2Tprof.html,genie-openj9
Tue Nov 21 21:36:58 2023,IncompleteTracePoint.html,genie-openj9
Tue Nov 21 21:36:58 2023,InvalidSpannedRecordException.html,genie-openj9
Tue Nov 21 21:36:58 2023,Merge.html,genie-openj9
Tue Nov 21 21:36:58 2023,Message.html,genie-openj9
Tue Nov 21 21:36:58 2023,MessageFile.html,genie-openj9
Tue Nov 21 21:36:58 2023,ProcessorSection.html,genie-openj9
Tue Nov 21 21:36:58 2023,ServiceSection.html,genie-openj9
Tue Nov 21 21:36:58 2023,StartupSection.html,genie-openj9
Tue Nov 21 21:36:58 2023,TraceArgs.html,genie-openj9
Tue Nov 21 21:36:58 2023,TraceFile.html,genie-openj9
Tue Nov 21 21:36:58 2023,TraceFileHeader.html,genie-openj9
Tue Nov 21 21:36:58 2023,TraceFormat.html,genie-openj9
Tue Nov 21 21:36:58 2023,TracePoint.html,genie-openj9
Tue Nov 21 21:36:58 2023,TraceRecord.html,genie-openj9
Tue Nov 21 21:36:58 2023,TraceRecord50.html,genie-openj9
Tue Nov 21 21:36:58 2023,TraceRecordExternal.html,genie-openj9
Tue Nov 21 21:36:58 2023,TraceRecordInternal.html,genie-openj9
Tue Nov 21 21:36:58 2023,TraceSection.html,genie-openj9
Tue Nov 21 21:36:58 2023,TraceThread.html,genie-openj9
Tue Nov 21 21:36:58 2023,Util.html,genie-openj9
Tue Nov 21 21:36:58 2023,ActiveSection.html,genie-openj9
Tue Nov 21 21:36:58 2023,Format2Tprof.MethodEntry.html,genie-openj9
Tue Nov 21 21:36:58 2023,Format2Tprof.html,genie-openj9
Tue Nov 21 21:36:58 2023,IncompleteTracePoint.html,genie-openj9
Tue Nov 21 21:36:58 2023,InvalidSpannedRecordException.html,genie-openj9
Tue Nov 21 21:36:58 2023,Merge.html,genie-openj9
Tue Nov 21 21:36:58 2023,Message.html,genie-openj9
Tue Nov 21 21:36:58 2023,MessageFile.html,genie-openj9
Tue Nov 21 21:36:58 2023,ProcessorSection.html,genie-openj9
Tue Nov 21 21:36:58 2023,ServiceSection.html,genie-openj9
Tue Nov 21 21:36:58 2023,StartupSection.html,genie-openj9
Tue Nov 21 21:36:58 2023,TraceArgs.html,genie-openj9
Tue Nov 21 21:36:58 2023,TraceFile.html,genie-openj9
Tue Nov 21 21:36:58 2023,TraceFileHeader.html,genie-openj9
Tue Nov 21 21:36:58 2023,TraceFormat.html,genie-openj9
Tue Nov 21 21:36:58 2023,TracePoint.html,genie-openj9
Tue Nov 21 21:36:58 2023,TraceRecord.html,genie-openj9
Tue Nov 21 21:36:58 2023,TraceRecord50.html,genie-openj9
Tue Nov 21 21:36:58 2023,TraceRecordExternal.html,genie-openj9
Tue Nov 21 21:36:58 2023,TraceRecordInternal.html,genie-openj9
Tue Nov 21 21:36:58 2023,TraceSection.html,genie-openj9
Tue Nov 21 21:36:58 2023,TraceThread.html,genie-openj9
Tue Nov 21 21:36:58 2023,Util.html,genie-openj9
Tue Nov 21 21:36:58 2023,package-summary.html,genie-openj9
Tue Nov 21 21:36:58 2023,package-tree.html,genie-openj9
Tue Nov 21 21:36:58 2023,package-use.html,genie-openj9
Tue Nov 21 21:36:58 2023,TraceFile.html,genie-openj9
Tue Nov 21 21:36:58 2023,TraceFileHeader.html,genie-openj9
Tue Nov 21 21:36:58 2023,TracePoint.html,genie-openj9
Tue Nov 21 21:36:58 2023,TracePointGlobalChronologicalIterator.html,genie-openj9
Tue Nov 21 21:36:58 2023,TracePointThreadChronologicalIterator.html,genie-openj9
Tue Nov 21 21:36:58 2023,TraceThread.html,genie-openj9
Tue Nov 21 21:36:58 2023,TraceFile.html,genie-openj9
Tue Nov 21 21:36:58 2023,TraceFileHeader.html,genie-openj9
Tue Nov 21 21:36:58 2023,TracePoint.html,genie-openj9
Tue Nov 21 21:36:58 2023,TracePointGlobalChronologicalIterator.html,genie-openj9
Tue Nov 21 21:36:58 2023,TracePointThreadChronologicalIterator.html,genie-openj9
Tue Nov 21 21:36:58 2023,TraceThread.html,genie-openj9
Tue Nov 21 21:36:58 2023,ActiveSection.html,genie-openj9
Tue Nov 21 21:36:58 2023,ByteStream.html,genie-openj9
Tue Nov 21 21:36:58 2023,Component.html,genie-openj9
Tue Nov 21 21:36:58 2023,DataHeader.html,genie-openj9
Tue Nov 21 21:36:58 2023,Message.Arg.html,genie-openj9
Tue Nov 21 21:36:58 2023,Message.CharArg.html,genie-openj9
Tue Nov 21 21:36:58 2023,Message.Double_Arg.html,genie-openj9
Tue Nov 21 21:36:58 2023,Message.FixedStringArg.html,genie-openj9
Tue Nov 21 21:36:58 2023,Message.Float_Arg.html,genie-openj9
Tue Nov 21 21:36:58 2023,Message.I32_Arg.html,genie-openj9
Tue Nov 21 21:36:58 2023,Message.I64_Arg.html,genie-openj9
Tue Nov 21 21:36:58 2023,Message.PointerArg.html,genie-openj9
Tue Nov 21 21:36:58 2023,Message.StringArg.html,genie-openj9
Tue Nov 21 21:36:58 2023,Message.U32_Arg.html,genie-openj9
Tue Nov 21 21:36:58 2023,Message.U64_Arg.html,genie-openj9
Tue Nov 21 21:36:58 2023,Message.UTF8StringArg.html,genie-openj9
Tue Nov 21 21:36:58 2023,Message.html,genie-openj9
Tue Nov 21 21:36:58 2023,MessageFile.html,genie-openj9
Tue Nov 21 21:36:58 2023,MissingDataException.html,genie-openj9
Tue Nov 21 21:36:58 2023,ProcessorSection.html,genie-openj9
Tue Nov 21 21:36:58 2023,ServiceSection.html,genie-openj9
Tue Nov 21 21:36:58 2023,StartupSection.html,genie-openj9
Tue Nov 21 21:36:58 2023,TraceContext.html,genie-openj9
Tue Nov 21 21:36:58 2023,TraceFileHeader.html,genie-openj9
Tue Nov 21 21:36:58 2023,TracePoint.html,genie-openj9
Tue Nov 21 21:36:58 2023,TracePointDebugInfo.html,genie-openj9
Tue Nov 21 21:36:58 2023,TracePointImpl.html,genie-openj9
Tue Nov 21 21:36:58 2023,TraceRecord.html,genie-openj9
Tue Nov 21 21:36:58 2023,TraceSection.html,genie-openj9
Tue Nov 21 21:36:58 2023,TraceThread.html,genie-openj9
Tue Nov 21 21:36:58 2023,ActiveSection.html,genie-openj9
Tue Nov 21 21:36:58 2023,ByteStream.html,genie-openj9
Tue Nov 21 21:36:58 2023,Component.html,genie-openj9
Tue Nov 21 21:36:58 2023,DataHeader.html,genie-openj9
Tue Nov 21 21:36:58 2023,Message.Arg.html,genie-openj9
Tue Nov 21 21:36:58 2023,Message.CharArg.html,genie-openj9
Tue Nov 21 21:36:58 2023,Message.Double_Arg.html,genie-openj9
Tue Nov 21 21:36:58 2023,Message.FixedStringArg.html,genie-openj9
Tue Nov 21 21:36:58 2023,Message.Float_Arg.html,genie-openj9
Tue Nov 21 21:36:58 2023,Message.I32_Arg.html,genie-openj9
Tue Nov 21 21:36:58 2023,Message.I64_Arg.html,genie-openj9
Tue Nov 21 21:36:58 2023,Message.PointerArg.html,genie-openj9
Tue Nov 21 21:36:58 2023,Message.StringArg.html,genie-openj9
Tue Nov 21 21:36:58 2023,Message.U32_Arg.html,genie-openj9
Tue Nov 21 21:36:58 2023,Message.U64_Arg.html,genie-openj9
Tue Nov 21 21:36:58 2023,Message.UTF8StringArg.html,genie-openj9
Tue Nov 21 21:36:58 2023,Message.html,genie-openj9
Tue Nov 21 21:36:58 2023,MessageFile.html,genie-openj9
Tue Nov 21 21:36:58 2023,MissingDataException.html,genie-openj9
Tue Nov 21 21:36:58 2023,ProcessorSection.html,genie-openj9
Tue Nov 21 21:36:58 2023,ServiceSection.html,genie-openj9
Tue Nov 21 21:36:58 2023,StartupSection.html,genie-openj9
Tue Nov 21 21:36:58 2023,TraceContext.html,genie-openj9
Tue Nov 21 21:36:58 2023,TraceFileHeader.html,genie-openj9
Tue Nov 21 21:36:58 2023,TracePoint.html,genie-openj9
Tue Nov 21 21:36:58 2023,TracePointDebugInfo.html,genie-openj9
Tue Nov 21 21:36:58 2023,TracePointImpl.html,genie-openj9
Tue Nov 21 21:36:58 2023,TraceRecord.html,genie-openj9
Tue Nov 21 21:36:58 2023,TraceSection.html,genie-openj9
Tue Nov 21 21:36:58 2023,TraceThread.html,genie-openj9
Tue Nov 21 21:36:58 2023,package-summary.html,genie-openj9
Tue Nov 21 21:36:58 2023,package-tree.html,genie-openj9
Tue Nov 21 21:36:58 2023,package-use.html,genie-openj9
Tue Nov 21 21:36:58 2023,package-summary.html,genie-openj9
Tue Nov 21 21:36:58 2023,package-tree.html,genie-openj9
Tue Nov 21 21:36:58 2023,package-use.html,genie-openj9
Tue Nov 21 21:36:58 2023,TraceFormat.html,genie-openj9
Tue Nov 21 21:36:58 2023,TraceFormat.html,genie-openj9
Tue Nov 21 21:36:58 2023,package-summary.html,genie-openj9
Tue Nov 21 21:36:58 2023,package-tree.html,genie-openj9
Tue Nov 21 21:36:58 2023,package-use.html,genie-openj9
Tue Nov 21 21:36:58 2023,module-summary.html,genie-openj9
Tue Nov 21 21:36:58 2023,ConditionException.html,genie-openj9
Tue Nov 21 21:36:58 2023,ConditionException.html,genie-openj9
Tue Nov 21 21:36:58 2023,package-summary.html,genie-openj9
Tue Nov 21 21:36:58 2023,package-tree.html,genie-openj9
Tue Nov 21 21:36:58 2023,package-use.html,genie-openj9
Tue Nov 21 21:36:58 2023,module-summary.html,genie-openj9
Tue Nov 21 21:36:58 2023,overview-summary.html,genie-openj9
Tue Nov 21 21:36:58 2023,package-search-index.js,genie-openj9
Tue Nov 21 21:36:58 2023,jquery-3.6.1.min.js,genie-openj9
Tue Nov 21 21:36:58 2023,jquery-ui.min.css,genie-openj9
Tue Nov 21 21:36:58 2023,jquery-ui.min.js,genie-openj9
Tue Nov 21 21:36:58 2023,script.js,genie-openj9
Tue Nov 21 21:36:58 2023,search-page.js,genie-openj9
Tue Nov 21 21:36:58 2023,search.html,genie-openj9
Tue Nov 21 21:36:58 2023,search.js,genie-openj9
Tue Nov 21 21:36:58 2023,serialized-form.html,genie-openj9
Tue Nov 21 21:36:58 2023,stylesheet.css,genie-openj9
Tue Nov 21 21:36:58 2023,tag-search-index.js,genie-openj9
Tue Nov 21 21:36:58 2023,type-search-index.js,genie-openj9
Tue Nov 21 21:36:58 2023,allclasses-index.html,genie-openj9
Tue Nov 21 21:36:58 2023,allpackages-index.html,genie-openj9
Tue Nov 21 21:36:58 2023,constant-values.html,genie-openj9
Tue Nov 21 21:36:58 2023,deprecated-list.html,genie-openj9
Tue Nov 21 21:36:58 2023,help-doc.html,genie-openj9
Tue Nov 21 21:36:58 2023,index-1.html,genie-openj9
Tue Nov 21 21:36:58 2023,index-10.html,genie-openj9
Tue Nov 21 21:36:58 2023,index-11.html,genie-openj9
Tue Nov 21 21:36:58 2023,index-12.html,genie-openj9
Tue Nov 21 21:36:58 2023,index-13.html,genie-openj9
Tue Nov 21 21:36:58 2023,index-14.html,genie-openj9
Tue Nov 21 21:36:58 2023,index-15.html,genie-openj9
Tue Nov 21 21:36:58 2023,index-16.html,genie-openj9
Tue Nov 21 21:36:58 2023,index-17.html,genie-openj9
Tue Nov 21 21:36:58 2023,index-18.html,genie-openj9
Tue Nov 21 21:36:58 2023,index-19.html,genie-openj9
Tue Nov 21 21:36:58 2023,index-2.html,genie-openj9
Tue Nov 21 21:36:58 2023,index-20.html,genie-openj9
Tue Nov 21 21:36:58 2023,index-21.html,genie-openj9
Tue Nov 21 21:36:58 2023,index-22.html,genie-openj9
Tue Nov 21 21:36:58 2023,index-23.html,genie-openj9
Tue Nov 21 21:36:58 2023,index-24.html,genie-openj9
Tue Nov 21 21:36:58 2023,index-25.html,genie-openj9
Tue Nov 21 21:36:58 2023,index-26.html,genie-openj9
Tue Nov 21 21:36:58 2023,index-27.html,genie-openj9
Tue Nov 21 21:36:58 2023,index-3.html,genie-openj9
Tue Nov 21 21:36:58 2023,index-4.html,genie-openj9
Tue Nov 21 21:36:58 2023,index-5.html,genie-openj9
Tue Nov 21 21:36:58 2023,index-6.html,genie-openj9
Tue Nov 21 21:36:58 2023,index-7.html,genie-openj9
Tue Nov 21 21:36:58 2023,index-8.html,genie-openj9
Tue Nov 21 21:36:58 2023,index-9.html,genie-openj9
Tue Nov 21 21:36:58 2023,index.html,genie-openj9
Tue Nov 21 21:36:58 2023,AvailableProcessorsNotificationInfo.html,genie-openj9
Tue Nov 21 21:36:58 2023,CpuLoadCalculationConstants.html,genie-openj9
Tue Nov 21 21:36:58 2023,ExtendedThreadInfo.html,genie-openj9
Tue Nov 21 21:36:58 2023,GarbageCollectorMXBean.html,genie-openj9
Tue Nov 21 21:36:58 2023,JvmCpuMonitorInfo.html,genie-openj9
Tue Nov 21 21:36:58 2023,JvmCpuMonitorMXBean.html,genie-openj9
Tue Nov 21 21:36:58 2023,MemoryMXBean.html,genie-openj9
Tue Nov 21 21:36:58 2023,MemoryPoolMXBean.html,genie-openj9
Tue Nov 21 21:36:58 2023,MemoryUsage.html,genie-openj9
Tue Nov 21 21:36:58 2023,MemoryUsageRetrievalException.html,genie-openj9
Tue Nov 21 21:36:58 2023,OperatingSystemMXBean.html,genie-openj9
Tue Nov 21 21:36:58 2023,ProcessingCapacityNotificationInfo.html,genie-openj9
Tue Nov 21 21:36:58 2023,ProcessorUsage.html,genie-openj9
Tue Nov 21 21:36:58 2023,ProcessorUsageRetrievalException.html,genie-openj9
Tue Nov 21 21:36:58 2023,RuntimeMXBean.VMIdleStates.html,genie-openj9
Tue Nov 21 21:36:58 2023,RuntimeMXBean.html,genie-openj9
Tue Nov 21 21:36:58 2023,ThreadMXBean.html,genie-openj9
Tue Nov 21 21:36:58 2023,TotalPhysicalMemoryNotificationInfo.html,genie-openj9
Tue Nov 21 21:36:58 2023,UnixOperatingSystemMXBean.html,genie-openj9
Tue Nov 21 21:36:58 2023,AvailableProcessorsNotificationInfo.html,genie-openj9
Tue Nov 21 21:36:58 2023,CpuLoadCalculationConstants.html,genie-openj9
Tue Nov 21 21:36:58 2023,ExtendedThreadInfo.html,genie-openj9
Tue Nov 21 21:36:58 2023,GarbageCollectorMXBean.html,genie-openj9
Tue Nov 21 21:36:58 2023,JvmCpuMonitorInfo.html,genie-openj9
Tue Nov 21 21:36:58 2023,JvmCpuMonitorMXBean.html,genie-openj9
Tue Nov 21 21:36:58 2023,MemoryMXBean.html,genie-openj9
Tue Nov 21 21:36:58 2023,MemoryPoolMXBean.html,genie-openj9
Tue Nov 21 21:36:58 2023,MemoryUsage.html,genie-openj9
Tue Nov 21 21:36:58 2023,MemoryUsageRetrievalException.html,genie-openj9
Tue Nov 21 21:36:58 2023,OperatingSystemMXBean.html,genie-openj9
Tue Nov 21 21:36:58 2023,ProcessingCapacityNotificationInfo.html,genie-openj9
Tue Nov 21 21:36:58 2023,ProcessorUsage.html,genie-openj9
Tue Nov 21 21:36:58 2023,ProcessorUsageRetrievalException.html,genie-openj9
Tue Nov 21 21:36:58 2023,RuntimeMXBean.VMIdleStates.html,genie-openj9
Tue Nov 21 21:36:58 2023,RuntimeMXBean.html,genie-openj9
Tue Nov 21 21:36:58 2023,ThreadMXBean.html,genie-openj9
Tue Nov 21 21:36:58 2023,TotalPhysicalMemoryNotificationInfo.html,genie-openj9
Tue Nov 21 21:36:58 2023,UnixOperatingSystemMXBean.html,genie-openj9
Tue Nov 21 21:36:58 2023,AvailableProcessorsNotificationInfoUtil.html,genie-openj9
Tue Nov 21 21:36:58 2023,ExtendedGarbageCollectorMXBeanImpl.html,genie-openj9
Tue Nov 21 21:36:58 2023,ExtendedMemoryMXBeanImpl.html,genie-openj9
Tue Nov 21 21:36:58 2023,ExtendedOperatingSystemMXBeanImpl.html,genie-openj9
Tue Nov 21 21:36:58 2023,ExtendedRuntimeMXBeanImpl.html,genie-openj9
Tue Nov 21 21:36:58 2023,ExtendedThreadMXBeanImpl.html,genie-openj9
Tue Nov 21 21:36:58 2023,JvmCpuMonitor.html,genie-openj9
Tue Nov 21 21:36:58 2023,JvmCpuMonitorInfoUtil.html,genie-openj9
Tue Nov 21 21:36:58 2023,MemoryPoolMXBeanImpl.html,genie-openj9
Tue Nov 21 21:36:58 2023,MemoryUsageUtil.html,genie-openj9
Tue Nov 21 21:36:58 2023,PlatformMBeanProvider.html,genie-openj9
Tue Nov 21 21:36:58 2023,ProcessingCapacityNotificationInfoUtil.html,genie-openj9
Tue Nov 21 21:36:58 2023,ProcessorUsageUtil.html,genie-openj9
Tue Nov 21 21:36:58 2023,TotalPhysicalMemoryNotificationInfoUtil.html,genie-openj9
Tue Nov 21 21:36:58 2023,UnixExtendedOperatingSystem.html,genie-openj9
Tue Nov 21 21:36:58 2023,AvailableProcessorsNotificationInfoUtil.html,genie-openj9
Tue Nov 21 21:36:58 2023,ExtendedGarbageCollectorMXBeanImpl.html,genie-openj9
Tue Nov 21 21:36:58 2023,ExtendedMemoryMXBeanImpl.html,genie-openj9
Tue Nov 21 21:36:58 2023,ExtendedOperatingSystemMXBeanImpl.html,genie-openj9
Tue Nov 21 21:36:58 2023,ExtendedRuntimeMXBeanImpl.html,genie-openj9
Tue Nov 21 21:36:58 2023,ExtendedThreadMXBeanImpl.html,genie-openj9
Tue Nov 21 21:36:58 2023,JvmCpuMonitor.html,genie-openj9
Tue Nov 21 21:36:58 2023,JvmCpuMonitorInfoUtil.html,genie-openj9
Tue Nov 21 21:36:58 2023,MemoryPoolMXBeanImpl.html,genie-openj9
Tue Nov 21 21:36:58 2023,MemoryUsageUtil.html,genie-openj9
Tue Nov 21 21:36:58 2023,PlatformMBeanProvider.html,genie-openj9
Tue Nov 21 21:36:58 2023,ProcessingCapacityNotificationInfoUtil.html,genie-openj9
Tue Nov 21 21:36:58 2023,ProcessorUsageUtil.html,genie-openj9
Tue Nov 21 21:36:58 2023,TotalPhysicalMemoryNotificationInfoUtil.html,genie-openj9
Tue Nov 21 21:36:58 2023,UnixExtendedOperatingSystem.html,genie-openj9
Tue Nov 21 21:36:58 2023,package-summary.html,genie-openj9
Tue Nov 21 21:36:58 2023,package-tree.html,genie-openj9
Tue Nov 21 21:36:58 2023,package-use.html,genie-openj9
Tue Nov 21 21:36:58 2023,package-summary.html,genie-openj9
Tue Nov 21 21:36:58 2023,package-tree.html,genie-openj9
Tue Nov 21 21:36:58 2023,package-use.html,genie-openj9
Tue Nov 21 21:36:58 2023,GuestOSInfoRetrievalException.html,genie-openj9
Tue Nov 21 21:36:58 2023,GuestOSMXBean.html,genie-openj9
Tue Nov 21 21:36:58 2023,GuestOSMemoryUsage.html,genie-openj9
Tue Nov 21 21:36:58 2023,GuestOSProcessorUsage.html,genie-openj9
Tue Nov 21 21:36:58 2023,HypervisorInfoRetrievalException.html,genie-openj9
Tue Nov 21 21:36:58 2023,HypervisorMXBean.html,genie-openj9
Tue Nov 21 21:36:58 2023,GuestOSInfoRetrievalException.html,genie-openj9
Tue Nov 21 21:36:58 2023,GuestOSMXBean.html,genie-openj9
Tue Nov 21 21:36:58 2023,GuestOSMemoryUsage.html,genie-openj9
Tue Nov 21 21:36:58 2023,GuestOSProcessorUsage.html,genie-openj9
Tue Nov 21 21:36:58 2023,HypervisorInfoRetrievalException.html,genie-openj9
Tue Nov 21 21:36:58 2023,HypervisorMXBean.html,genie-openj9
Tue Nov 21 21:36:58 2023,GuestOS.html,genie-openj9
Tue Nov 21 21:36:58 2023,GuestOSMemoryUsageUtil.html,genie-openj9
Tue Nov 21 21:36:58 2023,GuestOSProcessorUsageUtil.html,genie-openj9
Tue Nov 21 21:36:58 2023,HypervisorMXBeanImpl.html,genie-openj9
Tue Nov 21 21:36:58 2023,GuestOS.html,genie-openj9
Tue Nov 21 21:36:58 2023,GuestOSMemoryUsageUtil.html,genie-openj9
Tue Nov 21 21:36:58 2023,GuestOSProcessorUsageUtil.html,genie-openj9
Tue Nov 21 21:36:58 2023,HypervisorMXBeanImpl.html,genie-openj9
Tue Nov 21 21:36:58 2023,package-summary.html,genie-openj9
Tue Nov 21 21:36:58 2023,package-tree.html,genie-openj9
Tue Nov 21 21:36:58 2023,package-use.html,genie-openj9
Tue Nov 21 21:36:58 2023,package-summary.html,genie-openj9
Tue Nov 21 21:36:58 2023,package-tree.html,genie-openj9
Tue Nov 21 21:36:58 2023,package-use.html,genie-openj9
Tue Nov 21 21:36:58 2023,GarbageCollectionNotificationInfo.html,genie-openj9
Tue Nov 21 21:36:58 2023,GcInfo.html,genie-openj9
Tue Nov 21 21:36:58 2023,GarbageCollectionNotificationInfo.html,genie-openj9
Tue Nov 21 21:36:58 2023,GcInfo.html,genie-openj9
Tue Nov 21 21:36:58 2023,ExtendedHotSpotDiagnostic.html,genie-openj9
Tue Nov 21 21:36:58 2023,GarbageCollectionNotificationInfoUtil.html,genie-openj9
Tue Nov 21 21:36:58 2023,GcInfoUtil.html,genie-openj9
Tue Nov 21 21:36:58 2023,ExtendedHotSpotDiagnostic.html,genie-openj9
Tue Nov 21 21:36:58 2023,GarbageCollectionNotificationInfoUtil.html,genie-openj9
Tue Nov 21 21:36:58 2023,GcInfoUtil.html,genie-openj9
Tue Nov 21 21:36:58 2023,package-summary.html,genie-openj9
Tue Nov 21 21:36:58 2023,package-tree.html,genie-openj9
Tue Nov 21 21:36:58 2023,package-use.html,genie-openj9
Tue Nov 21 21:36:58 2023,package-summary.html,genie-openj9
Tue Nov 21 21:36:58 2023,package-tree.html,genie-openj9
Tue Nov 21 21:36:58 2023,package-use.html,genie-openj9
Tue Nov 21 21:36:58 2023,module-summary.html,genie-openj9
Tue Nov 21 21:36:58 2023,ConfigurationUnavailableException.html,genie-openj9
Tue Nov 21 21:36:58 2023,InvalidOptionException.html,genie-openj9
Tue Nov 21 21:36:58 2023,OpenJ9DiagnosticsMXBean.html,genie-openj9
Tue Nov 21 21:36:58 2023,ConfigurationUnavailableException.html,genie-openj9
Tue Nov 21 21:36:58 2023,InvalidOptionException.html,genie-openj9
Tue Nov 21 21:36:58 2023,OpenJ9DiagnosticsMXBean.html,genie-openj9
Tue Nov 21 21:36:58 2023,OpenJ9DiagnosticsMXBeanImpl.html,genie-openj9
Tue Nov 21 21:36:58 2023,OpenJ9DiagnosticsMXBeanImpl.html,genie-openj9
Tue Nov 21 21:36:58 2023,package-summary.html,genie-openj9
Tue Nov 21 21:36:58 2023,package-tree.html,genie-openj9
Tue Nov 21 21:36:58 2023,package-use.html,genie-openj9
Tue Nov 21 21:36:58 2023,package-summary.html,genie-openj9
Tue Nov 21 21:36:58 2023,package-tree.html,genie-openj9
Tue Nov 21 21:36:58 2023,package-use.html,genie-openj9
Tue Nov 21 21:36:58 2023,link.svg,genie-openj9
Tue Nov 21 21:36:58 2023,member-search-index.js,genie-openj9
Tue Nov 21 21:36:58 2023,module-summary.html,genie-openj9
Tue Nov 21 21:36:58 2023,CRIUDumpPermission.html,genie-openj9
Tue Nov 21 21:36:58 2023,CRIUSupport.html,genie-openj9
Tue Nov 21 21:36:58 2023,JVMCRIUException.html,genie-openj9
Tue Nov 21 21:36:58 2023,JVMCheckpointException.html,genie-openj9
Tue Nov 21 21:36:58 2023,JVMRestoreException.html,genie-openj9
Tue Nov 21 21:36:58 2023,SecurityProviders.html,genie-openj9
Tue Nov 21 21:36:58 2023,SystemCheckpointException.html,genie-openj9
Tue Nov 21 21:36:58 2023,SystemRestoreException.html,genie-openj9
Tue Nov 21 21:36:58 2023,CRIUDumpPermission.html,genie-openj9
Tue Nov 21 21:36:58 2023,CRIUSupport.html,genie-openj9
Tue Nov 21 21:36:58 2023,JVMCRIUException.html,genie-openj9
Tue Nov 21 21:36:58 2023,JVMCheckpointException.html,genie-openj9
Tue Nov 21 21:36:58 2023,JVMRestoreException.html,genie-openj9
Tue Nov 21 21:36:58 2023,SecurityProviders.html,genie-openj9
Tue Nov 21 21:36:58 2023,SystemCheckpointException.html,genie-openj9
Tue Nov 21 21:36:58 2023,SystemRestoreException.html,genie-openj9
Tue Nov 21 21:36:58 2023,package-summary.html,genie-openj9
Tue Nov 21 21:36:58 2023,package-tree.html,genie-openj9
Tue Nov 21 21:36:58 2023,package-use.html,genie-openj9
Tue Nov 21 21:36:58 2023,Cuda.html,genie-openj9
Tue Nov 21 21:36:58 2023,CudaBuffer.html,genie-openj9
Tue Nov 21 21:36:58 2023,CudaDevice.CacheConfig.html,genie-openj9
Tue Nov 21 21:36:58 2023,CudaDevice.Limit.html,genie-openj9
Tue Nov 21 21:36:58 2023,CudaDevice.SharedMemConfig.html,genie-openj9
Tue Nov 21 21:36:58 2023,CudaDevice.html,genie-openj9
Tue Nov 21 21:36:58 2023,CudaError.html,genie-openj9
Tue Nov 21 21:36:58 2023,CudaEvent.html,genie-openj9
Tue Nov 21 21:36:58 2023,CudaException.html,genie-openj9
Tue Nov 21 21:36:58 2023,CudaFunction.html,genie-openj9
Tue Nov 21 21:36:58 2023,CudaGlobal.html,genie-openj9
Tue Nov 21 21:36:58 2023,CudaGrid.html,genie-openj9
Tue Nov 21 21:36:58 2023,CudaJitInputType.html,genie-openj9
Tue Nov 21 21:36:58 2023,CudaJitOptions.CacheMode.html,genie-openj9
Tue Nov 21 21:36:58 2023,CudaJitOptions.Fallback.html,genie-openj9
Tue Nov 21 21:36:58 2023,CudaJitOptions.html,genie-openj9
Tue Nov 21 21:36:58 2023,CudaJitTarget.html,genie-openj9
Tue Nov 21 21:36:58 2023,CudaKernel.Parameters.html,genie-openj9
Tue Nov 21 21:36:58 2023,CudaKernel.html,genie-openj9
Tue Nov 21 21:36:58 2023,CudaLinker.html,genie-openj9
Tue Nov 21 21:36:58 2023,CudaModule.Cache.html,genie-openj9
Tue Nov 21 21:36:58 2023,CudaModule.html,genie-openj9
Tue Nov 21 21:36:58 2023,CudaPermission.html,genie-openj9
Tue Nov 21 21:36:58 2023,CudaStream.html,genie-openj9
Tue Nov 21 21:36:58 2023,CudaSurface.html,genie-openj9
Tue Nov 21 21:36:58 2023,CudaTexture.html,genie-openj9
Tue Nov 21 21:36:58 2023,Dim3.html,genie-openj9
Tue Nov 21 21:36:58 2023,Cuda.html,genie-openj9
Tue Nov 21 21:36:58 2023,CudaBuffer.html,genie-openj9
Tue Nov 21 21:36:58 2023,CudaDevice.CacheConfig.html,genie-openj9
Tue Nov 21 21:36:58 2023,CudaDevice.Limit.html,genie-openj9
Tue Nov 21 21:36:58 2023,CudaDevice.SharedMemConfig.html,genie-openj9
Tue Nov 21 21:36:58 2023,CudaDevice.html,genie-openj9
Tue Nov 21 21:36:58 2023,CudaError.html,genie-openj9
Tue Nov 21 21:36:58 2023,CudaEvent.html,genie-openj9
Tue Nov 21 21:36:58 2023,CudaException.html,genie-openj9
Tue Nov 21 21:36:58 2023,CudaFunction.html,genie-openj9
Tue Nov 21 21:36:58 2023,CudaGlobal.html,genie-openj9
Tue Nov 21 21:36:58 2023,CudaGrid.html,genie-openj9
Tue Nov 21 21:36:58 2023,CudaJitInputType.html,genie-openj9
Tue Nov 21 21:36:58 2023,CudaJitOptions.CacheMode.html,genie-openj9
Tue Nov 21 21:36:58 2023,CudaJitOptions.Fallback.html,genie-openj9
Tue Nov 21 21:36:58 2023,CudaJitOptions.html,genie-openj9
Tue Nov 21 21:36:58 2023,CudaJitTarget.html,genie-openj9
Tue Nov 21 21:36:58 2023,CudaKernel.Parameters.html,genie-openj9
Tue Nov 21 21:36:58 2023,CudaKernel.html,genie-openj9
Tue Nov 21 21:36:58 2023,CudaLinker.html,genie-openj9
Tue Nov 21 21:36:58 2023,CudaModule.Cache.html,genie-openj9
Tue Nov 21 21:36:58 2023,CudaModule.html,genie-openj9
Tue Nov 21 21:36:58 2023,CudaPermission.html,genie-openj9
Tue Nov 21 21:36:58 2023,CudaStream.html,genie-openj9
Tue Nov 21 21:36:58 2023,CudaSurface.html,genie-openj9
Tue Nov 21 21:36:58 2023,CudaTexture.html,genie-openj9
Tue Nov 21 21:36:58 2023,Dim3.html,genie-openj9
Tue Nov 21 21:36:58 2023,CudaUtil.html,genie-openj9
Tue Nov 21 21:36:58 2023,CudaUtil.html,genie-openj9
Tue Nov 21 21:36:58 2023,package-summary.html,genie-openj9
Tue Nov 21 21:36:58 2023,package-tree.html,genie-openj9
Tue Nov 21 21:36:58 2023,package-use.html,genie-openj9
Tue Nov 21 21:36:58 2023,package-summary.html,genie-openj9
Tue Nov 21 21:36:58 2023,package-tree.html,genie-openj9
Tue Nov 21 21:36:58 2023,package-use.html,genie-openj9
Tue Nov 21 21:36:58 2023,module-summary.html,genie-openj9
Tue Nov 21 21:36:58 2023,ByteArrayMarshaller.html,genie-openj9
Tue Nov 21 21:36:58 2023,ByteArrayUnmarshaller.html,genie-openj9
Tue Nov 21 21:36:58 2023,DecimalData.html,genie-openj9
Tue Nov 21 21:36:58 2023,PackedDecimal.html,genie-openj9
Tue Nov 21 21:36:58 2023,ByteArrayMarshaller.html,genie-openj9
Tue Nov 21 21:36:58 2023,ByteArrayUnmarshaller.html,genie-openj9
Tue Nov 21 21:36:58 2023,DecimalData.html,genie-openj9
Tue Nov 21 21:36:58 2023,PackedDecimal.html,genie-openj9
Tue Nov 21 21:36:58 2023,package-summary.html,genie-openj9
Tue Nov 21 21:36:58 2023,package-tree.html,genie-openj9
Tue Nov 21 21:36:58 2023,package-use.html,genie-openj9
Tue Nov 21 21:36:58 2023,module-summary.html,genie-openj9
Tue Nov 21 21:36:58 2023,CommonAddressSpace.html,genie-openj9
Tue Nov 21 21:36:58 2023,DumpReaderAddressSpace.html,genie-openj9
Tue Nov 21 21:36:58 2023,IAbstractAddressSpace.html,genie-openj9
Tue Nov 21 21:36:58 2023,LayeredAddressSpace.html,genie-openj9
Tue Nov 21 21:36:58 2023,SimpleAddressSpace.html,genie-openj9
Tue Nov 21 21:36:58 2023,CommonAddressSpace.html,genie-openj9
Tue Nov 21 21:36:58 2023,DumpReaderAddressSpace.html,genie-openj9
Tue Nov 21 21:36:58 2023,IAbstractAddressSpace.html,genie-openj9
Tue Nov 21 21:36:58 2023,LayeredAddressSpace.html,genie-openj9
Tue Nov 21 21:36:58 2023,SimpleAddressSpace.html,genie-openj9
Tue Nov 21 21:36:58 2023,package-summary.html,genie-openj9
Tue Nov 21 21:36:58 2023,package-tree.html,genie-openj9
Tue Nov 21 21:36:58 2023,package-use.html,genie-openj9
Tue Nov 21 21:36:58 2023,ARReader.html,genie-openj9
Tue Nov 21 21:36:58 2023,XCOFFReader.html,genie-openj9
Tue Nov 21 21:36:58 2023,ARReader.html,genie-openj9
Tue Nov 21 21:36:58 2023,XCOFFReader.html,genie-openj9
Tue Nov 21 21:36:58 2023,package-summary.html,genie-openj9
Tue Nov 21 21:36:58 2023,package-tree.html,genie-openj9
Tue Nov 21 21:36:58 2023,package-use.html,genie-openj9
Tue Nov 21 21:36:58 2023,Aix32Dump.html,genie-openj9
Tue Nov 21 21:36:58 2023,Aix64Dump.html,genie-openj9
Tue Nov 21 21:36:58 2023,Builder.html,genie-openj9
Tue Nov 21 21:36:58 2023,ClosingFileReader.html,genie-openj9
Tue Nov 21 21:36:58 2023,CoreReaderSupport.html,genie-openj9
Tue Nov 21 21:36:58 2023,CorruptCoreException.html,genie-openj9
Tue Nov 21 21:36:58 2023,Dump.html,genie-openj9
Tue Nov 21 21:36:58 2023,DumpException.html,genie-openj9
Tue Nov 21 21:36:58 2023,DumpFactory.html,genie-openj9
Tue Nov 21 21:36:58 2023,DumpReader.html,genie-openj9
Tue Nov 21 21:36:58 2023,GenericThread.html,genie-openj9
Tue Nov 21 21:36:58 2023,ICoreFileReader.html,genie-openj9
Tue Nov 21 21:36:58 2023,J9RASReader.html,genie-openj9
Tue Nov 21 21:36:58 2023,LittleEndianDumpReader.html,genie-openj9
Tue Nov 21 21:36:58 2023,MemoryAccessException.html,genie-openj9
Tue Nov 21 21:36:58 2023,MemoryRange.html,genie-openj9
Tue Nov 21 21:36:58 2023,NativeThreadContext.html,genie-openj9
Tue Nov 21 21:36:58 2023,NewAixDump.html,genie-openj9
Tue Nov 21 21:36:58 2023,NewElfDump.html,genie-openj9
Tue Nov 21 21:36:58 2023,NewWinDump.html,genie-openj9
Tue Nov 21 21:36:58 2023,NewZosDump.html,genie-openj9
Tue Nov 21 21:36:58 2023,PageCache.Page.html,genie-openj9
Tue Nov 21 21:36:58 2023,PageCache.html,genie-openj9
Tue Nov 21 21:36:58 2023,Register.html,genie-openj9
Tue Nov 21 21:36:58 2023,ResourceReleaser.html,genie-openj9
Tue Nov 21 21:36:58 2023,StackFrame.html,genie-openj9
Tue Nov 21 21:36:58 2023,Symbol.html,genie-openj9
Tue Nov 21 21:36:58 2023,Aix32Dump.html,genie-openj9
Tue Nov 21 21:36:58 2023,Aix64Dump.html,genie-openj9
Tue Nov 21 21:36:58 2023,Builder.html,genie-openj9
Tue Nov 21 21:36:58 2023,ClosingFileReader.html,genie-openj9
Tue Nov 21 21:36:58 2023,CoreReaderSupport.html,genie-openj9
Tue Nov 21 21:36:58 2023,CorruptCoreException.html,genie-openj9
Tue Nov 21 21:36:58 2023,Dump.html,genie-openj9
Tue Nov 21 21:36:58 2023,DumpException.html,genie-openj9
Tue Nov 21 21:36:58 2023,DumpFactory.html,genie-openj9
Tue Nov 21 21:36:58 2023,DumpReader.html,genie-openj9
Tue Nov 21 21:36:58 2023,GenericThread.html,genie-openj9
Tue Nov 21 21:36:58 2023,ICoreFileReader.html,genie-openj9
Tue Nov 21 21:36:58 2023,J9RASReader.html,genie-openj9
Tue Nov 21 21:36:58 2023,LittleEndianDumpReader.html,genie-openj9
Tue Nov 21 21:36:58 2023,MemoryAccessException.html,genie-openj9
Tue Nov 21 21:36:58 2023,MemoryRange.html,genie-openj9
Tue Nov 21 21:36:58 2023,NativeThreadContext.html,genie-openj9
Tue Nov 21 21:36:58 2023,NewAixDump.html,genie-openj9
Tue Nov 21 21:36:58 2023,NewElfDump.html,genie-openj9
Tue Nov 21 21:36:58 2023,NewWinDump.html,genie-openj9
Tue Nov 21 21:36:58 2023,NewZosDump.html,genie-openj9
Tue Nov 21 21:36:58 2023,PageCache.Page.html,genie-openj9
Tue Nov 21 21:36:58 2023,PageCache.html,genie-openj9
Tue Nov 21 21:36:58 2023,Register.html,genie-openj9
Tue Nov 21 21:36:58 2023,ResourceReleaser.html,genie-openj9
Tue Nov 21 21:36:58 2023,StackFrame.html,genie-openj9
Tue Nov 21 21:36:58 2023,Symbol.html,genie-openj9
Tue Nov 21 21:36:58 2023,J9RAS.html,genie-openj9
Tue Nov 21 21:36:58 2023,J9RASFragment.html,genie-openj9
Tue Nov 21 21:36:58 2023,J9RASFragmentJ5GA.html,genie-openj9
Tue Nov 21 21:36:58 2023,J9RASFragmentJ5SR10.html,genie-openj9
Tue Nov 21 21:36:58 2023,J9RASFragmentJ5v2.html,genie-openj9
Tue Nov 21 21:36:58 2023,J9RASFragmentJ6GA.html,genie-openj9
Tue Nov 21 21:36:58 2023,J9RASFragmentJ6SR6.html,genie-openj9
Tue Nov 21 21:36:58 2023,J9RASFragmentJ6v2.html,genie-openj9
Tue Nov 21 21:36:58 2023,J9RASFragmentJ6v3.html,genie-openj9
Tue Nov 21 21:36:58 2023,Memory.html,genie-openj9
Tue Nov 21 21:36:58 2023,J9RAS.html,genie-openj9
Tue Nov 21 21:36:58 2023,J9RASFragment.html,genie-openj9
Tue Nov 21 21:36:58 2023,J9RASFragmentJ5GA.html,genie-openj9
Tue Nov 21 21:36:58 2023,J9RASFragmentJ5SR10.html,genie-openj9
Tue Nov 21 21:36:58 2023,J9RASFragmentJ5v2.html,genie-openj9
Tue Nov 21 21:36:58 2023,J9RASFragmentJ6GA.html,genie-openj9
Tue Nov 21 21:36:58 2023,J9RASFragmentJ6SR6.html,genie-openj9
Tue Nov 21 21:36:58 2023,J9RASFragmentJ6v2.html,genie-openj9
Tue Nov 21 21:36:58 2023,J9RASFragmentJ6v3.html,genie-openj9
Tue Nov 21 21:36:58 2023,Memory.html,genie-openj9
Tue Nov 21 21:36:58 2023,package-summary.html,genie-openj9
Tue Nov 21 21:36:58 2023,package-tree.html,genie-openj9
Tue Nov 21 21:36:58 2023,package-use.html,genie-openj9
Tue Nov 21 21:36:58 2023,package-summary.html,genie-openj9
Tue Nov 21 21:36:58 2023,package-tree.html,genie-openj9
Tue Nov 21 21:36:58 2023,package-use.html,genie-openj9
Tue Nov 21 21:36:58 2023,AddressRange.html,genie-openj9
Tue Nov 21 21:36:58 2023,AddressSpace.html,genie-openj9
Tue Nov 21 21:36:58 2023,AddressSpaceImageInputStream.html,genie-openj9
Tue Nov 21 21:36:58 2023,Dump.html,genie-openj9
Tue Nov 21 21:36:58 2023,SearchListener.html,genie-openj9
Tue Nov 21 21:36:58 2023,AddressRange.html,genie-openj9
Tue Nov 21 21:36:58 2023,AddressSpace.html,genie-openj9
Tue Nov 21 21:36:58 2023,AddressSpaceImageInputStream.html,genie-openj9
Tue Nov 21 21:36:58 2023,Dump.html,genie-openj9
Tue Nov 21 21:36:58 2023,SearchListener.html,genie-openj9
Tue Nov 21 21:36:58 2023,package-summary.html,genie-openj9
Tue Nov 21 21:36:58 2023,package-tree.html,genie-openj9
Tue Nov 21 21:36:58 2023,package-use.html,genie-openj9
Tue Nov 21 21:36:58 2023,Caa.html,genie-openj9
Tue Nov 21 21:36:58 2023,Caa32Template.html,genie-openj9
Tue Nov 21 21:36:58 2023,Caa32_11Template.html,genie-openj9
Tue Nov 21 21:36:58 2023,Caa64Template.html,genie-openj9
Tue Nov 21 21:36:58 2023,Caa64_11Template.html,genie-openj9
Tue Nov 21 21:36:58 2023,CaaNotFound.html,genie-openj9
Tue Nov 21 21:36:58 2023,CaaTemplate.html,genie-openj9
Tue Nov 21 21:36:58 2023,CeedsaTemplate.html,genie-openj9
Tue Nov 21 21:36:58 2023,Ceedsahp32Template.html,genie-openj9
Tue Nov 21 21:36:58 2023,Ceedsahp64Template.html,genie-openj9
Tue Nov 21 21:36:58 2023,CeedsahpTemplate.html,genie-openj9
Tue Nov 21 21:36:58 2023,Ceedsahp_transitionTemplate.html,genie-openj9
Tue Nov 21 21:36:58 2023,CeelcaTemplate.html,genie-openj9
Tue Nov 21 21:36:58 2023,CeexcibTemplate.html,genie-openj9
Tue Nov 21 21:36:58 2023,CeexcibhTemplate.html,genie-openj9
Tue Nov 21 21:36:58 2023,Ceexdlcb32Template.html,genie-openj9
Tue Nov 21 21:36:58 2023,Ceexdlcb64Template.html,genie-openj9
Tue Nov 21 21:36:58 2023,CeexdlcbTemplate.html,genie-openj9
Tue Nov 21 21:36:58 2023,Ceexedb32Template.html,genie-openj9
Tue Nov 21 21:36:58 2023,Ceexedb64Template.html,genie-openj9
Tue Nov 21 21:36:58 2023,CeexedbTemplate.html,genie-openj9
Tue Nov 21 21:36:58 2023,Ceexhcom32Template.html,genie-openj9
Tue Nov 21 21:36:58 2023,Ceexhcom64Template.html,genie-openj9
Tue Nov 21 21:36:58 2023,CeexhcomTemplate.html,genie-openj9
Tue Nov 21 21:36:58 2023,CeexhepvTemplate.html,genie-openj9
Tue Nov 21 21:36:58 2023,Ceexhp1bTemplate.html,genie-openj9
Tue Nov 21 21:36:58 2023,CeexlaaTemplate.html,genie-openj9
Tue Nov 21 21:36:58 2023,CeexoepvTemplate.html,genie-openj9
Tue Nov 21 21:36:58 2023,Ceexpp1bTemplate.html,genie-openj9
Tue Nov 21 21:36:58 2023,Ceexrcb32Template.html,genie-openj9
Tue Nov 21 21:36:58 2023,Ceexrcb64Template.html,genie-openj9
Tue Nov 21 21:36:58 2023,CeexrcbTemplate.html,genie-openj9
Tue Nov 21 21:36:58 2023,CeexsfxmTemplate.html,genie-openj9
Tue Nov 21 21:36:58 2023,CeexstkhTemplate.html,genie-openj9
Tue Nov 21 21:36:58 2023,CeextvbTemplate.html,genie-openj9
Tue Nov 21 21:36:58 2023,CeextvbeTemplate.html,genie-openj9
Tue Nov 21 21:36:58 2023,Ciet2ExpFuncEntryTemplate.html,genie-openj9
Tue Nov 21 21:36:58 2023,Ciet2ExpVarEntryTemplate.html,genie-openj9
Tue Nov 21 21:36:58 2023,Ciet2Template.html,genie-openj9
Tue Nov 21 21:36:58 2023,CietExpEntryTemplate.html,genie-openj9
Tue Nov 21 21:36:58 2023,CietTemplate.html,genie-openj9
Tue Nov 21 21:36:58 2023,Dll.html,genie-openj9
Tue Nov 21 21:36:58 2023,DllFunction.html,genie-openj9
Tue Nov 21 21:36:58 2023,DllVariable.html,genie-openj9
Tue Nov 21 21:36:58 2023,DllcsectTemplate.html,genie-openj9
Tue Nov 21 21:36:58 2023,DllexpfuncsTemplate.html,genie-openj9
Tue Nov 21 21:36:58 2023,DllexpvarsTemplate.html,genie-openj9
Tue Nov 21 21:36:58 2023,DsaStackFrame.html,genie-openj9
Tue Nov 21 21:36:58 2023,Edb.html,genie-openj9
Tue Nov 21 21:36:58 2023,Function.html,genie-openj9
Tue Nov 21 21:36:58 2023,SmcbTemplate.html,genie-openj9
Tue Nov 21 21:36:58 2023,StackNotFound.html,genie-openj9
Tue Nov 21 21:36:58 2023,Caa.html,genie-openj9
Tue Nov 21 21:36:58 2023,Caa32Template.html,genie-openj9
Tue Nov 21 21:36:58 2023,Caa32_11Template.html,genie-openj9
Tue Nov 21 21:36:58 2023,Caa64Template.html,genie-openj9
Tue Nov 21 21:36:58 2023,Caa64_11Template.html,genie-openj9
Tue Nov 21 21:36:58 2023,CaaNotFound.html,genie-openj9
Tue Nov 21 21:36:58 2023,CaaTemplate.html,genie-openj9
Tue Nov 21 21:36:58 2023,CeedsaTemplate.html,genie-openj9
Tue Nov 21 21:36:58 2023,Ceedsahp32Template.html,genie-openj9
Tue Nov 21 21:36:58 2023,Ceedsahp64Template.html,genie-openj9
Tue Nov 21 21:36:58 2023,CeedsahpTemplate.html,genie-openj9
Tue Nov 21 21:36:58 2023,Ceedsahp_transitionTemplate.html,genie-openj9
Tue Nov 21 21:36:58 2023,CeelcaTemplate.html,genie-openj9
Tue Nov 21 21:36:58 2023,CeexcibTemplate.html,genie-openj9
Tue Nov 21 21:36:58 2023,CeexcibhTemplate.html,genie-openj9
Tue Nov 21 21:36:58 2023,Ceexdlcb32Template.html,genie-openj9
Tue Nov 21 21:36:58 2023,Ceexdlcb64Template.html,genie-openj9
Tue Nov 21 21:36:58 2023,CeexdlcbTemplate.html,genie-openj9
Tue Nov 21 21:36:58 2023,Ceexedb32Template.html,genie-openj9
Tue Nov 21 21:36:58 2023,Ceexedb64Template.html,genie-openj9
Tue Nov 21 21:36:58 2023,CeexedbTemplate.html,genie-openj9
Tue Nov 21 21:36:58 2023,Ceexhcom32Template.html,genie-openj9
Tue Nov 21 21:36:58 2023,Ceexhcom64Template.html,genie-openj9
Tue Nov 21 21:36:58 2023,CeexhcomTemplate.html,genie-openj9
Tue Nov 21 21:36:58 2023,CeexhepvTemplate.html,genie-openj9
Tue Nov 21 21:36:58 2023,Ceexhp1bTemplate.html,genie-openj9
Tue Nov 21 21:36:58 2023,CeexlaaTemplate.html,genie-openj9
Tue Nov 21 21:36:58 2023,CeexoepvTemplate.html,genie-openj9
Tue Nov 21 21:36:58 2023,Ceexpp1bTemplate.html,genie-openj9
Tue Nov 21 21:36:58 2023,Ceexrcb32Template.html,genie-openj9
Tue Nov 21 21:36:58 2023,Ceexrcb64Template.html,genie-openj9
Tue Nov 21 21:36:58 2023,CeexrcbTemplate.html,genie-openj9
Tue Nov 21 21:36:58 2023,CeexsfxmTemplate.html,genie-openj9
Tue Nov 21 21:36:58 2023,CeexstkhTemplate.html,genie-openj9
Tue Nov 21 21:36:58 2023,CeextvbTemplate.html,genie-openj9
Tue Nov 21 21:36:58 2023,CeextvbeTemplate.html,genie-openj9
Tue Nov 21 21:36:58 2023,Ciet2ExpFuncEntryTemplate.html,genie-openj9
Tue Nov 21 21:36:58 2023,Ciet2ExpVarEntryTemplate.html,genie-openj9
Tue Nov 21 21:36:58 2023,Ciet2Template.html,genie-openj9
Tue Nov 21 21:36:58 2023,CietExpEntryTemplate.html,genie-openj9
Tue Nov 21 21:36:58 2023,CietTemplate.html,genie-openj9
Tue Nov 21 21:36:58 2023,Dll.html,genie-openj9
Tue Nov 21 21:36:58 2023,DllFunction.html,genie-openj9
Tue Nov 21 21:36:58 2023,DllVariable.html,genie-openj9
Tue Nov 21 21:36:58 2023,DllcsectTemplate.html,genie-openj9
Tue Nov 21 21:36:58 2023,DllexpfuncsTemplate.html,genie-openj9
Tue Nov 21 21:36:58 2023,DllexpvarsTemplate.html,genie-openj9
Tue Nov 21 21:36:58 2023,DsaStackFrame.html,genie-openj9
Tue Nov 21 21:36:58 2023,Edb.html,genie-openj9
Tue Nov 21 21:36:58 2023,Function.html,genie-openj9
Tue Nov 21 21:36:58 2023,SmcbTemplate.html,genie-openj9
Tue Nov 21 21:36:58 2023,StackNotFound.html,genie-openj9
Tue Nov 21 21:36:58 2023,package-summary.html,genie-openj9
Tue Nov 21 21:36:58 2023,package-tree.html,genie-openj9
Tue Nov 21 21:36:58 2023,package-use.html,genie-openj9
Tue Nov 21 21:36:58 2023,BpxzotcbTemplate.html,genie-openj9
Tue Nov 21 21:36:58 2023,BpxzustaTemplate.html,genie-openj9
Tue Nov 21 21:36:58 2023,CeexcvtTemplate.html,genie-openj9
Tue Nov 21 21:36:58 2023,IhaascbTemplate.html,genie-openj9
Tue Nov 21 21:36:58 2023,IhaasxbTemplate.html,genie-openj9
Tue Nov 21 21:36:58 2023,IhapsaTemplate.html,genie-openj9
Tue Nov 21 21:36:58 2023,IharbTemplate.html,genie-openj9
Tue Nov 21 21:36:58 2023,Ihartm2aTemplate.html,genie-openj9
Tue Nov 21 21:36:58 2023,IhastcbTemplate.html,genie-openj9
Tue Nov 21 21:36:58 2023,IkjrbTemplate.html,genie-openj9
Tue Nov 21 21:36:58 2023,IkjtcbTemplate.html,genie-openj9
Tue Nov 21 21:36:58 2023,Lse.html,genie-openj9
Tue Nov 21 21:36:58 2023,LsedTemplate.html,genie-openj9
Tue Nov 21 21:36:58 2023,Lses1lsed1Template.html,genie-openj9
Tue Nov 21 21:36:58 2023,LseslsedTemplate.html,genie-openj9
Tue Nov 21 21:36:58 2023,Lsestate1Template.html,genie-openj9
Tue Nov 21 21:36:58 2023,LsestateTemplate.html,genie-openj9
Tue Nov 21 21:36:58 2023,OtcbcopyonforkTemplate.html,genie-openj9
Tue Nov 21 21:36:58 2023,RegisterSet.html,genie-openj9
Tue Nov 21 21:36:58 2023,Tcb.html,genie-openj9
Tue Nov 21 21:36:58 2023,BpxzotcbTemplate.html,genie-openj9
Tue Nov 21 21:36:58 2023,BpxzustaTemplate.html,genie-openj9
Tue Nov 21 21:36:58 2023,CeexcvtTemplate.html,genie-openj9
Tue Nov 21 21:36:58 2023,IhaascbTemplate.html,genie-openj9
Tue Nov 21 21:36:58 2023,IhaasxbTemplate.html,genie-openj9
Tue Nov 21 21:36:58 2023,IhapsaTemplate.html,genie-openj9
Tue Nov 21 21:36:58 2023,IharbTemplate.html,genie-openj9
Tue Nov 21 21:36:58 2023,Ihartm2aTemplate.html,genie-openj9
Tue Nov 21 21:36:58 2023,IhastcbTemplate.html,genie-openj9
Tue Nov 21 21:36:58 2023,IkjrbTemplate.html,genie-openj9
Tue Nov 21 21:36:58 2023,IkjtcbTemplate.html,genie-openj9
Tue Nov 21 21:36:58 2023,Lse.html,genie-openj9
Tue Nov 21 21:36:58 2023,LsedTemplate.html,genie-openj9
Tue Nov 21 21:36:58 2023,Lses1lsed1Template.html,genie-openj9
Tue Nov 21 21:36:58 2023,LseslsedTemplate.html,genie-openj9
Tue Nov 21 21:36:58 2023,Lsestate1Template.html,genie-openj9
Tue Nov 21 21:36:58 2023,LsestateTemplate.html,genie-openj9
Tue Nov 21 21:36:58 2023,OtcbcopyonforkTemplate.html,genie-openj9
Tue Nov 21 21:36:58 2023,RegisterSet.html,genie-openj9
Tue Nov 21 21:36:58 2023,Tcb.html,genie-openj9
Tue Nov 21 21:36:58 2023,package-summary.html,genie-openj9
Tue Nov 21 21:36:58 2023,package-tree.html,genie-openj9
Tue Nov 21 21:36:58 2023,package-use.html,genie-openj9
Tue Nov 21 21:36:58 2023,AbstractHashMap.html,genie-openj9
Tue Nov 21 21:36:58 2023,AbstractLruCache.html,genie-openj9
Tue Nov 21 21:36:58 2023,BitStream.html,genie-openj9
Tue Nov 21 21:36:58 2023,CharConversion.html,genie-openj9
Tue Nov 21 21:36:58 2023,Clib.html,genie-openj9
Tue Nov 21 21:36:58 2023,CompressedRecordArray.html,genie-openj9
Tue Nov 21 21:36:58 2023,IntEnumeration.html,genie-openj9
Tue Nov 21 21:36:58 2023,IntegerMap.html,genie-openj9
Tue Nov 21 21:36:58 2023,ObjectLruCache.html,genie-openj9
Tue Nov 21 21:36:58 2023,ObjectMap.html,genie-openj9
Tue Nov 21 21:36:58 2023,AbstractHashMap.html,genie-openj9
Tue Nov 21 21:36:58 2023,AbstractLruCache.html,genie-openj9
Tue Nov 21 21:36:58 2023,BitStream.html,genie-openj9
Tue Nov 21 21:36:58 2023,CharConversion.html,genie-openj9
Tue Nov 21 21:36:58 2023,Clib.html,genie-openj9
Tue Nov 21 21:36:58 2023,CompressedRecordArray.html,genie-openj9
Tue Nov 21 21:36:58 2023,IntEnumeration.html,genie-openj9
Tue Nov 21 21:36:58 2023,IntegerMap.html,genie-openj9
Tue Nov 21 21:36:58 2023,ObjectLruCache.html,genie-openj9
Tue Nov 21 21:36:58 2023,ObjectMap.html,genie-openj9
Tue Nov 21 21:36:58 2023,package-summary.html,genie-openj9
Tue Nov 21 21:36:58 2023,package-tree.html,genie-openj9
Tue Nov 21 21:36:58 2023,package-use.html,genie-openj9
Tue Nov 21 21:36:58 2023,CorruptData.html,genie-openj9
Tue Nov 21 21:36:58 2023,CorruptDataException.html,genie-openj9
Tue Nov 21 21:36:58 2023,DTFJException.html,genie-openj9
Tue Nov 21 21:36:58 2023,DataUnavailable.html,genie-openj9
Tue Nov 21 21:36:58 2023,Image.html,genie-openj9
Tue Nov 21 21:36:58 2023,ImageAddressSpace.html,genie-openj9
Tue Nov 21 21:36:58 2023,ImageFactory.html,genie-openj9
Tue Nov 21 21:36:58 2023,ImageModule.html,genie-openj9
Tue Nov 21 21:36:58 2023,ImagePointer.html,genie-openj9
Tue Nov 21 21:36:58 2023,ImageProcess.html,genie-openj9
Tue Nov 21 21:36:58 2023,ImageRegister.html,genie-openj9
Tue Nov 21 21:36:58 2023,ImageSection.html,genie-openj9
Tue Nov 21 21:36:58 2023,ImageStackFrame.html,genie-openj9
Tue Nov 21 21:36:58 2023,ImageSymbol.html,genie-openj9
Tue Nov 21 21:36:58 2023,ImageThread.html,genie-openj9
Tue Nov 21 21:36:58 2023,MemoryAccessException.html,genie-openj9
Tue Nov 21 21:36:58 2023,CorruptData.html,genie-openj9
Tue Nov 21 21:36:58 2023,CorruptDataException.html,genie-openj9
Tue Nov 21 21:36:58 2023,DTFJException.html,genie-openj9
Tue Nov 21 21:36:58 2023,DataUnavailable.html,genie-openj9
Tue Nov 21 21:36:58 2023,Image.html,genie-openj9
Tue Nov 21 21:36:58 2023,ImageAddressSpace.html,genie-openj9
Tue Nov 21 21:36:58 2023,ImageFactory.html,genie-openj9
Tue Nov 21 21:36:58 2023,ImageModule.html,genie-openj9
Tue Nov 21 21:36:58 2023,ImagePointer.html,genie-openj9
Tue Nov 21 21:36:58 2023,ImageProcess.html,genie-openj9
Tue Nov 21 21:36:58 2023,ImageRegister.html,genie-openj9
Tue Nov 21 21:36:58 2023,ImageSection.html,genie-openj9
Tue Nov 21 21:36:58 2023,ImageStackFrame.html,genie-openj9
Tue Nov 21 21:36:58 2023,ImageSymbol.html,genie-openj9
Tue Nov 21 21:36:58 2023,ImageThread.html,genie-openj9
Tue Nov 21 21:36:58 2023,MemoryAccessException.html,genie-openj9
Tue Nov 21 21:36:58 2023,Builder.html,genie-openj9
Tue Nov 21 21:36:58 2023,BuilderShutdownHook.html,genie-openj9
Tue Nov 21 21:36:58 2023,BytecodeImageSection.html,genie-openj9
Tue Nov 21 21:36:58 2023,CorruptData.html,genie-openj9
Tue Nov 21 21:36:58 2023,DTFJImageFactory.html,genie-openj9
Tue Nov 21 21:36:58 2023,DefaultFileLocationResolver.html,genie-openj9
Tue Nov 21 21:36:58 2023,FutureImplementation.html,genie-openj9
Tue Nov 21 21:36:58 2023,IFileLocationResolver.html,genie-openj9
Tue Nov 21 21:36:58 2023,Image.html,genie-openj9
Tue Nov 21 21:36:58 2023,ImageAddressSpace.html,genie-openj9
Tue Nov 21 21:36:58 2023,ImageFactory.html,genie-openj9
Tue Nov 21 21:36:58 2023,ImageModule.html,genie-openj9
Tue Nov 21 21:36:58 2023,ImagePointer.html,genie-openj9
Tue Nov 21 21:36:58 2023,ImageProcess.html,genie-openj9
Tue Nov 21 21:36:58 2023,ImageRegister.html,genie-openj9
Tue Nov 21 21:36:58 2023,ImageSection.html,genie-openj9
Tue Nov 21 21:36:58 2023,ImageStackFrame.html,genie-openj9
Tue Nov 21 21:36:58 2023,ImageSymbol.html,genie-openj9
Tue Nov 21 21:36:58 2023,ImageThread.html,genie-openj9
Tue Nov 21 21:36:58 2023,JitImageSection.html,genie-openj9
Tue Nov 21 21:36:58 2023,ModuleImageSection.html,genie-openj9
Tue Nov 21 21:36:58 2023,PartialProcess.html,genie-openj9
Tue Nov 21 21:36:58 2023,RawImageSection.html,genie-openj9
Tue Nov 21 21:36:58 2023,ReleasingImage.html,genie-openj9
Tue Nov 21 21:36:58 2023,SignalName.html,genie-openj9
Tue Nov 21 21:36:58 2023,StackImageSection.html,genie-openj9
Tue Nov 21 21:36:58 2023,ZipExtractionResolver.html,genie-openj9
Tue Nov 21 21:36:58 2023,Builder.html,genie-openj9
Tue Nov 21 21:36:58 2023,BuilderShutdownHook.html,genie-openj9
Tue Nov 21 21:36:58 2023,BytecodeImageSection.html,genie-openj9
Tue Nov 21 21:36:58 2023,CorruptData.html,genie-openj9
Tue Nov 21 21:36:58 2023,DTFJImageFactory.html,genie-openj9
Tue Nov 21 21:36:58 2023,DefaultFileLocationResolver.html,genie-openj9
Tue Nov 21 21:36:58 2023,FutureImplementation.html,genie-openj9
Tue Nov 21 21:36:58 2023,IFileLocationResolver.html,genie-openj9
Tue Nov 21 21:36:58 2023,Image.html,genie-openj9
Tue Nov 21 21:36:58 2023,ImageAddressSpace.html,genie-openj9
Tue Nov 21 21:36:58 2023,ImageFactory.html,genie-openj9
Tue Nov 21 21:36:58 2023,ImageModule.html,genie-openj9
Tue Nov 21 21:36:58 2023,ImagePointer.html,genie-openj9
Tue Nov 21 21:36:58 2023,ImageProcess.html,genie-openj9
Tue Nov 21 21:36:58 2023,ImageRegister.html,genie-openj9
Tue Nov 21 21:36:58 2023,ImageSection.html,genie-openj9
Tue Nov 21 21:36:58 2023,ImageStackFrame.html,genie-openj9
Tue Nov 21 21:36:58 2023,ImageSymbol.html,genie-openj9
Tue Nov 21 21:36:58 2023,ImageThread.html,genie-openj9
Tue Nov 21 21:36:58 2023,JitImageSection.html,genie-openj9
Tue Nov 21 21:36:58 2023,ModuleImageSection.html,genie-openj9
Tue Nov 21 21:36:58 2023,PartialProcess.html,genie-openj9
Tue Nov 21 21:36:58 2023,RawImageSection.html,genie-openj9
Tue Nov 21 21:36:58 2023,ReleasingImage.html,genie-openj9
Tue Nov 21 21:36:58 2023,SignalName.html,genie-openj9
Tue Nov 21 21:36:58 2023,StackImageSection.html,genie-openj9
Tue Nov 21 21:36:58 2023,ZipExtractionResolver.html,genie-openj9
Tue Nov 21 21:36:58 2023,CorruptImagePointer.html,genie-openj9
Tue Nov 21 21:36:58 2023,CorruptImagePointer.html,genie-openj9
Tue Nov 21 21:36:58 2023,package-summary.html,genie-openj9
Tue Nov 21 21:36:58 2023,package-tree.html,genie-openj9
Tue Nov 21 21:36:58 2023,package-use.html,genie-openj9
Tue Nov 21 21:36:58 2023,package-summary.html,genie-openj9
Tue Nov 21 21:36:58 2023,package-tree.html,genie-openj9
Tue Nov 21 21:36:58 2023,package-use.html,genie-openj9
Tue Nov 21 21:36:58 2023,BuilderData.html,genie-openj9
Tue Nov 21 21:36:58 2023,JCCorruptData.html,genie-openj9
Tue Nov 21 21:36:58 2023,JCImage.html,genie-openj9
Tue Nov 21 21:36:58 2023,JCImageAddressSpace.html,genie-openj9
Tue Nov 21 21:36:58 2023,JCImageFactory.html,genie-openj9
Tue Nov 21 21:36:58 2023,JCImageModule.html,genie-openj9
Tue Nov 21 21:36:58 2023,JCImagePointer.html,genie-openj9
Tue Nov 21 21:36:58 2023,JCImageProcess.html,genie-openj9
Tue Nov 21 21:36:58 2023,JCImageRegister.html,genie-openj9
Tue Nov 21 21:36:58 2023,JCImageSection.html,genie-openj9
Tue Nov 21 21:36:58 2023,JCImageStackFrame.html,genie-openj9
Tue Nov 21 21:36:58 2023,JCImageSymbol.html,genie-openj9
Tue Nov 21 21:36:58 2023,JCImageThread.html,genie-openj9
Tue Nov 21 21:36:58 2023,JCReleasingImage.html,genie-openj9
Tue Nov 21 21:36:58 2023,LookupKey.html,genie-openj9
Tue Nov 21 21:36:58 2023,BuilderData.html,genie-openj9
Tue Nov 21 21:36:58 2023,JCCorruptData.html,genie-openj9
Tue Nov 21 21:36:58 2023,JCImage.html,genie-openj9
Tue Nov 21 21:36:58 2023,JCImageAddressSpace.html,genie-openj9
Tue Nov 21 21:36:58 2023,JCImageFactory.html,genie-openj9
Tue Nov 21 21:36:58 2023,JCImageModule.html,genie-openj9
Tue Nov 21 21:36:58 2023,JCImagePointer.html,genie-openj9
Tue Nov 21 21:36:58 2023,JCImageProcess.html,genie-openj9
Tue Nov 21 21:36:58 2023,JCImageRegister.html,genie-openj9
Tue Nov 21 21:36:58 2023,JCImageSection.html,genie-openj9
Tue Nov 21 21:36:58 2023,JCImageStackFrame.html,genie-openj9
Tue Nov 21 21:36:58 2023,JCImageSymbol.html,genie-openj9
Tue Nov 21 21:36:58 2023,JCImageThread.html,genie-openj9
Tue Nov 21 21:36:58 2023,JCReleasingImage.html,genie-openj9
Tue Nov 21 21:36:58 2023,LookupKey.html,genie-openj9
Tue Nov 21 21:36:58 2023,package-summary.html,genie-openj9
Tue Nov 21 21:36:58 2023,package-tree.html,genie-openj9
Tue Nov 21 21:36:58 2023,package-use.html,genie-openj9
Tue Nov 21 21:36:58 2023,package-summary.html,genie-openj9
Tue Nov 21 21:36:58 2023,package-tree.html,genie-openj9
Tue Nov 21 21:36:58 2023,package-use.html,genie-openj9
Tue Nov 21 21:36:58 2023,JavaClass.html,genie-openj9
Tue Nov 21 21:36:58 2023,JavaClassLoader.html,genie-openj9
Tue Nov 21 21:36:58 2023,JavaField.html,genie-openj9
Tue Nov 21 21:36:58 2023,JavaHeap.html,genie-openj9
Tue Nov 21 21:36:58 2023,JavaLocation.html,genie-openj9
Tue Nov 21 21:36:58 2023,JavaMember.html,genie-openj9
Tue Nov 21 21:36:58 2023,JavaMethod.html,genie-openj9
Tue Nov 21 21:36:58 2023,JavaMonitor.html,genie-openj9
Tue Nov 21 21:36:58 2023,JavaObject.html,genie-openj9
Tue Nov 21 21:36:58 2023,JavaReference.html,genie-openj9
Tue Nov 21 21:36:58 2023,JavaRuntime.html,genie-openj9
Tue Nov 21 21:36:58 2023,JavaRuntimeMemoryCategory.html,genie-openj9
Tue Nov 21 21:36:58 2023,JavaRuntimeMemorySection.html,genie-openj9
Tue Nov 21 21:36:58 2023,JavaStackFrame.html,genie-openj9
Tue Nov 21 21:36:58 2023,JavaThread.html,genie-openj9
Tue Nov 21 21:36:58 2023,JavaVMInitArgs.html,genie-openj9
Tue Nov 21 21:36:58 2023,JavaVMOption.html,genie-openj9
Tue Nov 21 21:36:58 2023,JavaClass.html,genie-openj9
Tue Nov 21 21:36:58 2023,JavaClassLoader.html,genie-openj9
Tue Nov 21 21:36:58 2023,JavaField.html,genie-openj9
Tue Nov 21 21:36:58 2023,JavaHeap.html,genie-openj9
Tue Nov 21 21:36:58 2023,JavaLocation.html,genie-openj9
Tue Nov 21 21:36:58 2023,JavaMember.html,genie-openj9
Tue Nov 21 21:36:58 2023,JavaMethod.html,genie-openj9
Tue Nov 21 21:36:58 2023,JavaMonitor.html,genie-openj9
Tue Nov 21 21:36:58 2023,JavaObject.html,genie-openj9
Tue Nov 21 21:36:58 2023,JavaReference.html,genie-openj9
Tue Nov 21 21:36:58 2023,JavaRuntime.html,genie-openj9
Tue Nov 21 21:36:58 2023,JavaRuntimeMemoryCategory.html,genie-openj9
Tue Nov 21 21:36:58 2023,JavaRuntimeMemorySection.html,genie-openj9
Tue Nov 21 21:36:58 2023,JavaStackFrame.html,genie-openj9
Tue Nov 21 21:36:58 2023,JavaThread.html,genie-openj9
Tue Nov 21 21:36:58 2023,JavaVMInitArgs.html,genie-openj9
Tue Nov 21 21:36:58 2023,JavaVMOption.html,genie-openj9
Tue Nov 21 21:36:58 2023,JavaAbstractClass.html,genie-openj9
Tue Nov 21 21:36:58 2023,JavaArrayClass.html,genie-openj9
Tue Nov 21 21:36:58 2023,JavaClass.html,genie-openj9
Tue Nov 21 21:36:58 2023,JavaClassLoader.html,genie-openj9
Tue Nov 21 21:36:58 2023,JavaField.html,genie-openj9
Tue Nov 21 21:36:58 2023,JavaHeap.html,genie-openj9
Tue Nov 21 21:36:58 2023,JavaHeapRegion.html,genie-openj9
Tue Nov 21 21:36:58 2023,JavaInstanceField.html,genie-openj9
Tue Nov 21 21:36:58 2023,JavaLocation.html,genie-openj9
Tue Nov 21 21:36:58 2023,JavaMethod.html,genie-openj9
Tue Nov 21 21:36:58 2023,JavaMonitor.html,genie-openj9
Tue Nov 21 21:36:58 2023,JavaObject.html,genie-openj9
Tue Nov 21 21:36:58 2023,JavaReference.html,genie-openj9
Tue Nov 21 21:36:58 2023,JavaRuntime.html,genie-openj9
Tue Nov 21 21:36:58 2023,JavaStackFrame.html,genie-openj9
Tue Nov 21 21:36:58 2023,JavaStaticField.html,genie-openj9
Tue Nov 21 21:36:58 2023,JavaThread.html,genie-openj9
Tue Nov 21 21:36:58 2023,JavaVMInitArgs.html,genie-openj9
Tue Nov 21 21:36:58 2023,JavaVMOption.html,genie-openj9
Tue Nov 21 21:36:58 2023,TraceBuffer.html,genie-openj9
Tue Nov 21 21:36:58 2023,JavaAbstractClass.html,genie-openj9
Tue Nov 21 21:36:58 2023,JavaArrayClass.html,genie-openj9
Tue Nov 21 21:36:58 2023,JavaClass.html,genie-openj9
Tue Nov 21 21:36:58 2023,JavaClassLoader.html,genie-openj9
Tue Nov 21 21:36:58 2023,JavaField.html,genie-openj9
Tue Nov 21 21:36:58 2023,JavaHeap.html,genie-openj9
Tue Nov 21 21:36:58 2023,JavaHeapRegion.html,genie-openj9
Tue Nov 21 21:36:58 2023,JavaInstanceField.html,genie-openj9
Tue Nov 21 21:36:58 2023,JavaLocation.html,genie-openj9
Tue Nov 21 21:36:58 2023,JavaMethod.html,genie-openj9
Tue Nov 21 21:36:58 2023,JavaMonitor.html,genie-openj9
Tue Nov 21 21:36:58 2023,JavaObject.html,genie-openj9
Tue Nov 21 21:36:58 2023,JavaReference.html,genie-openj9
Tue Nov 21 21:36:58 2023,JavaRuntime.html,genie-openj9
Tue Nov 21 21:36:58 2023,JavaStackFrame.html,genie-openj9
Tue Nov 21 21:36:58 2023,JavaStaticField.html,genie-openj9
Tue Nov 21 21:36:58 2023,JavaThread.html,genie-openj9
Tue Nov 21 21:36:58 2023,JavaVMInitArgs.html,genie-openj9
Tue Nov 21 21:36:58 2023,JavaVMOption.html,genie-openj9
Tue Nov 21 21:36:58 2023,TraceBuffer.html,genie-openj9
Tue Nov 21 21:36:58 2023,package-summary.html,genie-openj9
Tue Nov 21 21:36:58 2023,package-tree.html,genie-openj9
Tue Nov 21 21:36:58 2023,package-use.html,genie-openj9
Tue Nov 21 21:36:58 2023,JCInvalidArgumentsException.html,genie-openj9
Tue Nov 21 21:36:58 2023,JCJavaClass.html,genie-openj9
Tue Nov 21 21:36:58 2023,JCJavaClassLoader.html,genie-openj9
Tue Nov 21 21:36:58 2023,JCJavaLocation.html,genie-openj9
Tue Nov 21 21:36:58 2023,JCJavaMethod.html,genie-openj9
Tue Nov 21 21:36:58 2023,JCJavaMonitor.html,genie-openj9
Tue Nov 21 21:36:58 2023,JCJavaObject.html,genie-openj9
Tue Nov 21 21:36:58 2023,JCJavaRuntime.html,genie-openj9
Tue Nov 21 21:36:58 2023,JCJavaRuntimeMemoryCategory.html,genie-openj9
Tue Nov 21 21:36:58 2023,JCJavaStackFrame.html,genie-openj9
Tue Nov 21 21:36:58 2023,JCJavaThread.html,genie-openj9
Tue Nov 21 21:36:58 2023,JCJavaVMInitArgs.html,genie-openj9
Tue Nov 21 21:36:58 2023,JCJavaVMOption.html,genie-openj9
Tue Nov 21 21:36:58 2023,JCInvalidArgumentsException.html,genie-openj9
Tue Nov 21 21:36:58 2023,JCJavaClass.html,genie-openj9
Tue Nov 21 21:36:58 2023,JCJavaClassLoader.html,genie-openj9
Tue Nov 21 21:36:58 2023,JCJavaLocation.html,genie-openj9
Tue Nov 21 21:36:58 2023,JCJavaMethod.html,genie-openj9
Tue Nov 21 21:36:58 2023,JCJavaMonitor.html,genie-openj9
Tue Nov 21 21:36:58 2023,JCJavaObject.html,genie-openj9
Tue Nov 21 21:36:58 2023,JCJavaRuntime.html,genie-openj9
Tue Nov 21 21:36:58 2023,JCJavaRuntimeMemoryCategory.html,genie-openj9
Tue Nov 21 21:36:58 2023,JCJavaStackFrame.html,genie-openj9
Tue Nov 21 21:36:58 2023,JCJavaThread.html,genie-openj9
Tue Nov 21 21:36:58 2023,JCJavaVMInitArgs.html,genie-openj9
Tue Nov 21 21:36:58 2023,JCJavaVMOption.html,genie-openj9
Tue Nov 21 21:36:58 2023,package-summary.html,genie-openj9
Tue Nov 21 21:36:58 2023,package-tree.html,genie-openj9
Tue Nov 21 21:36:58 2023,package-use.html,genie-openj9
Tue Nov 21 21:36:58 2023,package-summary.html,genie-openj9
Tue Nov 21 21:36:58 2023,package-tree.html,genie-openj9
Tue Nov 21 21:36:58 2023,package-use.html,genie-openj9
Tue Nov 21 21:36:58 2023,BuilderFailureException.html,genie-openj9
Tue Nov 21 21:36:58 2023,IBuilderData.html,genie-openj9
Tue Nov 21 21:36:58 2023,IImageAddressSpaceBuilder.html,genie-openj9
Tue Nov 21 21:36:58 2023,IImageBuilder.html,genie-openj9
Tue Nov 21 21:36:58 2023,IImageBuilderFactory.html,genie-openj9
Tue Nov 21 21:36:58 2023,IImageProcessBuilder.html,genie-openj9
Tue Nov 21 21:36:58 2023,IJavaRuntimeBuilder.html,genie-openj9
Tue Nov 21 21:36:58 2023,BuilderFailureException.html,genie-openj9
Tue Nov 21 21:36:58 2023,IBuilderData.html,genie-openj9
Tue Nov 21 21:36:58 2023,IImageAddressSpaceBuilder.html,genie-openj9
Tue Nov 21 21:36:58 2023,IImageBuilder.html,genie-openj9
Tue Nov 21 21:36:58 2023,IImageBuilderFactory.html,genie-openj9
Tue Nov 21 21:36:58 2023,IImageProcessBuilder.html,genie-openj9
Tue Nov 21 21:36:58 2023,IJavaRuntimeBuilder.html,genie-openj9
Tue Nov 21 21:36:58 2023,AbstractBuilderComponent.html,genie-openj9
Tue Nov 21 21:36:58 2023,BuilderContainer.html,genie-openj9
Tue Nov 21 21:36:58 2023,ImageAddressSpaceBuilder.html,genie-openj9
Tue Nov 21 21:36:58 2023,ImageBuilder.html,genie-openj9
Tue Nov 21 21:36:58 2023,ImageBuilderFactory.html,genie-openj9
Tue Nov 21 21:36:58 2023,ImageProcessBuilder.html,genie-openj9
Tue Nov 21 21:36:58 2023,JavaRuntimeBuilder.html,genie-openj9
Tue Nov 21 21:36:58 2023,AbstractBuilderComponent.html,genie-openj9
Tue Nov 21 21:36:58 2023,BuilderContainer.html,genie-openj9
Tue Nov 21 21:36:58 2023,ImageAddressSpaceBuilder.html,genie-openj9
Tue Nov 21 21:36:58 2023,ImageBuilder.html,genie-openj9
Tue Nov 21 21:36:58 2023,ImageBuilderFactory.html,genie-openj9
Tue Nov 21 21:36:58 2023,ImageProcessBuilder.html,genie-openj9
Tue Nov 21 21:36:58 2023,JavaRuntimeBuilder.html,genie-openj9
Tue Nov 21 21:36:58 2023,package-summary.html,genie-openj9
Tue Nov 21 21:36:58 2023,package-tree.html,genie-openj9
Tue Nov 21 21:36:58 2023,package-use.html,genie-openj9
Tue Nov 21 21:36:58 2023,package-summary.html,genie-openj9
Tue Nov 21 21:36:58 2023,package-tree.html,genie-openj9
Tue Nov 21 21:36:58 2023,package-use.html,genie-openj9
Tue Nov 21 21:36:58 2023,MissingComponentException.html,genie-openj9
Tue Nov 21 21:36:58 2023,Section.html,genie-openj9
Tue Nov 21 21:36:58 2023,MissingComponentException.html,genie-openj9
Tue Nov 21 21:36:58 2023,Section.html,genie-openj9
Tue Nov 21 21:36:58 2023,IInputBuffer.html,genie-openj9
Tue Nov 21 21:36:58 2023,JavaCoreFileReader.html,genie-openj9
Tue Nov 21 21:36:58 2023,LineJavaCoreInputBuffer.html,genie-openj9
Tue Nov 21 21:36:58 2023,OffsetBasedJavaCoreInputBuffer.html,genie-openj9
Tue Nov 21 21:36:58 2023,IInputBuffer.html,genie-openj9
Tue Nov 21 21:36:58 2023,JavaCoreFileReader.html,genie-openj9
Tue Nov 21 21:36:58 2023,LineJavaCoreInputBuffer.html,genie-openj9
Tue Nov 21 21:36:58 2023,OffsetBasedJavaCoreInputBuffer.html,genie-openj9
Tue Nov 21 21:36:58 2023,package-summary.html,genie-openj9
Tue Nov 21 21:36:58 2023,package-tree.html,genie-openj9
Tue Nov 21 21:36:58 2023,package-use.html,genie-openj9
Tue Nov 21 21:36:58 2023,package-summary.html,genie-openj9
Tue Nov 21 21:36:58 2023,package-tree.html,genie-openj9
Tue Nov 21 21:36:58 2023,package-use.html,genie-openj9
Tue Nov 21 21:36:58 2023,IErrorListener.html,genie-openj9
Tue Nov 21 21:36:58 2023,ILookAheadBuffer.html,genie-openj9
Tue Nov 21 21:36:58 2023,IParserController.html,genie-openj9
Tue Nov 21 21:36:58 2023,ISectionParser.html,genie-openj9
Tue Nov 21 21:36:58 2023,ParserException.html,genie-openj9
Tue Nov 21 21:36:58 2023,IErrorListener.html,genie-openj9
Tue Nov 21 21:36:58 2023,ILookAheadBuffer.html,genie-openj9
Tue Nov 21 21:36:58 2023,IParserController.html,genie-openj9
Tue Nov 21 21:36:58 2023,ISectionParser.html,genie-openj9
Tue Nov 21 21:36:58 2023,ParserException.html,genie-openj9
Tue Nov 21 21:36:58 2023,package-summary.html,genie-openj9
Tue Nov 21 21:36:58 2023,package-tree.html,genie-openj9
Tue Nov 21 21:36:58 2023,package-use.html,genie-openj9
Tue Nov 21 21:36:58 2023,IGeneralTokenTypes.html,genie-openj9
Tue Nov 21 21:36:58 2023,IParserToken.html,genie-openj9
Tue Nov 21 21:36:58 2023,IScanner.html,genie-openj9
Tue Nov 21 21:36:58 2023,IScannerManager.html,genie-openj9
Tue Nov 21 21:36:58 2023,JavaCoreScanner.html,genie-openj9
Tue Nov 21 21:36:58 2023,LookAheadBuffer.html,genie-openj9
Tue Nov 21 21:36:58 2023,ParserToken.html,genie-openj9
Tue Nov 21 21:36:58 2023,ScannerException.html,genie-openj9
Tue Nov 21 21:36:58 2023,ScannerManager.html,genie-openj9
Tue Nov 21 21:36:58 2023,TokenManager.html,genie-openj9
Tue Nov 21 21:36:58 2023,IGeneralTokenTypes.html,genie-openj9
Tue Nov 21 21:36:58 2023,IParserToken.html,genie-openj9
Tue Nov 21 21:36:58 2023,IScanner.html,genie-openj9
Tue Nov 21 21:36:58 2023,IScannerManager.html,genie-openj9
Tue Nov 21 21:36:58 2023,JavaCoreScanner.html,genie-openj9
Tue Nov 21 21:36:58 2023,LookAheadBuffer.html,genie-openj9
Tue Nov 21 21:36:58 2023,ParserToken.html,genie-openj9
Tue Nov 21 21:36:58 2023,ScannerException.html,genie-openj9
Tue Nov 21 21:36:58 2023,ScannerManager.html,genie-openj9
Tue Nov 21 21:36:58 2023,TokenManager.html,genie-openj9
Tue Nov 21 21:36:58 2023,package-summary.html,genie-openj9
Tue Nov 21 21:36:58 2023,package-tree.html,genie-openj9
Tue Nov 21 21:36:58 2023,package-use.html,genie-openj9
Tue Nov 21 21:36:58 2023,ILineRule.html,genie-openj9
Tue Nov 21 21:36:58 2023,ITagAttributeResult.html,genie-openj9
Tue Nov 21 21:36:58 2023,ITagManager.html,genie-openj9
Tue Nov 21 21:36:58 2023,ITagParser.html,genie-openj9
Tue Nov 21 21:36:58 2023,LineRule.html,genie-openj9
Tue Nov 21 21:36:58 2023,MissingPatternListException.html,genie-openj9
Tue Nov 21 21:36:58 2023,TagAttributeResult.html,genie-openj9
Tue Nov 21 21:36:58 2023,TagParser.html,genie-openj9
Tue Nov 21 21:36:58 2023,ILineRule.html,genie-openj9
Tue Nov 21 21:36:58 2023,ITagAttributeResult.html,genie-openj9
Tue Nov 21 21:36:58 2023,ITagManager.html,genie-openj9
Tue Nov 21 21:36:58 2023,ITagParser.html,genie-openj9
Tue Nov 21 21:36:58 2023,LineRule.html,genie-openj9
Tue Nov 21 21:36:58 2023,MissingPatternListException.html,genie-openj9
Tue Nov 21 21:36:58 2023,TagAttributeResult.html,genie-openj9
Tue Nov 21 21:36:58 2023,TagParser.html,genie-openj9
Tue Nov 21 21:36:58 2023,package-summary.html,genie-openj9
Tue Nov 21 21:36:58 2023,package-tree.html,genie-openj9
Tue Nov 21 21:36:58 2023,package-use.html,genie-openj9
Tue Nov 21 21:36:58 2023,AttributeValueMapFactory.html,genie-openj9
Tue Nov 21 21:36:58 2023,DTFJComponentLoader.html,genie-openj9
Tue Nov 21 21:36:58 2023,IAttributeValueMap.html,genie-openj9
Tue Nov 21 21:36:58 2023,ITagSubSection.html,genie-openj9
Tue Nov 21 21:36:58 2023,J9TagManager.html,genie-openj9
Tue Nov 21 21:36:58 2023,JavaCoreAttributeValueMap.html,genie-openj9
Tue Nov 21 21:36:58 2023,JavaCoreReader.html,genie-openj9
Tue Nov 21 21:36:58 2023,JavaCoreResourceReleaser.html,genie-openj9
Tue Nov 21 21:36:58 2023,ParserController.html,genie-openj9
Tue Nov 21 21:36:58 2023,SectionParser.html,genie-openj9
Tue Nov 21 21:36:58 2023,SectionParserGrammar.html,genie-openj9
Tue Nov 21 21:36:58 2023,SovereignParserPartManager.html,genie-openj9
Tue Nov 21 21:36:58 2023,SovereignSectionParserPart.html,genie-openj9
Tue Nov 21 21:36:58 2023,AttributeValueMapFactory.html,genie-openj9
Tue Nov 21 21:36:58 2023,DTFJComponentLoader.html,genie-openj9
Tue Nov 21 21:36:58 2023,IAttributeValueMap.html,genie-openj9
Tue Nov 21 21:36:58 2023,ITagSubSection.html,genie-openj9
Tue Nov 21 21:36:58 2023,J9TagManager.html,genie-openj9
Tue Nov 21 21:36:58 2023,JavaCoreAttributeValueMap.html,genie-openj9
Tue Nov 21 21:36:58 2023,JavaCoreReader.html,genie-openj9
Tue Nov 21 21:36:58 2023,JavaCoreResourceReleaser.html,genie-openj9
Tue Nov 21 21:36:58 2023,ParserController.html,genie-openj9
Tue Nov 21 21:36:58 2023,SectionParser.html,genie-openj9
Tue Nov 21 21:36:58 2023,SectionParserGrammar.html,genie-openj9
Tue Nov 21 21:36:58 2023,SovereignParserPartManager.html,genie-openj9
Tue Nov 21 21:36:58 2023,SovereignSectionParserPart.html,genie-openj9
Tue Nov 21 21:36:58 2023,package-summary.html,genie-openj9
Tue Nov 21 21:36:58 2023,package-tree.html,genie-openj9
Tue Nov 21 21:36:58 2023,package-use.html,genie-openj9
Tue Nov 21 21:36:58 2023,RegisteredComponents.html,genie-openj9
Tue Nov 21 21:36:58 2023,RegisteredSections.html,genie-openj9
Tue Nov 21 21:36:58 2023,RegisteredComponents.html,genie-openj9
Tue Nov 21 21:36:58 2023,RegisteredSections.html,genie-openj9
Tue Nov 21 21:36:58 2023,package-summary.html,genie-openj9
Tue Nov 21 21:36:58 2023,package-tree.html,genie-openj9
Tue Nov 21 21:36:58 2023,package-use.html,genie-openj9
Tue Nov 21 21:36:58 2023,ClassLoaderLineRule.html,genie-openj9
Tue Nov 21 21:36:58 2023,ClassLoaderPatternMatchers.html,genie-openj9
Tue Nov 21 21:36:58 2023,ClassLoaderSectionParser.html,genie-openj9
Tue Nov 21 21:36:58 2023,ClassLoaderTagParser.html,genie-openj9
Tue Nov 21 21:36:58 2023,IClassLoaderTypes.html,genie-openj9
Tue Nov 21 21:36:58 2023,ClassLoaderLineRule.html,genie-openj9
Tue Nov 21 21:36:58 2023,ClassLoaderPatternMatchers.html,genie-openj9
Tue Nov 21 21:36:58 2023,ClassLoaderSectionParser.html,genie-openj9
Tue Nov 21 21:36:58 2023,ClassLoaderTagParser.html,genie-openj9
Tue Nov 21 21:36:58 2023,IClassLoaderTypes.html,genie-openj9
Tue Nov 21 21:36:58 2023,package-summary.html,genie-openj9
Tue Nov 21 21:36:58 2023,package-tree.html,genie-openj9
Tue Nov 21 21:36:58 2023,package-use.html,genie-openj9
Tue Nov 21 21:36:58 2023,CommonPatternMatchers.html,genie-openj9
Tue Nov 21 21:36:58 2023,CommonTagParser.html,genie-openj9
Tue Nov 21 21:36:58 2023,ICommonTypes.html,genie-openj9
Tue Nov 21 21:36:58 2023,PointerSizeLineRule.html,genie-openj9
Tue Nov 21 21:36:58 2023,CommonPatternMatchers.html,genie-openj9
Tue Nov 21 21:36:58 2023,CommonTagParser.html,genie-openj9
Tue Nov 21 21:36:58 2023,ICommonTypes.html,genie-openj9
Tue Nov 21 21:36:58 2023,PointerSizeLineRule.html,genie-openj9
Tue Nov 21 21:36:58 2023,package-summary.html,genie-openj9
Tue Nov 21 21:36:58 2023,package-tree.html,genie-openj9
Tue Nov 21 21:36:58 2023,package-use.html,genie-openj9
Tue Nov 21 21:36:58 2023,EnvironmentSectionParser.html,genie-openj9
Tue Nov 21 21:36:58 2023,EnvironmentTagParser.html,genie-openj9
Tue Nov 21 21:36:58 2023,IEnvironmentTypes.html,genie-openj9
Tue Nov 21 21:36:58 2023,EnvironmentSectionParser.html,genie-openj9
Tue Nov 21 21:36:58 2023,EnvironmentTagParser.html,genie-openj9
Tue Nov 21 21:36:58 2023,IEnvironmentTypes.html,genie-openj9
Tue Nov 21 21:36:58 2023,package-summary.html,genie-openj9
Tue Nov 21 21:36:58 2023,package-tree.html,genie-openj9
Tue Nov 21 21:36:58 2023,package-use.html,genie-openj9
Tue Nov 21 21:36:58 2023,IMemoryTypes.html,genie-openj9
Tue Nov 21 21:36:58 2023,MemorySectionParser.html,genie-openj9
Tue Nov 21 21:36:58 2023,MemoryTagParser.html,genie-openj9
Tue Nov 21 21:36:58 2023,IMemoryTypes.html,genie-openj9
Tue Nov 21 21:36:58 2023,MemorySectionParser.html,genie-openj9
Tue Nov 21 21:36:58 2023,MemoryTagParser.html,genie-openj9
Tue Nov 21 21:36:58 2023,package-summary.html,genie-openj9
Tue Nov 21 21:36:58 2023,package-tree.html,genie-openj9
Tue Nov 21 21:36:58 2023,package-use.html,genie-openj9
Tue Nov 21 21:36:58 2023,IMonitorTypes.html,genie-openj9
Tue Nov 21 21:36:58 2023,IMonitorTypesSov.html,genie-openj9
Tue Nov 21 21:36:58 2023,MonitorObjectLineRule.html,genie-openj9
Tue Nov 21 21:36:58 2023,MonitorPatternMatchers.html,genie-openj9
Tue Nov 21 21:36:58 2023,MonitorSectionParser.html,genie-openj9
Tue Nov 21 21:36:58 2023,MonitorSovSectionParserPart.html,genie-openj9
Tue Nov 21 21:36:58 2023,MonitorTagParser.html,genie-openj9
Tue Nov 21 21:36:58 2023,IMonitorTypes.html,genie-openj9
Tue Nov 21 21:36:58 2023,IMonitorTypesSov.html,genie-openj9
Tue Nov 21 21:36:58 2023,MonitorObjectLineRule.html,genie-openj9
Tue Nov 21 21:36:58 2023,MonitorPatternMatchers.html,genie-openj9
Tue Nov 21 21:36:58 2023,MonitorSectionParser.html,genie-openj9
Tue Nov 21 21:36:58 2023,MonitorSovSectionParserPart.html,genie-openj9
Tue Nov 21 21:36:58 2023,MonitorTagParser.html,genie-openj9
Tue Nov 21 21:36:58 2023,package-summary.html,genie-openj9
Tue Nov 21 21:36:58 2023,package-tree.html,genie-openj9
Tue Nov 21 21:36:58 2023,package-use.html,genie-openj9
Tue Nov 21 21:36:58 2023,INativeMemoryTypes.html,genie-openj9
Tue Nov 21 21:36:58 2023,NativeMemoryPatternMatchers.html,genie-openj9
Tue Nov 21 21:36:58 2023,NativeMemorySectionParser.html,genie-openj9
Tue Nov 21 21:36:58 2023,NativeMemoryTagParser.html,genie-openj9
Tue Nov 21 21:36:58 2023,INativeMemoryTypes.html,genie-openj9
Tue Nov 21 21:36:58 2023,NativeMemoryPatternMatchers.html,genie-openj9
Tue Nov 21 21:36:58 2023,NativeMemorySectionParser.html,genie-openj9
Tue Nov 21 21:36:58 2023,NativeMemoryTagParser.html,genie-openj9
Tue Nov 21 21:36:58 2023,package-summary.html,genie-openj9
Tue Nov 21 21:36:58 2023,package-tree.html,genie-openj9
Tue Nov 21 21:36:58 2023,package-use.html,genie-openj9
Tue Nov 21 21:36:58 2023,IPlatformTypes.html,genie-openj9
Tue Nov 21 21:36:58 2023,PlatformPatternMatchers.html,genie-openj9
Tue Nov 21 21:36:58 2023,PlatformSectionParser.html,genie-openj9
Tue Nov 21 21:36:58 2023,PlatformTagParser.html,genie-openj9
Tue Nov 21 21:36:58 2023,IPlatformTypes.html,genie-openj9
Tue Nov 21 21:36:58 2023,PlatformPatternMatchers.html,genie-openj9
Tue Nov 21 21:36:58 2023,PlatformSectionParser.html,genie-openj9
Tue Nov 21 21:36:58 2023,PlatformTagParser.html,genie-openj9
Tue Nov 21 21:36:58 2023,package-summary.html,genie-openj9
Tue Nov 21 21:36:58 2023,package-tree.html,genie-openj9
Tue Nov 21 21:36:58 2023,package-use.html,genie-openj9
Tue Nov 21 21:36:58 2023,IStackTypes.html,genie-openj9
Tue Nov 21 21:36:58 2023,StackSectionParser.html,genie-openj9
Tue Nov 21 21:36:58 2023,StackTagParser.html,genie-openj9
Tue Nov 21 21:36:58 2023,IStackTypes.html,genie-openj9
Tue Nov 21 21:36:58 2023,StackSectionParser.html,genie-openj9
Tue Nov 21 21:36:58 2023,StackTagParser.html,genie-openj9
Tue Nov 21 21:36:58 2023,package-summary.html,genie-openj9
Tue Nov 21 21:36:58 2023,package-tree.html,genie-openj9
Tue Nov 21 21:36:58 2023,package-use.html,genie-openj9
Tue Nov 21 21:36:58 2023,IThreadTypes.html,genie-openj9
Tue Nov 21 21:36:58 2023,IThreadTypesSov.html,genie-openj9
Tue Nov 21 21:36:58 2023,NativeStackTraceLineRule.html,genie-openj9
Tue Nov 21 21:36:58 2023,StackTraceLineRule.html,genie-openj9
Tue Nov 21 21:36:58 2023,ThreadInfoLineRule.html,genie-openj9
Tue Nov 21 21:36:58 2023,ThreadPatternMatchers.html,genie-openj9
Tue Nov 21 21:36:58 2023,ThreadSectionParser.html,genie-openj9
Tue Nov 21 21:36:58 2023,ThreadSovSectionParserPart.html,genie-openj9
Tue Nov 21 21:36:58 2023,ThreadTagParser.html,genie-openj9
Tue Nov 21 21:36:58 2023,IThreadTypes.html,genie-openj9
Tue Nov 21 21:36:58 2023,IThreadTypesSov.html,genie-openj9
Tue Nov 21 21:36:58 2023,NativeStackTraceLineRule.html,genie-openj9
Tue Nov 21 21:36:58 2023,StackTraceLineRule.html,genie-openj9
Tue Nov 21 21:36:58 2023,ThreadInfoLineRule.html,genie-openj9
Tue Nov 21 21:36:58 2023,ThreadPatternMatchers.html,genie-openj9
Tue Nov 21 21:36:58 2023,ThreadSectionParser.html,genie-openj9
Tue Nov 21 21:36:58 2023,ThreadSovSectionParserPart.html,genie-openj9
Tue Nov 21 21:36:58 2023,ThreadTagParser.html,genie-openj9
Tue Nov 21 21:36:58 2023,package-summary.html,genie-openj9
Tue Nov 21 21:36:58 2023,package-tree.html,genie-openj9
Tue Nov 21 21:36:58 2023,package-use.html,genie-openj9
Tue Nov 21 21:36:58 2023,ITitleTypes.html,genie-openj9
Tue Nov 21 21:36:58 2023,TitleSectionParser.html,genie-openj9
Tue Nov 21 21:36:58 2023,TitleTagParser.html,genie-openj9
Tue Nov 21 21:36:58 2023,ITitleTypes.html,genie-openj9
Tue Nov 21 21:36:58 2023,TitleSectionParser.html,genie-openj9
Tue Nov 21 21:36:58 2023,TitleTagParser.html,genie-openj9
Tue Nov 21 21:36:58 2023,package-summary.html,genie-openj9
Tue Nov 21 21:36:58 2023,package-tree.html,genie-openj9
Tue Nov 21 21:36:58 2023,package-use.html,genie-openj9
Tue Nov 21 21:36:58 2023,PHDCorruptData.html,genie-openj9
Tue Nov 21 21:36:58 2023,PHDCorruptImageModule.html,genie-openj9
Tue Nov 21 21:36:58 2023,PHDCorruptImageStackFrame.html,genie-openj9
Tue Nov 21 21:36:58 2023,PHDCorruptImageThread.html,genie-openj9
Tue Nov 21 21:36:58 2023,PHDCorruptJavaLocation.html,genie-openj9
Tue Nov 21 21:36:58 2023,PHDCorruptJavaMonitor.html,genie-openj9
Tue Nov 21 21:36:58 2023,PHDCorruptJavaStackFrame.html,genie-openj9
Tue Nov 21 21:36:58 2023,PHDCorruptJavaThread.html,genie-openj9
Tue Nov 21 21:36:58 2023,PHDImage.html,genie-openj9
Tue Nov 21 21:36:58 2023,PHDImageFactory.html,genie-openj9
Tue Nov 21 21:36:58 2023,PHDImageModule.html,genie-openj9
Tue Nov 21 21:36:58 2023,PHDImageStackFrame.html,genie-openj9
Tue Nov 21 21:36:58 2023,PHDImageThread.html,genie-openj9
Tue Nov 21 21:36:58 2023,PHDJavaLocation.html,genie-openj9
Tue Nov 21 21:36:58 2023,PHDJavaMethod.html,genie-openj9
Tue Nov 21 21:36:58 2023,PHDJavaMonitor.html,genie-openj9
Tue Nov 21 21:36:58 2023,PHDJavaObject.Builder.html,genie-openj9
Tue Nov 21 21:36:58 2023,PHDJavaObject.html,genie-openj9
Tue Nov 21 21:36:58 2023,PHDJavaStackFrame.html,genie-openj9
Tue Nov 21 21:36:58 2023,PHDJavaThread.html,genie-openj9
Tue Nov 21 21:36:58 2023,PHDCorruptData.html,genie-openj9
Tue Nov 21 21:36:58 2023,PHDCorruptImageModule.html,genie-openj9
Tue Nov 21 21:36:58 2023,PHDCorruptImageStackFrame.html,genie-openj9
Tue Nov 21 21:36:58 2023,PHDCorruptImageThread.html,genie-openj9
Tue Nov 21 21:36:58 2023,PHDCorruptJavaLocation.html,genie-openj9
Tue Nov 21 21:36:58 2023,PHDCorruptJavaMonitor.html,genie-openj9
Tue Nov 21 21:36:58 2023,PHDCorruptJavaStackFrame.html,genie-openj9
Tue Nov 21 21:36:58 2023,PHDCorruptJavaThread.html,genie-openj9
Tue Nov 21 21:36:58 2023,PHDImage.html,genie-openj9
Tue Nov 21 21:36:58 2023,PHDImageFactory.html,genie-openj9
Tue Nov 21 21:36:58 2023,PHDImageModule.html,genie-openj9
Tue Nov 21 21:36:58 2023,PHDImageStackFrame.html,genie-openj9
Tue Nov 21 21:36:58 2023,PHDImageThread.html,genie-openj9
Tue Nov 21 21:36:58 2023,PHDJavaLocation.html,genie-openj9
Tue Nov 21 21:36:58 2023,PHDJavaMethod.html,genie-openj9
Tue Nov 21 21:36:58 2023,PHDJavaMonitor.html,genie-openj9
Tue Nov 21 21:36:58 2023,PHDJavaObject.Builder.html,genie-openj9
Tue Nov 21 21:36:58 2023,PHDJavaObject.html,genie-openj9
Tue Nov 21 21:36:58 2023,PHDJavaStackFrame.html,genie-openj9
Tue Nov 21 21:36:58 2023,PHDJavaThread.html,genie-openj9
Tue Nov 21 21:36:58 2023,package-summary.html,genie-openj9
Tue Nov 21 21:36:58 2023,package-tree.html,genie-openj9
Tue Nov 21 21:36:58 2023,package-use.html,genie-openj9
Tue Nov 21 21:36:58 2023,Base.html,genie-openj9
Tue Nov 21 21:36:58 2023,HeapdumpReader.html,genie-openj9
Tue Nov 21 21:36:58 2023,HeapdumpWriter.html,genie-openj9
Tue Nov 21 21:36:58 2023,PortableHeapDumpListener.html,genie-openj9
Tue Nov 21 21:36:58 2023,PrintHeapdump.html,genie-openj9
Tue Nov 21 21:36:58 2023,Base.html,genie-openj9
Tue Nov 21 21:36:58 2023,HeapdumpReader.html,genie-openj9
Tue Nov 21 21:36:58 2023,HeapdumpWriter.html,genie-openj9
Tue Nov 21 21:36:58 2023,PortableHeapDumpListener.html,genie-openj9
Tue Nov 21 21:36:58 2023,PrintHeapdump.html,genie-openj9
Tue Nov 21 21:36:58 2023,package-summary.html,genie-openj9
Tue Nov 21 21:36:58 2023,package-tree.html,genie-openj9
Tue Nov 21 21:36:58 2023,package-use.html,genie-openj9
Tue Nov 21 21:36:58 2023,BitStream.html,genie-openj9
Tue Nov 21 21:36:58 2023,BufferedNumberStream.html,genie-openj9
Tue Nov 21 21:36:58 2023,LongArray.html,genie-openj9
Tue Nov 21 21:36:58 2023,LongEnumeration.html,genie-openj9
Tue Nov 21 21:36:58 2023,NumberStream.html,genie-openj9
Tue Nov 21 21:36:58 2023,PrimitiveArray.html,genie-openj9
Tue Nov 21 21:36:58 2023,SortListener.html,genie-openj9
Tue Nov 21 21:36:58 2023,SortedNumberStream.html,genie-openj9
Tue Nov 21 21:36:58 2023,BitStream.html,genie-openj9
Tue Nov 21 21:36:58 2023,BufferedNumberStream.html,genie-openj9
Tue Nov 21 21:36:58 2023,LongArray.html,genie-openj9
Tue Nov 21 21:36:58 2023,LongEnumeration.html,genie-openj9
Tue Nov 21 21:36:58 2023,NumberStream.html,genie-openj9
Tue Nov 21 21:36:58 2023,PrimitiveArray.html,genie-openj9
Tue Nov 21 21:36:58 2023,SortListener.html,genie-openj9
Tue Nov 21 21:36:58 2023,SortedNumberStream.html,genie-openj9
Tue Nov 21 21:36:58 2023,package-summary.html,genie-openj9
Tue Nov 21 21:36:58 2023,package-tree.html,genie-openj9
Tue Nov 21 21:36:58 2023,package-use.html,genie-openj9
Tue Nov 21 21:36:58 2023,ManagedRuntime.html,genie-openj9
Tue Nov 21 21:36:58 2023,ManagedRuntime.html,genie-openj9
Tue Nov 21 21:36:58 2023,package-summary.html,genie-openj9
Tue Nov 21 21:36:58 2023,package-tree.html,genie-openj9
Tue Nov 21 21:36:58 2023,package-use.html,genie-openj9
Tue Nov 21 21:36:58 2023,ManagedImage.html,genie-openj9
Tue Nov 21 21:36:58 2023,ManagedImage.html,genie-openj9
Tue Nov 21 21:36:58 2023,CompressedFileManager.html,genie-openj9
Tue Nov 21 21:36:58 2023,FileManager.html,genie-openj9
Tue Nov 21 21:36:58 2023,FileSniffer.CoreFormatType.html,genie-openj9
Tue Nov 21 21:36:58 2023,FileSniffer.html,genie-openj9
Tue Nov 21 21:36:58 2023,GZipFileManager.html,genie-openj9
Tue Nov 21 21:36:58 2023,ImageSourceType.html,genie-openj9
Tue Nov 21 21:36:58 2023,J9FileImageInputStream.html,genie-openj9
Tue Nov 21 21:36:58 2023,ManagedImageSource.html,genie-openj9
Tue Nov 21 21:36:58 2023,MultipleCandidateException.html,genie-openj9
Tue Nov 21 21:36:58 2023,SimpleFileManager.html,genie-openj9
Tue Nov 21 21:36:58 2023,UnzipFailedException.html,genie-openj9
Tue Nov 21 21:36:58 2023,ZipFileManager.html,genie-openj9
Tue Nov 21 21:36:58 2023,ZipMemoryCacheImageInputStream.html,genie-openj9
Tue Nov 21 21:36:58 2023,CompressedFileManager.html,genie-openj9
Tue Nov 21 21:36:58 2023,FileManager.html,genie-openj9
Tue Nov 21 21:36:58 2023,FileSniffer.CoreFormatType.html,genie-openj9
Tue Nov 21 21:36:58 2023,FileSniffer.html,genie-openj9
Tue Nov 21 21:36:58 2023,GZipFileManager.html,genie-openj9
Tue Nov 21 21:36:58 2023,ImageSourceType.html,genie-openj9
Tue Nov 21 21:36:58 2023,J9FileImageInputStream.html,genie-openj9
Tue Nov 21 21:36:58 2023,ManagedImageSource.html,genie-openj9
Tue Nov 21 21:36:58 2023,MultipleCandidateException.html,genie-openj9
Tue Nov 21 21:36:58 2023,SimpleFileManager.html,genie-openj9
Tue Nov 21 21:36:58 2023,UnzipFailedException.html,genie-openj9
Tue Nov 21 21:36:58 2023,ZipFileManager.html,genie-openj9
Tue Nov 21 21:36:58 2023,ZipMemoryCacheImageInputStream.html,genie-openj9
Tue Nov 21 21:36:58 2023,package-summary.html,genie-openj9
Tue Nov 21 21:36:58 2023,package-tree.html,genie-openj9
Tue Nov 21 21:36:58 2023,package-use.html,genie-openj9
Tue Nov 21 21:36:58 2023,package-summary.html,genie-openj9
Tue Nov 21 21:36:58 2023,package-tree.html,genie-openj9
Tue Nov 21 21:36:58 2023,package-use.html,genie-openj9
Tue Nov 21 21:36:58 2023,AddressedCorruptDataException.html,genie-openj9
Tue Nov 21 21:36:58 2023,BytecodeGenerator.html,genie-openj9
Tue Nov 21 21:36:58 2023,CTypeParser.html,genie-openj9
Tue Nov 21 21:36:58 2023,CorruptDataException.html,genie-openj9
Tue Nov 21 21:36:58 2023,DDRSymbolFinder.html,genie-openj9
Tue Nov 21 21:36:58 2023,DataUnavailableException.html,genie-openj9
Tue Nov 21 21:36:58 2023,GeneratedFieldAccessor.html,genie-openj9
Tue Nov 21 21:36:58 2023,GeneratedPointerClass.html,genie-openj9
Tue Nov 21 21:36:58 2023,IBootstrapRunnable.html,genie-openj9
Tue Nov 21 21:36:58 2023,IVMData.html,genie-openj9
Tue Nov 21 21:36:58 2023,InvalidDataTypeException.html,genie-openj9
Tue Nov 21 21:36:58 2023,J9DDRClassLoader.html,genie-openj9
Tue Nov 21 21:36:58 2023,NoSuchFieldException.html,genie-openj9
Tue Nov 21 21:36:58 2023,NullPointerDereference.html,genie-openj9
Tue Nov 21 21:36:58 2023,StructureHeader.BlobID.html,genie-openj9
Tue Nov 21 21:36:58 2023,StructureHeader.html,genie-openj9
Tue Nov 21 21:36:58 2023,StructureReader.ConstantDescriptor.html,genie-openj9
Tue Nov 21 21:36:58 2023,StructureReader.FieldDescriptor.html,genie-openj9
Tue Nov 21 21:36:58 2023,StructureReader.PackageNameType.html,genie-openj9
Tue Nov 21 21:36:58 2023,StructureReader.StructureDescriptor.html,genie-openj9
Tue Nov 21 21:36:58 2023,StructureReader.html,genie-openj9
Tue Nov 21 21:36:58 2023,StructureTypeManager.html,genie-openj9
Tue Nov 21 21:36:58 2023,VMDataFactory.html,genie-openj9
Tue Nov 21 21:36:58 2023,BlobFactory.html,genie-openj9
Tue Nov 21 21:36:58 2023,IBlobFactory.Platforms.html,genie-openj9
Tue Nov 21 21:36:58 2023,IBlobFactory.html,genie-openj9
Tue Nov 21 21:36:58 2023,BlobFactory.html,genie-openj9
Tue Nov 21 21:36:58 2023,IBlobFactory.Platforms.html,genie-openj9
Tue Nov 21 21:36:58 2023,IBlobFactory.html,genie-openj9
Tue Nov 21 21:36:58 2023,package-summary.html,genie-openj9
Tue Nov 21 21:36:58 2023,package-tree.html,genie-openj9
Tue Nov 21 21:36:58 2023,package-use.html,genie-openj9
Tue Nov 21 21:36:58 2023,AddressedCorruptDataException.html,genie-openj9
Tue Nov 21 21:36:58 2023,BytecodeGenerator.html,genie-openj9
Tue Nov 21 21:36:58 2023,CTypeParser.html,genie-openj9
Tue Nov 21 21:36:58 2023,CorruptDataException.html,genie-openj9
Tue Nov 21 21:36:58 2023,DDRSymbolFinder.html,genie-openj9
Tue Nov 21 21:36:58 2023,DataUnavailableException.html,genie-openj9
Tue Nov 21 21:36:58 2023,GeneratedFieldAccessor.html,genie-openj9
Tue Nov 21 21:36:58 2023,GeneratedPointerClass.html,genie-openj9
Tue Nov 21 21:36:58 2023,IBootstrapRunnable.html,genie-openj9
Tue Nov 21 21:36:58 2023,IVMData.html,genie-openj9
Tue Nov 21 21:36:58 2023,InvalidDataTypeException.html,genie-openj9
Tue Nov 21 21:36:58 2023,J9DDRClassLoader.html,genie-openj9
Tue Nov 21 21:36:58 2023,NoSuchFieldException.html,genie-openj9
Tue Nov 21 21:36:58 2023,NullPointerDereference.html,genie-openj9
Tue Nov 21 21:36:58 2023,StructureHeader.BlobID.html,genie-openj9
Tue Nov 21 21:36:58 2023,StructureHeader.html,genie-openj9
Tue Nov 21 21:36:58 2023,StructureReader.ConstantDescriptor.html,genie-openj9
Tue Nov 21 21:36:58 2023,StructureReader.FieldDescriptor.html,genie-openj9
Tue Nov 21 21:36:58 2023,StructureReader.PackageNameType.html,genie-openj9
Tue Nov 21 21:36:58 2023,StructureReader.StructureDescriptor.html,genie-openj9
Tue Nov 21 21:36:58 2023,StructureReader.html,genie-openj9
Tue Nov 21 21:36:58 2023,StructureTypeManager.html,genie-openj9
Tue Nov 21 21:36:58 2023,VMDataFactory.html,genie-openj9
Tue Nov 21 21:36:58 2023,CommandParser.html,genie-openj9
Tue Nov 21 21:36:58 2023,CommandReader.html,genie-openj9
Tue Nov 21 21:36:58 2023,ConsoleCommandReader.html,genie-openj9
Tue Nov 21 21:36:58 2023,ExitException.html,genie-openj9
Tue Nov 21 21:36:58 2023,CommandParser.html,genie-openj9
Tue Nov 21 21:36:58 2023,CommandReader.html,genie-openj9
Tue Nov 21 21:36:58 2023,ConsoleCommandReader.html,genie-openj9
Tue Nov 21 21:36:58 2023,ExitException.html,genie-openj9
Tue Nov 21 21:36:58 2023,package-summary.html,genie-openj9
Tue Nov 21 21:36:58 2023,package-tree.html,genie-openj9
Tue Nov 21 21:36:58 2023,package-use.html,genie-openj9
Tue Nov 21 21:36:58 2023,AbstractCoreReader.html,genie-openj9
Tue Nov 21 21:36:58 2023,ClosingFileReader.html,genie-openj9
Tue Nov 21 21:36:58 2023,CoreReader.html,genie-openj9
Tue Nov 21 21:36:58 2023,CorruptCoreException.html,genie-openj9
Tue Nov 21 21:36:58 2023,DumpException.html,genie-openj9
Tue Nov 21 21:36:58 2023,ICore.html,genie-openj9
Tue Nov 21 21:36:58 2023,ICoreFileReader.DumpTestResult.html,genie-openj9
Tue Nov 21 21:36:58 2023,ICoreFileReader.html,genie-openj9
Tue Nov 21 21:36:58 2023,ILibraryDependentCore.html,genie-openj9
Tue Nov 21 21:36:58 2023,ILibraryResolver.html,genie-openj9
Tue Nov 21 21:36:58 2023,IModuleFile.html,genie-openj9
Tue Nov 21 21:36:58 2023,InvalidDumpFormatException.html,genie-openj9
Tue Nov 21 21:36:58 2023,LibraryDataSource.Source.html,genie-openj9
Tue Nov 21 21:36:58 2023,LibraryDataSource.html,genie-openj9
Tue Nov 21 21:36:58 2023,LibraryResolverFactory.html,genie-openj9
Tue Nov 21 21:36:58 2023,Platform.html,genie-openj9
Tue Nov 21 21:36:58 2023,ZipFileResolver.html,genie-openj9
Tue Nov 21 21:36:58 2023,AIXDumpReader.html,genie-openj9
Tue Nov 21 21:36:58 2023,AIXDumpReaderFactory.html,genie-openj9
Tue Nov 21 21:36:58 2023,ARReader.html,genie-openj9
Tue Nov 21 21:36:58 2023,BaseAIXOSThread.html,genie-openj9
Tue Nov 21 21:36:58 2023,XCOFFReader.html,genie-openj9
Tue Nov 21 21:36:58 2023,AIXDumpReader.html,genie-openj9
Tue Nov 21 21:36:58 2023,AIXDumpReaderFactory.html,genie-openj9
Tue Nov 21 21:36:58 2023,ARReader.html,genie-openj9
Tue Nov 21 21:36:58 2023,BaseAIXOSThread.html,genie-openj9
Tue Nov 21 21:36:58 2023,XCOFFReader.html,genie-openj9
Tue Nov 21 21:36:58 2023,package-summary.html,genie-openj9
Tue Nov 21 21:36:58 2023,package-tree.html,genie-openj9
Tue Nov 21 21:36:58 2023,package-use.html,genie-openj9
Tue Nov 21 21:36:58 2023,AbstractCoreReader.html,genie-openj9
Tue Nov 21 21:36:58 2023,ClosingFileReader.html,genie-openj9
Tue Nov 21 21:36:58 2023,CoreReader.html,genie-openj9
Tue Nov 21 21:36:58 2023,CorruptCoreException.html,genie-openj9
Tue Nov 21 21:36:58 2023,DumpException.html,genie-openj9
Tue Nov 21 21:36:58 2023,ICore.html,genie-openj9
Tue Nov 21 21:36:58 2023,ICoreFileReader.DumpTestResult.html,genie-openj9
Tue Nov 21 21:36:58 2023,ICoreFileReader.html,genie-openj9
Tue Nov 21 21:36:58 2023,ILibraryDependentCore.html,genie-openj9
Tue Nov 21 21:36:58 2023,ILibraryResolver.html,genie-openj9
Tue Nov 21 21:36:58 2023,IModuleFile.html,genie-openj9
Tue Nov 21 21:36:58 2023,InvalidDumpFormatException.html,genie-openj9
Tue Nov 21 21:36:58 2023,LibraryDataSource.Source.html,genie-openj9
Tue Nov 21 21:36:58 2023,LibraryDataSource.html,genie-openj9
Tue Nov 21 21:36:58 2023,LibraryResolverFactory.html,genie-openj9
Tue Nov 21 21:36:58 2023,Platform.html,genie-openj9
Tue Nov 21 21:36:58 2023,ZipFileResolver.html,genie-openj9
Tue Nov 21 21:36:58 2023,ELF32FileReader.html,genie-openj9
Tue Nov 21 21:36:58 2023,ELF64FileReader.html,genie-openj9
Tue Nov 21 21:36:58 2023,ELFAArch64DumpReader.html,genie-openj9
Tue Nov 21 21:36:58 2023,ELFAMD64DumpReader.html,genie-openj9
Tue Nov 21 21:36:58 2023,ELFARM32DumpReader.html,genie-openj9
Tue Nov 21 21:36:58 2023,ELFDumpReader.LinuxThread.html,genie-openj9
Tue Nov 21 21:36:58 2023,ELFDumpReader.RegisterComparator.html,genie-openj9
Tue Nov 21 21:36:58 2023,ELFDumpReader.html,genie-openj9
Tue Nov 21 21:36:58 2023,ELFDumpReaderFactory.html,genie-openj9
Tue Nov 21 21:36:58 2023,ELFFileReader.html,genie-openj9
Tue Nov 21 21:36:58 2023,ELFIA32DumpReader.html,genie-openj9
Tue Nov 21 21:36:58 2023,ELFMemorySource.html,genie-openj9
Tue Nov 21 21:36:58 2023,ELFPPC32DumpReader.html,genie-openj9
Tue Nov 21 21:36:58 2023,ELFPPC64DumpReader.html,genie-openj9
Tue Nov 21 21:36:58 2023,ELFRISCV64DumpReader.html,genie-openj9
Tue Nov 21 21:36:58 2023,ELFS39031DumpReader.html,genie-openj9
Tue Nov 21 21:36:58 2023,ELFS39064DumpReader.html,genie-openj9
Tue Nov 21 21:36:58 2023,LinuxProcessAddressSpace.html,genie-openj9
Tue Nov 21 21:36:58 2023,ProgramHeaderEntry.html,genie-openj9
Tue Nov 21 21:36:58 2023,ELF32FileReader.html,genie-openj9
Tue Nov 21 21:36:58 2023,ELF64FileReader.html,genie-openj9
Tue Nov 21 21:36:58 2023,ELFAArch64DumpReader.html,genie-openj9
Tue Nov 21 21:36:58 2023,ELFAMD64DumpReader.html,genie-openj9
Tue Nov 21 21:36:58 2023,ELFARM32DumpReader.html,genie-openj9
Tue Nov 21 21:36:58 2023,ELFDumpReader.LinuxThread.html,genie-openj9
Tue Nov 21 21:36:58 2023,ELFDumpReader.RegisterComparator.html,genie-openj9
Tue Nov 21 21:36:58 2023,ELFDumpReader.html,genie-openj9
Tue Nov 21 21:36:58 2023,ELFDumpReaderFactory.html,genie-openj9
Tue Nov 21 21:36:58 2023,ELFFileReader.html,genie-openj9
Tue Nov 21 21:36:58 2023,ELFIA32DumpReader.html,genie-openj9
Tue Nov 21 21:36:58 2023,ELFMemorySource.html,genie-openj9
Tue Nov 21 21:36:58 2023,ELFPPC32DumpReader.html,genie-openj9
Tue Nov 21 21:36:58 2023,ELFPPC64DumpReader.html,genie-openj9
Tue Nov 21 21:36:58 2023,ELFRISCV64DumpReader.html,genie-openj9
Tue Nov 21 21:36:58 2023,ELFS39031DumpReader.html,genie-openj9
Tue Nov 21 21:36:58 2023,ELFS39064DumpReader.html,genie-openj9
Tue Nov 21 21:36:58 2023,LinuxProcessAddressSpace.html,genie-openj9
Tue Nov 21 21:36:58 2023,ProgramHeaderEntry.html,genie-openj9
Tue Nov 21 21:36:58 2023,package-summary.html,genie-openj9
Tue Nov 21 21:36:58 2023,package-tree.html,genie-openj9
Tue Nov 21 21:36:58 2023,package-use.html,genie-openj9
Tue Nov 21 21:36:58 2023,FDE.html,genie-openj9
Tue Nov 21 21:36:58 2023,Unwind.DW_EH_PE.html,genie-openj9
Tue Nov 21 21:36:58 2023,Unwind.html,genie-openj9
Tue Nov 21 21:36:58 2023,UnwindTable.html,genie-openj9
Tue Nov 21 21:36:58 2023,FDE.html,genie-openj9
Tue Nov 21 21:36:58 2023,Unwind.DW_EH_PE.html,genie-openj9
Tue Nov 21 21:36:58 2023,Unwind.html,genie-openj9
Tue Nov 21 21:36:58 2023,UnwindTable.html,genie-openj9
Tue Nov 21 21:36:58 2023,package-summary.html,genie-openj9
Tue Nov 21 21:36:58 2023,package-tree.html,genie-openj9
Tue Nov 21 21:36:58 2023,package-use.html,genie-openj9
Tue Nov 21 21:36:58 2023,BuildVersionCommand.BuildToolVersion.html,genie-openj9
Tue Nov 21 21:36:58 2023,BuildVersionCommand.Version.html,genie-openj9
Tue Nov 21 21:36:58 2023,BuildVersionCommand.html,genie-openj9
Tue Nov 21 21:36:58 2023,DSymtabCommand.html,genie-openj9
Tue Nov 21 21:36:58 2023,DyldInfoCommand.html,genie-openj9
Tue Nov 21 21:36:58 2023,DylibCommand.Dylib.html,genie-openj9
Tue Nov 21 21:36:58 2023,DylibCommand.html,genie-openj9
Tue Nov 21 21:36:58 2023,DylinkerCommand.html,genie-openj9
Tue Nov 21 21:36:58 2023,EncryptionCommand64.html,genie-openj9
Tue Nov 21 21:36:58 2023,EntryPointCommand.html,genie-openj9
Tue Nov 21 21:36:58 2023,LinkeditDataCommand.html,genie-openj9
Tue Nov 21 21:36:58 2023,LinkerOptionCommand.html,genie-openj9
Tue Nov 21 21:36:58 2023,LoadCommand.LoadCommandString.html,genie-openj9
Tue Nov 21 21:36:58 2023,LoadCommand.html,genie-openj9
Tue Nov 21 21:36:58 2023,MachoDumpReader.MachFile64.html,genie-openj9
Tue Nov 21 21:36:58 2023,MachoDumpReader.MachHeader64.html,genie-openj9
Tue Nov 21 21:36:58 2023,MachoDumpReader.OSXAArch64Thread.html,genie-openj9
Tue Nov 21 21:36:58 2023,MachoDumpReader.OSXAMD64Thread.html,genie-openj9
Tue Nov 21 21:36:58 2023,MachoDumpReader.OSXThread.html,genie-openj9
Tue Nov 21 21:36:58 2023,MachoDumpReader.html,genie-openj9
Tue Nov 21 21:36:58 2023,MachoDumpReaderFactory.html,genie-openj9
Tue Nov 21 21:36:58 2023,NoteCommand.html,genie-openj9
Tue Nov 21 21:36:58 2023,OSXProcessAddressSpace.html,genie-openj9
Tue Nov 21 21:36:58 2023,PrebindChecksumCommand.html,genie-openj9
Tue Nov 21 21:36:58 2023,PreboundDylibCommand.html,genie-openj9
Tue Nov 21 21:36:58 2023,RoutinesCommand64.html,genie-openj9
Tue Nov 21 21:36:58 2023,RpathCommand.html,genie-openj9
Tue Nov 21 21:36:58 2023,SegmentCommand64.Section64.html,genie-openj9
Tue Nov 21 21:36:58 2023,SegmentCommand64.html,genie-openj9
Tue Nov 21 21:36:58 2023,SourceVersionCommand.html,genie-openj9
Tue Nov 21 21:36:58 2023,SubCommand.html,genie-openj9
Tue Nov 21 21:36:58 2023,SymtabCommand.SymtabEntry64.html,genie-openj9
Tue Nov 21 21:36:58 2023,SymtabCommand.html,genie-openj9
Tue Nov 21 21:36:58 2023,ThreadCommand.OSXAArch64ThreadState.html,genie-openj9
Tue Nov 21 21:36:58 2023,ThreadCommand.OSXAMD64ThreadState.html,genie-openj9
Tue Nov 21 21:36:58 2023,ThreadCommand.ThreadState.html,genie-openj9
Tue Nov 21 21:36:58 2023,ThreadCommand.html,genie-openj9
Tue Nov 21 21:36:58 2023,TwoLevelHintsCommand.html,genie-openj9
Tue Nov 21 21:36:58 2023,UuidCommand.html,genie-openj9
Tue Nov 21 21:36:58 2023,VersionMinCommand.html,genie-openj9
Tue Nov 21 21:36:58 2023,BuildVersionCommand.BuildToolVersion.html,genie-openj9
Tue Nov 21 21:36:58 2023,BuildVersionCommand.Version.html,genie-openj9
Tue Nov 21 21:36:58 2023,BuildVersionCommand.html,genie-openj9
Tue Nov 21 21:36:58 2023,DSymtabCommand.html,genie-openj9
Tue Nov 21 21:36:58 2023,DyldInfoCommand.html,genie-openj9
Tue Nov 21 21:36:58 2023,DylibCommand.Dylib.html,genie-openj9
Tue Nov 21 21:36:58 2023,DylibCommand.html,genie-openj9
Tue Nov 21 21:36:58 2023,DylinkerCommand.html,genie-openj9
Tue Nov 21 21:36:58 2023,EncryptionCommand64.html,genie-openj9
Tue Nov 21 21:36:58 2023,EntryPointCommand.html,genie-openj9
Tue Nov 21 21:36:58 2023,LinkeditDataCommand.html,genie-openj9
Tue Nov 21 21:36:58 2023,LinkerOptionCommand.html,genie-openj9
Tue Nov 21 21:36:58 2023,LoadCommand.LoadCommandString.html,genie-openj9
Tue Nov 21 21:36:58 2023,LoadCommand.html,genie-openj9
Tue Nov 21 21:36:58 2023,MachoDumpReader.MachFile64.html,genie-openj9
Tue Nov 21 21:36:58 2023,MachoDumpReader.MachHeader64.html,genie-openj9
Tue Nov 21 21:36:58 2023,MachoDumpReader.OSXAArch64Thread.html,genie-openj9
Tue Nov 21 21:36:58 2023,MachoDumpReader.OSXAMD64Thread.html,genie-openj9
Tue Nov 21 21:36:58 2023,MachoDumpReader.OSXThread.html,genie-openj9
Tue Nov 21 21:36:58 2023,MachoDumpReader.html,genie-openj9
Tue Nov 21 21:36:58 2023,MachoDumpReaderFactory.html,genie-openj9
Tue Nov 21 21:36:58 2023,NoteCommand.html,genie-openj9
Tue Nov 21 21:36:58 2023,OSXProcessAddressSpace.html,genie-openj9
Tue Nov 21 21:36:58 2023,PrebindChecksumCommand.html,genie-openj9
Tue Nov 21 21:36:58 2023,PreboundDylibCommand.html,genie-openj9
Tue Nov 21 21:36:58 2023,RoutinesCommand64.html,genie-openj9
Tue Nov 21 21:36:58 2023,RpathCommand.html,genie-openj9
Tue Nov 21 21:36:58 2023,SegmentCommand64.Section64.html,genie-openj9
Tue Nov 21 21:36:58 2023,SegmentCommand64.html,genie-openj9
Tue Nov 21 21:36:58 2023,SourceVersionCommand.html,genie-openj9
Tue Nov 21 21:36:58 2023,SubCommand.html,genie-openj9
Tue Nov 21 21:36:58 2023,SymtabCommand.SymtabEntry64.html,genie-openj9
Tue Nov 21 21:36:58 2023,SymtabCommand.html,genie-openj9
Tue Nov 21 21:36:58 2023,ThreadCommand.OSXAArch64ThreadState.html,genie-openj9
Tue Nov 21 21:36:58 2023,ThreadCommand.OSXAMD64ThreadState.html,genie-openj9
Tue Nov 21 21:36:58 2023,ThreadCommand.ThreadState.html,genie-openj9
Tue Nov 21 21:36:58 2023,ThreadCommand.html,genie-openj9
Tue Nov 21 21:36:58 2023,TwoLevelHintsCommand.html,genie-openj9
Tue Nov 21 21:36:58 2023,UuidCommand.html,genie-openj9
Tue Nov 21 21:36:58 2023,VersionMinCommand.html,genie-openj9
Tue Nov 21 21:36:58 2023,package-summary.html,genie-openj9
Tue Nov 21 21:36:58 2023,package-tree.html,genie-openj9
Tue Nov 21 21:36:58 2023,package-use.html,genie-openj9
Tue Nov 21 21:36:58 2023,AbstractMemory.html,genie-openj9
Tue Nov 21 21:36:58 2023,Addresses.html,genie-openj9
Tue Nov 21 21:36:58 2023,BaseMemoryRange.html,genie-openj9
Tue Nov 21 21:36:58 2023,BaseModule.html,genie-openj9
Tue Nov 21 21:36:58 2023,BufferedMemory.html,genie-openj9
Tue Nov 21 21:36:58 2023,BufferedMemorySource.html,genie-openj9
Tue Nov 21 21:36:58 2023,DetailedDumpMemorySource.html,genie-openj9
Tue Nov 21 21:36:58 2023,DumpMemorySource.html,genie-openj9
Tue Nov 21 21:36:58 2023,EnvironmentUtils.html,genie-openj9
Tue Nov 21 21:36:58 2023,IAddressSpace.html,genie-openj9
Tue Nov 21 21:36:58 2023,IDetailedMemoryRange.html,genie-openj9
Tue Nov 21 21:36:58 2023,IMemory.html,genie-openj9
Tue Nov 21 21:36:58 2023,IMemoryImageInputStream.html,genie-openj9
Tue Nov 21 21:36:58 2023,IMemoryRange.html,genie-openj9
Tue Nov 21 21:36:58 2023,IMemorySource.html,genie-openj9
Tue Nov 21 21:36:58 2023,IModule.html,genie-openj9
Tue Nov 21 21:36:58 2023,INamedMemoryRange.html,genie-openj9
Tue Nov 21 21:36:58 2023,IProcess.html,genie-openj9
Tue Nov 21 21:36:58 2023,ISymbol.html,genie-openj9
Tue Nov 21 21:36:58 2023,MemoryFault.html,genie-openj9
Tue Nov 21 21:36:58 2023,MemoryRange.html,genie-openj9
Tue Nov 21 21:36:58 2023,MemorySourceTable.html,genie-openj9
Tue Nov 21 21:36:58 2023,MissingFileModule.html,genie-openj9
Tue Nov 21 21:36:58 2023,Module.html,genie-openj9
Tue Nov 21 21:36:58 2023,ProcessAddressSpace.html,genie-openj9
Tue Nov 21 21:36:58 2023,ProtectedMemoryRange.html,genie-openj9
Tue Nov 21 21:36:58 2023,SearchableMemory.html,genie-openj9
Tue Nov 21 21:36:58 2023,Symbol.html,genie-openj9
Tue Nov 21 21:36:58 2023,SymbolUtil.html,genie-openj9
Tue Nov 21 21:36:58 2023,UnbackedMemorySource.html,genie-openj9
Tue Nov 21 21:36:58 2023,AbstractMemory.html,genie-openj9
Tue Nov 21 21:36:58 2023,Addresses.html,genie-openj9
Tue Nov 21 21:36:58 2023,BaseMemoryRange.html,genie-openj9
Tue Nov 21 21:36:58 2023,BaseModule.html,genie-openj9
Tue Nov 21 21:36:58 2023,BufferedMemory.html,genie-openj9
Tue Nov 21 21:36:58 2023,BufferedMemorySource.html,genie-openj9
Tue Nov 21 21:36:58 2023,DetailedDumpMemorySource.html,genie-openj9
Tue Nov 21 21:36:58 2023,DumpMemorySource.html,genie-openj9
Tue Nov 21 21:36:58 2023,EnvironmentUtils.html,genie-openj9
Tue Nov 21 21:36:58 2023,IAddressSpace.html,genie-openj9
Tue Nov 21 21:36:58 2023,IDetailedMemoryRange.html,genie-openj9
Tue Nov 21 21:36:58 2023,IMemory.html,genie-openj9
Tue Nov 21 21:36:58 2023,IMemoryImageInputStream.html,genie-openj9
Tue Nov 21 21:36:58 2023,IMemoryRange.html,genie-openj9
Tue Nov 21 21:36:58 2023,IMemorySource.html,genie-openj9
Tue Nov 21 21:36:58 2023,IModule.html,genie-openj9
Tue Nov 21 21:36:58 2023,INamedMemoryRange.html,genie-openj9
Tue Nov 21 21:36:58 2023,IProcess.html,genie-openj9
Tue Nov 21 21:36:58 2023,ISymbol.html,genie-openj9
Tue Nov 21 21:36:58 2023,MemoryFault.html,genie-openj9
Tue Nov 21 21:36:58 2023,MemoryRange.html,genie-openj9
Tue Nov 21 21:36:58 2023,MemorySourceTable.html,genie-openj9
Tue Nov 21 21:36:58 2023,MissingFileModule.html,genie-openj9
Tue Nov 21 21:36:58 2023,Module.html,genie-openj9
Tue Nov 21 21:36:58 2023,ProcessAddressSpace.html,genie-openj9
Tue Nov 21 21:36:58 2023,ProtectedMemoryRange.html,genie-openj9
Tue Nov 21 21:36:58 2023,SearchableMemory.html,genie-openj9
Tue Nov 21 21:36:58 2023,Symbol.html,genie-openj9
Tue Nov 21 21:36:58 2023,SymbolUtil.html,genie-openj9
Tue Nov 21 21:36:58 2023,UnbackedMemorySource.html,genie-openj9
Tue Nov 21 21:36:58 2023,package-summary.html,genie-openj9
Tue Nov 21 21:36:58 2023,package-tree.html,genie-openj9
Tue Nov 21 21:36:58 2023,package-use.html,genie-openj9
Tue Nov 21 21:36:58 2023,BaseWindowsOSThread.html,genie-openj9
Tue Nov 21 21:36:58 2023,MemoryInfoStream.html,genie-openj9
Tue Nov 21 21:36:58 2023,MiniDumpReader.html,genie-openj9
Tue Nov 21 21:36:58 2023,ThreadInfoStream.html,genie-openj9
Tue Nov 21 21:36:58 2023,WindowsProcessAddressSpace.html,genie-openj9
Tue Nov 21 21:36:58 2023,BaseWindowsOSThread.html,genie-openj9
Tue Nov 21 21:36:58 2023,MemoryInfoStream.html,genie-openj9
Tue Nov 21 21:36:58 2023,MiniDumpReader.html,genie-openj9
Tue Nov 21 21:36:58 2023,ThreadInfoStream.html,genie-openj9
Tue Nov 21 21:36:58 2023,WindowsProcessAddressSpace.html,genie-openj9
Tue Nov 21 21:36:58 2023,package-summary.html,genie-openj9
Tue Nov 21 21:36:58 2023,package-tree.html,genie-openj9
Tue Nov 21 21:36:58 2023,package-use.html,genie-openj9
Tue Nov 21 21:36:58 2023,RuntimeFunction.html,genie-openj9
Tue Nov 21 21:36:58 2023,UnwindCode.html,genie-openj9
Tue Nov 21 21:36:58 2023,UnwindInfo.html,genie-openj9
Tue Nov 21 21:36:58 2023,UnwindModule.html,genie-openj9
Tue Nov 21 21:36:58 2023,RuntimeFunction.html,genie-openj9
Tue Nov 21 21:36:58 2023,UnwindCode.html,genie-openj9
Tue Nov 21 21:36:58 2023,UnwindInfo.html,genie-openj9
Tue Nov 21 21:36:58 2023,UnwindModule.html,genie-openj9
Tue Nov 21 21:36:58 2023,package-summary.html,genie-openj9
Tue Nov 21 21:36:58 2023,package-tree.html,genie-openj9
Tue Nov 21 21:36:58 2023,package-use.html,genie-openj9
Tue Nov 21 21:36:58 2023,IOSStackFrame.html,genie-openj9
Tue Nov 21 21:36:58 2023,IOSThread.html,genie-openj9
Tue Nov 21 21:36:58 2023,IRegister.html,genie-openj9
Tue Nov 21 21:36:58 2023,OSStackFrame.html,genie-openj9
Tue Nov 21 21:36:58 2023,Register.html,genie-openj9
Tue Nov 21 21:36:58 2023,IOSStackFrame.html,genie-openj9
Tue Nov 21 21:36:58 2023,IOSThread.html,genie-openj9
Tue Nov 21 21:36:58 2023,IRegister.html,genie-openj9
Tue Nov 21 21:36:58 2023,OSStackFrame.html,genie-openj9
Tue Nov 21 21:36:58 2023,Register.html,genie-openj9
Tue Nov 21 21:36:58 2023,package-summary.html,genie-openj9
Tue Nov 21 21:36:58 2023,package-tree.html,genie-openj9
Tue Nov 21 21:36:58 2023,package-use.html,genie-openj9
Tue Nov 21 21:36:58 2023,package-summary.html,genie-openj9
Tue Nov 21 21:36:58 2023,package-tree.html,genie-openj9
Tue Nov 21 21:36:58 2023,package-use.html,genie-openj9
Tue Nov 21 21:36:58 2023,TDumpReader.html,genie-openj9
Tue Nov 21 21:36:58 2023,TDumpReader.html,genie-openj9
Tue Nov 21 21:36:58 2023,package-summary.html,genie-openj9
Tue Nov 21 21:36:58 2023,package-tree.html,genie-openj9
Tue Nov 21 21:36:58 2023,package-use.html,genie-openj9
Tue Nov 21 21:36:58 2023,AddressRange.html,genie-openj9
Tue Nov 21 21:36:58 2023,AddressSpace.html,genie-openj9
Tue Nov 21 21:36:58 2023,AddressSpaceImageInputStream.html,genie-openj9
Tue Nov 21 21:36:58 2023,Dump.html,genie-openj9
Tue Nov 21 21:36:58 2023,MutableAddressSpace.html,genie-openj9
Tue Nov 21 21:36:58 2023,SearchListener.html,genie-openj9
Tue Nov 21 21:36:58 2023,SystemTrace.Entry.html,genie-openj9
Tue Nov 21 21:36:58 2023,SystemTrace.html,genie-openj9
Tue Nov 21 21:36:58 2023,AddressRange.html,genie-openj9
Tue Nov 21 21:36:58 2023,AddressSpace.html,genie-openj9
Tue Nov 21 21:36:58 2023,AddressSpaceImageInputStream.html,genie-openj9
Tue Nov 21 21:36:58 2023,Dump.html,genie-openj9
Tue Nov 21 21:36:58 2023,MutableAddressSpace.html,genie-openj9
Tue Nov 21 21:36:58 2023,SearchListener.html,genie-openj9
Tue Nov 21 21:36:58 2023,SystemTrace.Entry.html,genie-openj9
Tue Nov 21 21:36:58 2023,SystemTrace.html,genie-openj9
Tue Nov 21 21:36:58 2023,package-summary.html,genie-openj9
Tue Nov 21 21:36:58 2023,package-tree.html,genie-openj9
Tue Nov 21 21:36:58 2023,package-use.html,genie-openj9
Tue Nov 21 21:36:58 2023,Caa.html,genie-openj9
Tue Nov 21 21:36:58 2023,Caa32Template.html,genie-openj9
Tue Nov 21 21:36:58 2023,Caa32_11Template.html,genie-openj9
Tue Nov 21 21:36:58 2023,Caa64Template.html,genie-openj9
Tue Nov 21 21:36:58 2023,Caa64_11Template.html,genie-openj9
Tue Nov 21 21:36:58 2023,CaaTemplate.html,genie-openj9
Tue Nov 21 21:36:58 2023,CeedsaTemplate.html,genie-openj9
Tue Nov 21 21:36:58 2023,Ceedsahp32Template.html,genie-openj9
Tue Nov 21 21:36:58 2023,Ceedsahp64Template.html,genie-openj9
Tue Nov 21 21:36:58 2023,CeedsahpTemplate.html,genie-openj9
Tue Nov 21 21:36:58 2023,Ceedsahp_transition32Template.html,genie-openj9
Tue Nov 21 21:36:58 2023,Ceedsahp_transition64Template.html,genie-openj9
Tue Nov 21 21:36:58 2023,Ceedsahp_transitionTemplate.html,genie-openj9
Tue Nov 21 21:36:58 2023,CeelcaTemplate.html,genie-openj9
Tue Nov 21 21:36:58 2023,CeexcibTemplate.html,genie-openj9
Tue Nov 21 21:36:58 2023,CeexcibhTemplate.html,genie-openj9
Tue Nov 21 21:36:58 2023,Ceexdlcb32Template.html,genie-openj9
Tue Nov 21 21:36:58 2023,Ceexdlcb64Template.html,genie-openj9
Tue Nov 21 21:36:58 2023,CeexdlcbTemplate.html,genie-openj9
Tue Nov 21 21:36:58 2023,Ceexdsaf.html,genie-openj9
Tue Nov 21 21:36:58 2023,Ceexedb32Template.html,genie-openj9
Tue Nov 21 21:36:58 2023,Ceexedb64Template.html,genie-openj9
Tue Nov 21 21:36:58 2023,CeexedbTemplate.html,genie-openj9
Tue Nov 21 21:36:58 2023,Ceexhcom32Template.html,genie-openj9
Tue Nov 21 21:36:58 2023,Ceexhcom64Template.html,genie-openj9
Tue Nov 21 21:36:58 2023,CeexhcomTemplate.html,genie-openj9
Tue Nov 21 21:36:58 2023,CeexhepvTemplate.html,genie-openj9
Tue Nov 21 21:36:58 2023,Ceexhp1bTemplate.html,genie-openj9
Tue Nov 21 21:36:58 2023,CeexlaaTemplate.html,genie-openj9
Tue Nov 21 21:36:58 2023,CeexoepvTemplate.html,genie-openj9
Tue Nov 21 21:36:58 2023,Ceexpp1bTemplate.html,genie-openj9
Tue Nov 21 21:36:58 2023,Ceexqpcb32Template.html,genie-openj9
Tue Nov 21 21:36:58 2023,Ceexqpcb64Template.html,genie-openj9
Tue Nov 21 21:36:58 2023,CeexqpcbTemplate.html,genie-openj9
Tue Nov 21 21:36:58 2023,Ceexqpcbpool32Template.html,genie-openj9
Tue Nov 21 21:36:58 2023,Ceexqpcbpool64Template.html,genie-openj9
Tue Nov 21 21:36:58 2023,CeexqpcbpoolTemplate.html,genie-openj9
Tue Nov 21 21:36:58 2023,Ceexrcb32Template.html,genie-openj9
Tue Nov 21 21:36:58 2023,Ceexrcb64Template.html,genie-openj9
Tue Nov 21 21:36:58 2023,CeexrcbTemplate.html,genie-openj9
Tue Nov 21 21:36:58 2023,CeexsancTemplate.html,genie-openj9
Tue Nov 21 21:36:58 2023,CeexsfxmTemplate.html,genie-openj9
Tue Nov 21 21:36:58 2023,CeexstkhTemplate.html,genie-openj9
Tue Nov 21 21:36:58 2023,CeextvbTemplate.html,genie-openj9
Tue Nov 21 21:36:58 2023,CeextvbeTemplate.html,genie-openj9
Tue Nov 21 21:36:58 2023,Ciet2ExpFuncEntryTemplate.html,genie-openj9
Tue Nov 21 21:36:58 2023,Ciet2ExpVarEntryTemplate.html,genie-openj9
Tue Nov 21 21:36:58 2023,Ciet2Template.html,genie-openj9
Tue Nov 21 21:36:58 2023,CietExpEntryTemplate.html,genie-openj9
Tue Nov 21 21:36:58 2023,CietTemplate.html,genie-openj9
Tue Nov 21 21:36:58 2023,Dll.html,genie-openj9
Tue Nov 21 21:36:58 2023,DllFunction.html,genie-openj9
Tue Nov 21 21:36:58 2023,DllVariable.html,genie-openj9
Tue Nov 21 21:36:58 2023,DllcsectTemplate.html,genie-openj9
Tue Nov 21 21:36:58 2023,DllexpfuncsTemplate.html,genie-openj9
Tue Nov 21 21:36:58 2023,DllexpvarsTemplate.html,genie-openj9
Tue Nov 21 21:36:58 2023,DsaStackFrame.html,genie-openj9
Tue Nov 21 21:36:58 2023,Edb.html,genie-openj9
Tue Nov 21 21:36:58 2023,EnsmTemplate.html,genie-openj9
Tue Nov 21 21:36:58 2023,Function.html,genie-openj9
Tue Nov 21 21:36:58 2023,FunctionEmulator.CallOriginalException.html,genie-openj9
Tue Nov 21 21:36:58 2023,FunctionEmulator.CallbackFunction.html,genie-openj9
Tue Nov 21 21:36:58 2023,FunctionEmulator.Function.html,genie-openj9
Tue Nov 21 21:36:58 2023,FunctionEmulator.TraceEntry.html,genie-openj9
Tue Nov 21 21:36:58 2023,FunctionEmulator.html,genie-openj9
Tue Nov 21 21:36:58 2023,SmcbTemplate.html,genie-openj9
Tue Nov 21 21:36:58 2023,Caa.html,genie-openj9
Tue Nov 21 21:36:58 2023,Caa32Template.html,genie-openj9
Tue Nov 21 21:36:58 2023,Caa32_11Template.html,genie-openj9
Tue Nov 21 21:36:58 2023,Caa64Template.html,genie-openj9
Tue Nov 21 21:36:58 2023,Caa64_11Template.html,genie-openj9
Tue Nov 21 21:36:58 2023,CaaNotFound.html,genie-openj9
Tue Nov 21 21:36:58 2023,CaaTemplate.html,genie-openj9
Tue Nov 21 21:36:58 2023,CeedsaTemplate.html,genie-openj9
Tue Nov 21 21:36:58 2023,Ceedsahp32Template.html,genie-openj9
Tue Nov 21 21:36:58 2023,Ceedsahp64Template.html,genie-openj9
Tue Nov 21 21:36:58 2023,CeedsahpTemplate.html,genie-openj9
Tue Nov 21 21:36:58 2023,Ceedsahp_transition32Template.html,genie-openj9
Tue Nov 21 21:36:58 2023,Ceedsahp_transition64Template.html,genie-openj9
Tue Nov 21 21:36:58 2023,Ceedsahp_transitionTemplate.html,genie-openj9
Tue Nov 21 21:36:58 2023,CeelcaTemplate.html,genie-openj9
Tue Nov 21 21:36:58 2023,CeexcibTemplate.html,genie-openj9
Tue Nov 21 21:36:58 2023,CeexcibhTemplate.html,genie-openj9
Tue Nov 21 21:36:58 2023,Ceexdlcb32Template.html,genie-openj9
Tue Nov 21 21:36:58 2023,Ceexdlcb64Template.html,genie-openj9
Tue Nov 21 21:36:58 2023,CeexdlcbTemplate.html,genie-openj9
Tue Nov 21 21:36:58 2023,Ceexdsaf.html,genie-openj9
Tue Nov 21 21:36:58 2023,Ceexedb32Template.html,genie-openj9
Tue Nov 21 21:36:58 2023,Ceexedb64Template.html,genie-openj9
Tue Nov 21 21:36:58 2023,CeexedbTemplate.html,genie-openj9
Tue Nov 21 21:36:58 2023,Ceexhcom32Template.html,genie-openj9
Tue Nov 21 21:36:58 2023,Ceexhcom64Template.html,genie-openj9
Tue Nov 21 21:36:58 2023,CeexhcomTemplate.html,genie-openj9
Tue Nov 21 21:36:58 2023,CeexhepvTemplate.html,genie-openj9
Tue Nov 21 21:36:58 2023,Ceexhp1bTemplate.html,genie-openj9
Tue Nov 21 21:36:58 2023,CeexlaaTemplate.html,genie-openj9
Tue Nov 21 21:36:58 2023,CeexoepvTemplate.html,genie-openj9
Tue Nov 21 21:36:58 2023,Ceexpp1bTemplate.html,genie-openj9
Tue Nov 21 21:36:58 2023,Ceexqpcb32Template.html,genie-openj9
Tue Nov 21 21:36:58 2023,Ceexqpcb64Template.html,genie-openj9
Tue Nov 21 21:36:58 2023,CeexqpcbTemplate.html,genie-openj9
Tue Nov 21 21:36:58 2023,Ceexqpcbpool32Template.html,genie-openj9
Tue Nov 21 21:36:58 2023,Ceexqpcbpool64Template.html,genie-openj9
Tue Nov 21 21:36:58 2023,CeexqpcbpoolTemplate.html,genie-openj9
Tue Nov 21 21:36:58 2023,Ceexrcb32Template.html,genie-openj9
Tue Nov 21 21:36:58 2023,Ceexrcb64Template.html,genie-openj9
Tue Nov 21 21:36:58 2023,CeexrcbTemplate.html,genie-openj9
Tue Nov 21 21:36:58 2023,CeexsancTemplate.html,genie-openj9
Tue Nov 21 21:36:58 2023,CeexsfxmTemplate.html,genie-openj9
Tue Nov 21 21:36:58 2023,CeexstkhTemplate.html,genie-openj9
Tue Nov 21 21:36:58 2023,CeextvbTemplate.html,genie-openj9
Tue Nov 21 21:36:58 2023,CeextvbeTemplate.html,genie-openj9
Tue Nov 21 21:36:58 2023,Ciet2ExpFuncEntryTemplate.html,genie-openj9
Tue Nov 21 21:36:58 2023,Ciet2ExpVarEntryTemplate.html,genie-openj9
Tue Nov 21 21:36:58 2023,Ciet2Template.html,genie-openj9
Tue Nov 21 21:36:58 2023,CietExpEntryTemplate.html,genie-openj9
Tue Nov 21 21:36:58 2023,CietTemplate.html,genie-openj9
Tue Nov 21 21:36:58 2023,Dll.html,genie-openj9
Tue Nov 21 21:36:58 2023,DllFunction.html,genie-openj9
Tue Nov 21 21:36:58 2023,DllVariable.html,genie-openj9
Tue Nov 21 21:36:58 2023,DllcsectTemplate.html,genie-openj9
Tue Nov 21 21:36:58 2023,DllexpfuncsTemplate.html,genie-openj9
Tue Nov 21 21:36:58 2023,DllexpvarsTemplate.html,genie-openj9
Tue Nov 21 21:36:58 2023,DsaStackFrame.html,genie-openj9
Tue Nov 21 21:36:58 2023,Edb.html,genie-openj9
Tue Nov 21 21:36:58 2023,EnsmTemplate.html,genie-openj9
Tue Nov 21 21:36:58 2023,Function.html,genie-openj9
Tue Nov 21 21:36:58 2023,FunctionEmulator.CallOriginalException.html,genie-openj9
Tue Nov 21 21:36:58 2023,FunctionEmulator.CallbackFunction.html,genie-openj9
Tue Nov 21 21:36:58 2023,FunctionEmulator.Function.html,genie-openj9
Tue Nov 21 21:36:58 2023,FunctionEmulator.TraceEntry.html,genie-openj9
Tue Nov 21 21:36:58 2023,FunctionEmulator.html,genie-openj9
Tue Nov 21 21:36:58 2023,SmcbTemplate.html,genie-openj9
Tue Nov 21 21:36:58 2023,StackNotFound.html,genie-openj9
Tue Nov 21 21:36:58 2023,package-summary.html,genie-openj9
Tue Nov 21 21:36:58 2023,package-tree.html,genie-openj9
Tue Nov 21 21:36:58 2023,package-use.html,genie-openj9
Tue Nov 21 21:36:58 2023,BpxzotcbTemplate.html,genie-openj9
Tue Nov 21 21:36:58 2023,BpxzustaTemplate.html,genie-openj9
Tue Nov 21 21:36:58 2023,CeexcvtTemplate.html,genie-openj9
Tue Nov 21 21:36:58 2023,IhaascbTemplate.html,genie-openj9
Tue Nov 21 21:36:58 2023,IhaasxbTemplate.html,genie-openj9
Tue Nov 21 21:36:58 2023,IhapsaTemplate.html,genie-openj9
Tue Nov 21 21:36:58 2023,IharbTemplate.html,genie-openj9
Tue Nov 21 21:36:58 2023,Ihartm2aTemplate.html,genie-openj9
Tue Nov 21 21:36:58 2023,IhastcbTemplate.html,genie-openj9
Tue Nov 21 21:36:58 2023,IhawebTemplate.html,genie-openj9
Tue Nov 21 21:36:58 2023,IhaxsbTemplate.html,genie-openj9
Tue Nov 21 21:36:58 2023,IkjrbTemplate.html,genie-openj9
Tue Nov 21 21:36:58 2023,IkjrbprefixTemplate.html,genie-openj9
Tue Nov 21 21:36:58 2023,IkjtcbTemplate.html,genie-openj9
Tue Nov 21 21:36:58 2023,Lse.html,genie-openj9
Tue Nov 21 21:36:58 2023,LsedTemplate.html,genie-openj9
Tue Nov 21 21:36:58 2023,Lses1lsed1Template.html,genie-openj9
Tue Nov 21 21:36:58 2023,LseslsedTemplate.html,genie-openj9
Tue Nov 21 21:36:58 2023,Lsestate1Template.html,genie-openj9
Tue Nov 21 21:36:58 2023,LsestateTemplate.html,genie-openj9
Tue Nov 21 21:36:58 2023,OtcbcopyonforkTemplate.html,genie-openj9
Tue Nov 21 21:36:58 2023,RegisterSet.html,genie-openj9
Tue Nov 21 21:36:58 2023,Tcb.html,genie-openj9
Tue Nov 21 21:36:58 2023,BpxzotcbTemplate.html,genie-openj9
Tue Nov 21 21:36:58 2023,BpxzustaTemplate.html,genie-openj9
Tue Nov 21 21:36:58 2023,CeexcvtTemplate.html,genie-openj9
Tue Nov 21 21:36:58 2023,IhaascbTemplate.html,genie-openj9
Tue Nov 21 21:36:58 2023,IhaasxbTemplate.html,genie-openj9
Tue Nov 21 21:36:58 2023,IhapsaTemplate.html,genie-openj9
Tue Nov 21 21:36:58 2023,IharbTemplate.html,genie-openj9
Tue Nov 21 21:36:58 2023,Ihartm2aTemplate.html,genie-openj9
Tue Nov 21 21:36:58 2023,IhastcbTemplate.html,genie-openj9
Tue Nov 21 21:36:58 2023,IhawebTemplate.html,genie-openj9
Tue Nov 21 21:36:58 2023,IhaxsbTemplate.html,genie-openj9
Tue Nov 21 21:36:58 2023,IkjrbTemplate.html,genie-openj9
Tue Nov 21 21:36:58 2023,IkjrbprefixTemplate.html,genie-openj9
Tue Nov 21 21:36:58 2023,IkjtcbTemplate.html,genie-openj9
Tue Nov 21 21:36:58 2023,Lse.html,genie-openj9
Tue Nov 21 21:36:58 2023,LsedTemplate.html,genie-openj9
Tue Nov 21 21:36:58 2023,Lses1lsed1Template.html,genie-openj9
Tue Nov 21 21:36:58 2023,LseslsedTemplate.html,genie-openj9
Tue Nov 21 21:36:58 2023,Lsestate1Template.html,genie-openj9
Tue Nov 21 21:36:58 2023,LsestateTemplate.html,genie-openj9
Tue Nov 21 21:36:58 2023,OtcbcopyonforkTemplate.html,genie-openj9
Tue Nov 21 21:36:58 2023,Rb.html,genie-openj9
Tue Nov 21 21:36:58 2023,RegisterSet.html,genie-openj9
Tue Nov 21 21:36:58 2023,Tcb.html,genie-openj9
Tue Nov 21 21:36:58 2023,package-summary.html,genie-openj9
Tue Nov 21 21:36:58 2023,package-tree.html,genie-openj9
Tue Nov 21 21:36:58 2023,package-use.html,genie-openj9
Tue Nov 21 21:36:58 2023,AbstractHashMap.html,genie-openj9
Tue Nov 21 21:36:58 2023,AbstractLruCache.html,genie-openj9
Tue Nov 21 21:36:58 2023,BitSetArray.html,genie-openj9
Tue Nov 21 21:36:58 2023,BitStream.html,genie-openj9
Tue Nov 21 21:36:58 2023,CharConversion.html,genie-openj9
Tue Nov 21 21:36:58 2023,CompressedRecordArray.html,genie-openj9
Tue Nov 21 21:36:58 2023,Emulator.BranchRelative.html,genie-openj9
Tue Nov 21 21:36:58 2023,Emulator.BranchTraceListener.html,genie-openj9
Tue Nov 21 21:36:58 2023,Emulator.CallbackFunction.html,genie-openj9
Tue Nov 21 21:36:58 2023,Emulator.FunctionReplacer.html,genie-openj9
Tue Nov 21 21:36:58 2023,Emulator.ImageSpace.html,genie-openj9
Tue Nov 21 21:36:58 2023,Emulator.Instruction.html,genie-openj9
Tue Nov 21 21:36:58 2023,Emulator.TraceListener.html,genie-openj9
Tue Nov 21 21:36:58 2023,Emulator.html,genie-openj9
Tue Nov 21 21:36:58 2023,FileFormatException.html,genie-openj9
Tue Nov 21 21:36:58 2023,IntEnumeration.html,genie-openj9
Tue Nov 21 21:36:58 2023,IntegerArray.html,genie-openj9
Tue Nov 21 21:36:58 2023,IntegerLruCache.html,genie-openj9
Tue Nov 21 21:36:58 2023,IntegerMap.html,genie-openj9
Tue Nov 21 21:36:58 2023,IntegerSet.html,genie-openj9
Tue Nov 21 21:36:58 2023,IntegerStack.html,genie-openj9
Tue Nov 21 21:36:58 2023,LongArray.html,genie-openj9
Tue Nov 21 21:36:58 2023,NullIterator.html,genie-openj9
Tue Nov 21 21:36:58 2023,ObjectLruCache.html,genie-openj9
Tue Nov 21 21:36:58 2023,ObjectMap.html,genie-openj9
Tue Nov 21 21:36:58 2023,PrimitiveArray.html,genie-openj9
Tue Nov 21 21:36:58 2023,ProgressMeter.html,genie-openj9
Tue Nov 21 21:36:58 2023,SingletonIterator.html,genie-openj9
Tue Nov 21 21:36:58 2023,SortListener.html,genie-openj9
Tue Nov 21 21:36:58 2023,Template.html,genie-openj9
Tue Nov 21 21:36:58 2023,TemplateField.html,genie-openj9
Tue Nov 21 21:36:58 2023,AbstractHashMap.html,genie-openj9
Tue Nov 21 21:36:58 2023,AbstractLruCache.html,genie-openj9
Tue Nov 21 21:36:58 2023,BitSetArray.html,genie-openj9
Tue Nov 21 21:36:58 2023,BitStream.html,genie-openj9
Tue Nov 21 21:36:58 2023,CharConversion.html,genie-openj9
Tue Nov 21 21:36:58 2023,CompressedRecordArray.html,genie-openj9
Tue Nov 21 21:36:58 2023,Emulator.BranchRelative.html,genie-openj9
Tue Nov 21 21:36:58 2023,Emulator.BranchTraceListener.html,genie-openj9
Tue Nov 21 21:36:58 2023,Emulator.CallbackFunction.html,genie-openj9
Tue Nov 21 21:36:58 2023,Emulator.FunctionReplacer.html,genie-openj9
Tue Nov 21 21:36:58 2023,Emulator.ImageSpace.html,genie-openj9
Tue Nov 21 21:36:58 2023,Emulator.Instruction.html,genie-openj9
Tue Nov 21 21:36:58 2023,Emulator.TraceListener.html,genie-openj9
Tue Nov 21 21:36:58 2023,Emulator.html,genie-openj9
Tue Nov 21 21:36:58 2023,FileFormatException.html,genie-openj9
Tue Nov 21 21:36:58 2023,IntEnumeration.html,genie-openj9
Tue Nov 21 21:36:58 2023,IntegerArray.html,genie-openj9
Tue Nov 21 21:36:58 2023,IntegerLruCache.html,genie-openj9
Tue Nov 21 21:36:58 2023,IntegerMap.html,genie-openj9
Tue Nov 21 21:36:58 2023,IntegerSet.html,genie-openj9
Tue Nov 21 21:36:58 2023,IntegerStack.html,genie-openj9
Tue Nov 21 21:36:58 2023,InvalidTemplateFile.html,genie-openj9
Tue Nov 21 21:36:58 2023,LogFormatter.html,genie-openj9
Tue Nov 21 21:36:58 2023,LongArray.html,genie-openj9
Tue Nov 21 21:36:58 2023,NullIterator.html,genie-openj9
Tue Nov 21 21:36:58 2023,ObjectLruCache.html,genie-openj9
Tue Nov 21 21:36:58 2023,ObjectMap.html,genie-openj9
Tue Nov 21 21:36:58 2023,PrimitiveArray.html,genie-openj9
Tue Nov 21 21:36:58 2023,ProgressMeter.html,genie-openj9
Tue Nov 21 21:36:58 2023,SingletonIterator.html,genie-openj9
Tue Nov 21 21:36:58 2023,SortListener.html,genie-openj9
Tue Nov 21 21:36:58 2023,Template.html,genie-openj9
Tue Nov 21 21:36:58 2023,TemplateField.html,genie-openj9
Tue Nov 21 21:36:58 2023,package-summary.html,genie-openj9
Tue Nov 21 21:36:58 2023,package-tree.html,genie-openj9
Tue Nov 21 21:36:58 2023,package-use.html,genie-openj9
Tue Nov 21 21:36:58 2023,IEventListener.html,genie-openj9
Tue Nov 21 21:36:58 2023,IEventListener.html,genie-openj9
Tue Nov 21 21:36:58 2023,package-summary.html,genie-openj9
Tue Nov 21 21:36:58 2023,package-tree.html,genie-openj9
Tue Nov 21 21:36:58 2023,package-use.html,genie-openj9
Tue Nov 21 21:36:58 2023,CorruptStructuresException.html,genie-openj9
Tue Nov 21 21:36:58 2023,JVMNotDDREnabledException.html,genie-openj9
Tue Nov 21 21:36:58 2023,JVMNotFoundException.html,genie-openj9
Tue Nov 21 21:36:58 2023,MissingDDRStructuresException.html,genie-openj9
Tue Nov 21 21:36:58 2023,UnknownArchitectureException.html,genie-openj9
Tue Nov 21 21:36:58 2023,CorruptStructuresException.html,genie-openj9
Tue Nov 21 21:36:58 2023,JVMNotDDREnabledException.html,genie-openj9
Tue Nov 21 21:36:58 2023,JVMNotFoundException.html,genie-openj9
Tue Nov 21 21:36:58 2023,MissingDDRStructuresException.html,genie-openj9
Tue Nov 21 21:36:58 2023,UnknownArchitectureException.html,genie-openj9
Tue Nov 21 21:36:58 2023,package-summary.html,genie-openj9
Tue Nov 21 21:36:58 2023,package-tree.html,genie-openj9
Tue Nov 21 21:36:58 2023,package-use.html,genie-openj9
Tue Nov 21 21:36:58 2023,CoreFileResolver.html,genie-openj9
Tue Nov 21 21:36:58 2023,DDRLibraryAdapter.html,genie-openj9
Tue Nov 21 21:36:58 2023,DTFJLibraryAdapter.html,genie-openj9
Tue Nov 21 21:36:58 2023,Footer.html,genie-openj9
Tue Nov 21 21:36:58 2023,FooterLibraryEntry.html,genie-openj9
Tue Nov 21 21:36:58 2023,LibraryAdapter.html,genie-openj9
Tue Nov 21 21:36:58 2023,LibraryCollector.CollectionType.html,genie-openj9
Tue Nov 21 21:36:58 2023,LibraryCollector.CollectorResult.html,genie-openj9
Tue Nov 21 21:36:58 2023,LibraryCollector.html,genie-openj9
Tue Nov 21 21:36:58 2023,MonitoredFileOutputStream.html,genie-openj9
Tue Nov 21 21:36:58 2023,SlidingFileInputStream.html,genie-openj9
Tue Nov 21 21:36:58 2023,SlidingImageInputStream.html,genie-openj9
Tue Nov 21 21:36:58 2023,CoreFileResolver.html,genie-openj9
Tue Nov 21 21:36:58 2023,DDRLibraryAdapter.html,genie-openj9
Tue Nov 21 21:36:58 2023,DTFJLibraryAdapter.html,genie-openj9
Tue Nov 21 21:36:58 2023,Footer.html,genie-openj9
Tue Nov 21 21:36:58 2023,FooterLibraryEntry.html,genie-openj9
Tue Nov 21 21:36:58 2023,LibraryAdapter.html,genie-openj9
Tue Nov 21 21:36:58 2023,LibraryCollector.CollectionType.html,genie-openj9
Tue Nov 21 21:36:58 2023,LibraryCollector.CollectorResult.html,genie-openj9
Tue Nov 21 21:36:58 2023,LibraryCollector.html,genie-openj9
Tue Nov 21 21:36:58 2023,MonitoredFileOutputStream.html,genie-openj9
Tue Nov 21 21:36:58 2023,SlidingFileInputStream.html,genie-openj9
Tue Nov 21 21:36:58 2023,SlidingImageInputStream.html,genie-openj9
Tue Nov 21 21:36:58 2023,package-summary.html,genie-openj9
Tue Nov 21 21:36:58 2023,package-tree.html,genie-openj9
Tue Nov 21 21:36:58 2023,package-use.html,genie-openj9
Tue Nov 21 21:36:58 2023,BasicFormatter.html,genie-openj9
Tue Nov 21 21:36:58 2023,LoggerNames.html,genie-openj9
Tue Nov 21 21:36:58 2023,BasicFormatter.html,genie-openj9
Tue Nov 21 21:36:58 2023,LoggerNames.html,genie-openj9
Tue Nov 21 21:36:58 2023,package-summary.html,genie-openj9
Tue Nov 21 21:36:58 2023,package-tree.html,genie-openj9
Tue Nov 21 21:36:58 2023,package-use.html,genie-openj9
Tue Nov 21 21:36:58 2023,package-summary.html,genie-openj9
Tue Nov 21 21:36:58 2023,package-tree.html,genie-openj9
Tue Nov 21 21:36:58 2023,package-use.html,genie-openj9
Tue Nov 21 21:36:58 2023,AddStructureBlob.html,genie-openj9
Tue Nov 21 21:36:58 2023,ClassGenerator.html,genie-openj9
Tue Nov 21 21:36:58 2023,DTFJWalker.html,genie-openj9
Tue Nov 21 21:36:58 2023,FlagStructureList.html,genie-openj9
Tue Nov 21 21:36:58 2023,PointerGenerator.html,genie-openj9
Tue Nov 21 21:36:58 2023,StructureStubGenerator.html,genie-openj9
Tue Nov 21 21:36:58 2023,AddStructureBlob.html,genie-openj9
Tue Nov 21 21:36:58 2023,ClassGenerator.html,genie-openj9
Tue Nov 21 21:36:58 2023,DTFJWalker.html,genie-openj9
Tue Nov 21 21:36:58 2023,FlagStructureList.html,genie-openj9
Tue Nov 21 21:36:58 2023,PointerGenerator.html,genie-openj9
Tue Nov 21 21:36:58 2023,StructureStubGenerator.html,genie-openj9
Tue Nov 21 21:36:58 2023,ASNoProcess.html,genie-openj9
Tue Nov 21 21:36:58 2023,BaseFieldFormatter.html,genie-openj9
Tue Nov 21 21:36:58 2023,BaseJVMCommands.html,genie-openj9
Tue Nov 21 21:36:58 2023,BaseStructureCommand.DefaultStructureFormatter.html,genie-openj9
Tue Nov 21 21:36:58 2023,BaseStructureCommand.html,genie-openj9
Tue Nov 21 21:36:58 2023,BaseStructureFormatter.html,genie-openj9
Tue Nov 21 21:36:58 2023,Command.CommandDescription.html,genie-openj9
Tue Nov 21 21:36:58 2023,Command.html,genie-openj9
Tue Nov 21 21:36:58 2023,CommandUtils.html,genie-openj9
Tue Nov 21 21:36:58 2023,Context.html,genie-openj9
Tue Nov 21 21:36:58 2023,DDRInteractive.ContextCommand.html,genie-openj9
Tue Nov 21 21:36:58 2023,DDRInteractive.J9HelpCommand.html,genie-openj9
Tue Nov 21 21:36:58 2023,DDRInteractive.html,genie-openj9
Tue Nov 21 21:36:58 2023,DDRInteractiveCommandException.html,genie-openj9
Tue Nov 21 21:36:58 2023,ExpressionEvaluator.html,genie-openj9
Tue Nov 21 21:36:58 2023,ExpressionEvaluatorException.html,genie-openj9
Tue Nov 21 21:36:58 2023,ExtractMemoryCommand.html,genie-openj9
Tue Nov 21 21:36:58 2023,FindInMemoryCommand.html,genie-openj9
Tue Nov 21 21:36:58 2023,FormatWalkResult.html,genie-openj9
Tue Nov 21 21:36:58 2023,Humanize.html,genie-openj9
Tue Nov 21 21:36:58 2023,ICommand.html,genie-openj9
Tue Nov 21 21:36:58 2023,IFieldFormatter.html,genie-openj9
Tue Nov 21 21:36:58 2023,IStructureFormatter.html,genie-openj9
Tue Nov 21 21:36:58 2023,J9XCommand.html,genie-openj9
Tue Nov 21 21:36:58 2023,MemoryRangesCommand.html,genie-openj9
Tue Nov 21 21:36:58 2023,MissingVMData.html,genie-openj9
Tue Nov 21 21:36:58 2023,StructureCommandUtil.html,genie-openj9
Tue Nov 21 21:36:58 2023,Table.html,genie-openj9
Tue Nov 21 21:36:58 2023,DataContext.html,genie-openj9
Tue Nov 21 21:36:58 2023,DebugExtension.html,genie-openj9
Tue Nov 21 21:36:58 2023,DataContext.html,genie-openj9
Tue Nov 21 21:36:58 2023,DebugExtension.html,genie-openj9
Tue Nov 21 21:36:58 2023,package-summary.html,genie-openj9
Tue Nov 21 21:36:58 2023,package-tree.html,genie-openj9
Tue Nov 21 21:36:58 2023,package-use.html,genie-openj9
Tue Nov 21 21:36:58 2023,ASNoProcess.html,genie-openj9
Tue Nov 21 21:36:58 2023,BaseFieldFormatter.html,genie-openj9
Tue Nov 21 21:36:58 2023,BaseJVMCommands.html,genie-openj9
Tue Nov 21 21:36:58 2023,BaseStructureCommand.DefaultStructureFormatter.html,genie-openj9
Tue Nov 21 21:36:58 2023,BaseStructureCommand.html,genie-openj9
Tue Nov 21 21:36:58 2023,BaseStructureFormatter.html,genie-openj9
Tue Nov 21 21:36:58 2023,Command.CommandDescription.html,genie-openj9
Tue Nov 21 21:36:58 2023,Command.html,genie-openj9
Tue Nov 21 21:36:58 2023,CommandUtils.html,genie-openj9
Tue Nov 21 21:36:58 2023,Context.html,genie-openj9
Tue Nov 21 21:36:58 2023,DDRInteractive.ContextCommand.html,genie-openj9
Tue Nov 21 21:36:58 2023,DDRInteractive.J9HelpCommand.html,genie-openj9
Tue Nov 21 21:36:58 2023,DDRInteractive.html,genie-openj9
Tue Nov 21 21:36:58 2023,DDRInteractiveCommandException.html,genie-openj9
Tue Nov 21 21:36:58 2023,ExpressionEvaluator.html,genie-openj9
Tue Nov 21 21:36:58 2023,ExpressionEvaluatorException.html,genie-openj9
Tue Nov 21 21:36:58 2023,ExtractMemoryCommand.html,genie-openj9
Tue Nov 21 21:36:58 2023,FindInMemoryCommand.html,genie-openj9
Tue Nov 21 21:36:58 2023,FormatWalkResult.html,genie-openj9
Tue Nov 21 21:36:58 2023,Humanize.html,genie-openj9
Tue Nov 21 21:36:58 2023,ICommand.html,genie-openj9
Tue Nov 21 21:36:58 2023,IFieldFormatter.html,genie-openj9
Tue Nov 21 21:36:58 2023,IStructureFormatter.html,genie-openj9
Tue Nov 21 21:36:58 2023,J9XCommand.html,genie-openj9
Tue Nov 21 21:36:58 2023,MemoryRangesCommand.html,genie-openj9
Tue Nov 21 21:36:58 2023,MissingVMData.html,genie-openj9
Tue Nov 21 21:36:58 2023,StructureCommandUtil.html,genie-openj9
Tue Nov 21 21:36:58 2023,Table.html,genie-openj9
Tue Nov 21 21:36:58 2023,ForeachCommand.html,genie-openj9
Tue Nov 21 21:36:58 2023,GpInfoCommand.html,genie-openj9
Tue Nov 21 21:36:58 2023,LookupSymbolCommand.html,genie-openj9
Tue Nov 21 21:36:58 2023,NativeLibrariesCommand.html,genie-openj9
Tue Nov 21 21:36:58 2023,NativeStacksCommand.html,genie-openj9
Tue Nov 21 21:36:58 2023,SnapBaseCommand.html,genie-openj9
Tue Nov 21 21:36:58 2023,SnapFormatCommand.html,genie-openj9
Tue Nov 21 21:36:58 2023,SnapFormatWrapperCommand.html,genie-openj9
Tue Nov 21 21:36:58 2023,SnapTraceCommand.html,genie-openj9
Tue Nov 21 21:36:58 2023,TimeCommand.html,genie-openj9
Tue Nov 21 21:36:58 2023,TraceFileHeaderWriter.html,genie-openj9
Tue Nov 21 21:36:58 2023,ForeachCommand.html,genie-openj9
Tue Nov 21 21:36:58 2023,GpInfoCommand.html,genie-openj9
Tue Nov 21 21:36:58 2023,LookupSymbolCommand.html,genie-openj9
Tue Nov 21 21:36:58 2023,NativeLibrariesCommand.html,genie-openj9
Tue Nov 21 21:36:58 2023,NativeStacksCommand.html,genie-openj9
Tue Nov 21 21:36:58 2023,SnapBaseCommand.html,genie-openj9
Tue Nov 21 21:36:58 2023,SnapFormatCommand.html,genie-openj9
Tue Nov 21 21:36:58 2023,SnapFormatWrapperCommand.html,genie-openj9
Tue Nov 21 21:36:58 2023,SnapTraceCommand.html,genie-openj9
Tue Nov 21 21:36:58 2023,TimeCommand.html,genie-openj9
Tue Nov 21 21:36:58 2023,TraceFileHeaderWriter.html,genie-openj9
Tue Nov 21 21:36:58 2023,package-summary.html,genie-openj9
Tue Nov 21 21:36:58 2023,package-tree.html,genie-openj9
Tue Nov 21 21:36:58 2023,package-use.html,genie-openj9
Tue Nov 21 21:36:58 2023,package-summary.html,genie-openj9
Tue Nov 21 21:36:58 2023,package-tree.html,genie-openj9
Tue Nov 21 21:36:58 2023,package-use.html,genie-openj9
Tue Nov 21 21:36:58 2023,DDRInteractiveClassLoader.html,genie-openj9
Tue Nov 21 21:36:58 2023,PluginCommand.html,genie-openj9
Tue Nov 21 21:36:58 2023,PluginConfig.html,genie-openj9
Tue Nov 21 21:36:58 2023,DDRInteractiveClassLoader.html,genie-openj9
Tue Nov 21 21:36:58 2023,PluginCommand.html,genie-openj9
Tue Nov 21 21:36:58 2023,PluginConfig.html,genie-openj9
Tue Nov 21 21:36:58 2023,package-summary.html,genie-openj9
Tue Nov 21 21:36:58 2023,package-tree.html,genie-openj9
Tue Nov 21 21:36:58 2023,package-use.html,genie-openj9
Tue Nov 21 21:36:58 2023,LogFilter.html,genie-openj9
Tue Nov 21 21:36:58 2023,LogFilter.html,genie-openj9
Tue Nov 21 21:36:58 2023,package-summary.html,genie-openj9
Tue Nov 21 21:36:58 2023,package-tree.html,genie-openj9
Tue Nov 21 21:36:58 2023,package-use.html,genie-openj9
Tue Nov 21 21:36:58 2023,package-summary.html,genie-openj9
Tue Nov 21 21:36:58 2023,package-tree.html,genie-openj9
Tue Nov 21 21:36:58 2023,package-use.html,genie-openj9
Tue Nov 21 21:36:58 2023,J9DDRStructureStore.html,genie-openj9
Tue Nov 21 21:36:58 2023,StructureKey.html,genie-openj9
Tue Nov 21 21:36:58 2023,StructureMismatchError.html,genie-openj9
Tue Nov 21 21:36:58 2023,J9DDRStructureStore.html,genie-openj9
Tue Nov 21 21:36:58 2023,StructureKey.html,genie-openj9
Tue Nov 21 21:36:58 2023,StructureMismatchError.html,genie-openj9
Tue Nov 21 21:36:58 2023,package-summary.html,genie-openj9
Tue Nov 21 21:36:58 2023,package-tree.html,genie-openj9
Tue Nov 21 21:36:58 2023,package-use.html,genie-openj9
Tue Nov 21 21:36:58 2023,XMLDOMComparator.html,genie-openj9
Tue Nov 21 21:36:58 2023,XMLDOMComparator.html,genie-openj9
Tue Nov 21 21:36:58 2023,package-summary.html,genie-openj9
Tue Nov 21 21:36:58 2023,package-tree.html,genie-openj9
Tue Nov 21 21:36:58 2023,package-use.html,genie-openj9
Tue Nov 21 21:36:58 2023,GeneratedClassDebugging.html,genie-openj9
Tue Nov 21 21:36:58 2023,IteratorHelpers.IteratorFilter.html,genie-openj9
Tue Nov 21 21:36:58 2023,IteratorHelpers.html,genie-openj9
Tue Nov 21 21:36:58 2023,PatternString.PatternStringPair.html,genie-openj9
Tue Nov 21 21:36:58 2023,PatternString.html,genie-openj9
Tue Nov 21 21:36:58 2023,RuntimeTypeResolutionUtils.html,genie-openj9
Tue Nov 21 21:36:58 2023,WeakValueMap.html,genie-openj9
Tue Nov 21 21:36:58 2023,GeneratedClassDebugging.html,genie-openj9
Tue Nov 21 21:36:58 2023,IteratorHelpers.IteratorFilter.html,genie-openj9
Tue Nov 21 21:36:58 2023,IteratorHelpers.html,genie-openj9
Tue Nov 21 21:36:58 2023,PatternString.PatternStringPair.html,genie-openj9
Tue Nov 21 21:36:58 2023,PatternString.html,genie-openj9
Tue Nov 21 21:36:58 2023,RuntimeTypeResolutionUtils.html,genie-openj9
Tue Nov 21 21:36:58 2023,WeakValueMap.html,genie-openj9
Tue Nov 21 21:36:58 2023,package-summary.html,genie-openj9
Tue Nov 21 21:36:58 2023,package-tree.html,genie-openj9
Tue Nov 21 21:36:58 2023,package-use.html,genie-openj9
Tue Nov 21 21:36:58 2023,DTFJConstants.html,genie-openj9
Tue Nov 21 21:36:58 2023,DTFJCorruptDataException.html,genie-openj9
Tue Nov 21 21:36:58 2023,J9DDRDTFJUtils.html,genie-openj9
Tue Nov 21 21:36:58 2023,DTFJConstants.html,genie-openj9
Tue Nov 21 21:36:58 2023,DTFJCorruptDataException.html,genie-openj9
Tue Nov 21 21:36:58 2023,J9DDRDTFJUtils.html,genie-openj9
Tue Nov 21 21:36:58 2023,J9DDRBaseImageThread.html,genie-openj9
Tue Nov 21 21:36:58 2023,J9DDRCorruptData.html,genie-openj9
Tue Nov 21 21:36:58 2023,J9DDRImage.html,genie-openj9
Tue Nov 21 21:36:58 2023,J9DDRImageAddressSpace.html,genie-openj9
Tue Nov 21 21:36:58 2023,J9DDRImageFactory.html,genie-openj9
Tue Nov 21 21:36:58 2023,J9DDRImageModule.html,genie-openj9
Tue Nov 21 21:36:58 2023,J9DDRImagePointer.html,genie-openj9
Tue Nov 21 21:36:58 2023,J9DDRImageProcess.html,genie-openj9
Tue Nov 21 21:36:58 2023,J9DDRImageRegister.html,genie-openj9
Tue Nov 21 21:36:58 2023,J9DDRImageSection.html,genie-openj9
Tue Nov 21 21:36:58 2023,J9DDRImageStackFrame.html,genie-openj9
Tue Nov 21 21:36:58 2023,J9DDRImageSymbol.html,genie-openj9
Tue Nov 21 21:36:58 2023,J9DDRImageThread.html,genie-openj9
Tue Nov 21 21:36:58 2023,J9DDRStubImageThread.html,genie-openj9
Tue Nov 21 21:36:58 2023,J9RASImageDataFactory.MachineData.html,genie-openj9
Tue Nov 21 21:36:58 2023,J9RASImageDataFactory.ProcessData.html,genie-openj9
Tue Nov 21 21:36:58 2023,J9RASImageDataFactory.html,genie-openj9
Tue Nov 21 21:36:58 2023,J9DDRBaseImageThread.html,genie-openj9
Tue Nov 21 21:36:58 2023,J9DDRCorruptData.html,genie-openj9
Tue Nov 21 21:36:58 2023,J9DDRImage.html,genie-openj9
Tue Nov 21 21:36:58 2023,J9DDRImageAddressSpace.html,genie-openj9
Tue Nov 21 21:36:58 2023,J9DDRImageFactory.html,genie-openj9
Tue Nov 21 21:36:58 2023,J9DDRImageModule.html,genie-openj9
Tue Nov 21 21:36:58 2023,J9DDRImagePointer.html,genie-openj9
Tue Nov 21 21:36:58 2023,J9DDRImageProcess.html,genie-openj9
Tue Nov 21 21:36:58 2023,J9DDRImageRegister.html,genie-openj9
Tue Nov 21 21:36:58 2023,J9DDRImageSection.html,genie-openj9
Tue Nov 21 21:36:58 2023,J9DDRImageStackFrame.html,genie-openj9
Tue Nov 21 21:36:58 2023,J9DDRImageSymbol.html,genie-openj9
Tue Nov 21 21:36:58 2023,J9DDRImageThread.html,genie-openj9
Tue Nov 21 21:36:58 2023,J9DDRStubImageThread.html,genie-openj9
Tue Nov 21 21:36:58 2023,J9RASImageDataFactory.MachineData.html,genie-openj9
Tue Nov 21 21:36:58 2023,J9RASImageDataFactory.ProcessData.html,genie-openj9
Tue Nov 21 21:36:58 2023,J9RASImageDataFactory.html,genie-openj9
Tue Nov 21 21:36:58 2023,package-summary.html,genie-openj9
Tue Nov 21 21:36:58 2023,package-tree.html,genie-openj9
Tue Nov 21 21:36:58 2023,package-use.html,genie-openj9
Tue Nov 21 21:36:58 2023,IDTFJJavaField.html,genie-openj9
Tue Nov 21 21:36:58 2023,IDTFJJavaField.html,genie-openj9
Tue Nov 21 21:36:58 2023,DTFJJavaClassHelper.html,genie-openj9
Tue Nov 21 21:36:58 2023,DTFJJavaFieldHelper.html,genie-openj9
Tue Nov 21 21:36:58 2023,DTFJJavaRuntimeHelper.html,genie-openj9
Tue Nov 21 21:36:58 2023,DTFJJavaClassHelper.html,genie-openj9
Tue Nov 21 21:36:58 2023,DTFJJavaFieldHelper.html,genie-openj9
Tue Nov 21 21:36:58 2023,DTFJJavaRuntimeHelper.html,genie-openj9
Tue Nov 21 21:36:58 2023,package-summary.html,genie-openj9
Tue Nov 21 21:36:58 2023,package-tree.html,genie-openj9
Tue Nov 21 21:36:58 2023,package-use.html,genie-openj9
Tue Nov 21 21:36:58 2023,package-summary.html,genie-openj9
Tue Nov 21 21:36:58 2023,package-tree.html,genie-openj9
Tue Nov 21 21:36:58 2023,package-use.html,genie-openj9
Tue Nov 21 21:36:58 2023,package-summary.html,genie-openj9
Tue Nov 21 21:36:58 2023,package-tree.html,genie-openj9
Tue Nov 21 21:36:58 2023,package-use.html,genie-openj9
Tue Nov 21 21:36:58 2023,Bootstrap.html,genie-openj9
Tue Nov 21 21:36:58 2023,NativeRuntime.html,genie-openj9
Tue Nov 21 21:36:58 2023,Bootstrap.html,genie-openj9
Tue Nov 21 21:36:58 2023,NativeRuntime.html,genie-openj9
Tue Nov 21 21:36:58 2023,package-summary.html,genie-openj9
Tue Nov 21 21:36:58 2023,package-tree.html,genie-openj9
Tue Nov 21 21:36:58 2023,package-use.html,genie-openj9
Tue Nov 21 21:36:58 2023,DefaultEventListener.html,genie-openj9
Tue Nov 21 21:36:58 2023,EventManager.html,genie-openj9
Tue Nov 21 21:36:58 2023,DefaultEventListener.html,genie-openj9
Tue Nov 21 21:36:58 2023,EventManager.html,genie-openj9
Tue Nov 21 21:36:58 2023,package-summary.html,genie-openj9
Tue Nov 21 21:36:58 2023,package-tree.html,genie-openj9
Tue Nov 21 21:36:58 2023,package-use.html,genie-openj9
Tue Nov 21 21:36:58 2023,AVLTree.html,genie-openj9
Tue Nov 21 21:36:58 2023,AddressAwareRootScanner.html,genie-openj9
Tue Nov 21 21:36:58 2023,AlgorithmPicker.html,genie-openj9
Tue Nov 21 21:36:58 2023,AlgorithmVersion.html,genie-openj9
Tue Nov 21 21:36:58 2023,ArgBits.html,genie-openj9
Tue Nov 21 21:36:58 2023,BCNames.html,genie-openj9
Tue Nov 21 21:36:58 2023,BaseAlgorithm.html,genie-openj9
Tue Nov 21 21:36:58 2023,BytecodeWalk.html,genie-openj9
Tue Nov 21 21:36:58 2023,ConstantPoolHelpers.html,genie-openj9
Tue Nov 21 21:36:58 2023,DataType.html,genie-openj9
Tue Nov 21 21:36:58 2023,GCVMThreadStackSlotIterator.html,genie-openj9
Tue Nov 21 21:36:58 2023,HashTable.HashEqualFunction.html,genie-openj9
Tue Nov 21 21:36:58 2023,HashTable.HashFunction.html,genie-openj9
Tue Nov 21 21:36:58 2023,HashTable.html,genie-openj9
Tue Nov 21 21:36:58 2023,HashTable_V1.html,genie-openj9
Tue Nov 21 21:36:58 2023,IAVLSearchComparator.html,genie-openj9
Tue Nov 21 21:36:58 2023,IAlgorithm.html,genie-openj9
Tue Nov 21 21:36:58 2023,IHashTable.html,genie-openj9
Tue Nov 21 21:36:58 2023,J9ConstantHelper.html,genie-openj9
Tue Nov 21 21:36:58 2023,J9JavaStackIterator.html,genie-openj9
Tue Nov 21 21:36:58 2023,J9ObjectFieldOffset.html,genie-openj9
Tue Nov 21 21:36:58 2023,J9ObjectFieldOffsetIterator.html,genie-openj9
Tue Nov 21 21:36:58 2023,J9ObjectFieldOffsetIterator_V1.html,genie-openj9
Tue Nov 21 21:36:58 2023,J9ROMFieldShapeIterator.html,genie-openj9
Tue Nov 21 21:36:58 2023,J9ThreadMonitorHelper.html,genie-openj9
Tue Nov 21 21:36:58 2023,J9VMThreadPointerUtil.ThreadInfo.html,genie-openj9
Tue Nov 21 21:36:58 2023,J9VMThreadPointerUtil.html,genie-openj9
Tue Nov 21 21:36:58 2023,JITLook.html,genie-openj9
Tue Nov 21 21:36:58 2023,JVMTIObjectTagTable.ObjectTagEqualFunction.html,genie-openj9
Tue Nov 21 21:36:58 2023,JVMTIObjectTagTable.ObjectTagHashFunction.html,genie-openj9
Tue Nov 21 21:36:58 2023,JVMTIObjectTagTable.html,genie-openj9
Tue Nov 21 21:36:58 2023,JavaLangClassLoaderHelper.html,genie-openj9
Tue Nov 21 21:36:58 2023,LiveSetWalker.ObjectVisitor.html,genie-openj9
Tue Nov 21 21:36:58 2023,LiveSetWalker.html,genie-openj9
Tue Nov 21 21:36:58 2023,ModuleHashTable.html,genie-openj9
Tue Nov 21 21:36:58 2023,MonitorTable.MonitorEqualFunction_V1.html,genie-openj9
Tue Nov 21 21:36:58 2023,MonitorTable.MonitorHashFunction_V1.html,genie-openj9
Tue Nov 21 21:36:58 2023,MonitorTable.html,genie-openj9
Tue Nov 21 21:36:58 2023,MonitorTableList.html,genie-openj9
Tue Nov 21 21:36:58 2023,MonitorTableListIterator.html,genie-openj9
Tue Nov 21 21:36:58 2023,ObjectAccessBarrier.html,genie-openj9
Tue Nov 21 21:36:58 2023,ObjectFieldInfo.html,genie-openj9
Tue Nov 21 21:36:58 2023,ObjectHash.html,genie-openj9
Tue Nov 21 21:36:58 2023,ObjectModel.html,genie-openj9
Tue Nov 21 21:36:58 2023,ObjectMonitor.html,genie-openj9
Tue Nov 21 21:36:58 2023,OptInfo.html,genie-openj9
Tue Nov 21 21:36:58 2023,PCStack.html,genie-openj9
Tue Nov 21 21:36:58 2023,PackageHashTable.html,genie-openj9
Tue Nov 21 21:36:58 2023,Pool.html,genie-openj9
Tue Nov 21 21:36:58 2023,Pool_29_V0.html,genie-openj9
Tue Nov 21 21:36:58 2023,ROMHelp.html,genie-openj9
Tue Nov 21 21:36:58 2023,RootScanner.Reachability.html,genie-openj9
Tue Nov 21 21:36:58 2023,RootScanner.html,genie-openj9
Tue Nov 21 21:36:58 2023,RootSet.RootSetType.html,genie-openj9
Tue Nov 21 21:36:58 2023,RootSet.html,genie-openj9
Tue Nov 21 21:36:58 2023,SendSlot.html,genie-openj9
Tue Nov 21 21:36:58 2023,SlotIterator.html,genie-openj9
Tue Nov 21 21:36:58 2023,StackRoots.html,genie-openj9
Tue Nov 21 21:36:58 2023,StringTable.StringComparatorFunction.html,genie-openj9
Tue Nov 21 21:36:58 2023,StringTable.StringEqualFunction.html,genie-openj9
Tue Nov 21 21:36:58 2023,StringTable.StringHashFunction.html,genie-openj9
Tue Nov 21 21:36:58 2023,StringTable.html,genie-openj9
Tue Nov 21 21:36:58 2023,SystemMonitor.html,genie-openj9
Tue Nov 21 21:36:58 2023,SystemMonitorSingleTier_V1.html,genie-openj9
Tue Nov 21 21:36:58 2023,SystemMonitorThreeTier_V1.html,genie-openj9
Tue Nov 21 21:36:58 2023,VMConstantPool.html,genie-openj9
Tue Nov 21 21:36:58 2023,VMData.html,genie-openj9
Tue Nov 21 21:36:58 2023,VrfyTbl.html,genie-openj9
Tue Nov 21 21:36:58 2023,AVLTree.html,genie-openj9
Tue Nov 21 21:36:58 2023,AddressAwareRootScanner.html,genie-openj9
Tue Nov 21 21:36:58 2023,AlgorithmPicker.html,genie-openj9
Tue Nov 21 21:36:58 2023,AlgorithmVersion.html,genie-openj9
Tue Nov 21 21:36:58 2023,ArgBits.html,genie-openj9
Tue Nov 21 21:36:58 2023,BCNames.html,genie-openj9
Tue Nov 21 21:36:58 2023,BaseAlgorithm.html,genie-openj9
Tue Nov 21 21:36:58 2023,BytecodeWalk.html,genie-openj9
Tue Nov 21 21:36:58 2023,ConstantPoolHelpers.html,genie-openj9
Tue Nov 21 21:36:58 2023,DataType.html,genie-openj9
Tue Nov 21 21:36:58 2023,GCVMThreadStackSlotIterator.html,genie-openj9
Tue Nov 21 21:36:58 2023,HashTable.HashEqualFunction.html,genie-openj9
Tue Nov 21 21:36:58 2023,HashTable.HashFunction.html,genie-openj9
Tue Nov 21 21:36:58 2023,HashTable.html,genie-openj9
Tue Nov 21 21:36:58 2023,HashTable_V1.html,genie-openj9
Tue Nov 21 21:36:58 2023,IAVLSearchComparator.html,genie-openj9
Tue Nov 21 21:36:58 2023,IAlgorithm.html,genie-openj9
Tue Nov 21 21:36:58 2023,IHashTable.html,genie-openj9
Tue Nov 21 21:36:58 2023,J9ConstantHelper.html,genie-openj9
Tue Nov 21 21:36:58 2023,J9JavaStackIterator.html,genie-openj9
Tue Nov 21 21:36:58 2023,J9ObjectFieldOffset.html,genie-openj9
Tue Nov 21 21:36:58 2023,J9ObjectFieldOffsetIterator.html,genie-openj9
Tue Nov 21 21:36:58 2023,J9ObjectFieldOffsetIterator_V1.html,genie-openj9
Tue Nov 21 21:36:58 2023,J9ROMFieldShapeIterator.html,genie-openj9
Tue Nov 21 21:36:58 2023,J9ThreadMonitorHelper.html,genie-openj9
Tue Nov 21 21:36:58 2023,J9VMThreadPointerUtil.ThreadInfo.html,genie-openj9
Tue Nov 21 21:36:58 2023,J9VMThreadPointerUtil.html,genie-openj9
Tue Nov 21 21:36:58 2023,JITLook.html,genie-openj9
Tue Nov 21 21:36:58 2023,JVMTIObjectTagTable.ObjectTagEqualFunction.html,genie-openj9
Tue Nov 21 21:36:58 2023,JVMTIObjectTagTable.ObjectTagHashFunction.html,genie-openj9
Tue Nov 21 21:36:58 2023,JVMTIObjectTagTable.html,genie-openj9
Tue Nov 21 21:36:58 2023,JavaLangClassLoaderHelper.html,genie-openj9
Tue Nov 21 21:36:58 2023,LiveSetWalker.ObjectVisitor.html,genie-openj9
Tue Nov 21 21:36:58 2023,LiveSetWalker.html,genie-openj9
Tue Nov 21 21:36:58 2023,ModuleHashTable.html,genie-openj9
Tue Nov 21 21:36:58 2023,MonitorTable.MonitorEqualFunction_V1.html,genie-openj9
Tue Nov 21 21:36:58 2023,MonitorTable.MonitorHashFunction_V1.html,genie-openj9
Tue Nov 21 21:36:58 2023,MonitorTable.html,genie-openj9
Tue Nov 21 21:36:58 2023,MonitorTableList.html,genie-openj9
Tue Nov 21 21:36:58 2023,MonitorTableListIterator.html,genie-openj9
Tue Nov 21 21:36:58 2023,ObjectAccessBarrier.html,genie-openj9
Tue Nov 21 21:36:58 2023,ObjectFieldInfo.html,genie-openj9
Tue Nov 21 21:36:58 2023,ObjectHash.html,genie-openj9
Tue Nov 21 21:36:58 2023,ObjectModel.html,genie-openj9
Tue Nov 21 21:36:58 2023,ObjectMonitor.html,genie-openj9
Tue Nov 21 21:36:58 2023,OptInfo.html,genie-openj9
Tue Nov 21 21:36:58 2023,PCStack.html,genie-openj9
Tue Nov 21 21:36:58 2023,PackageHashTable.html,genie-openj9
Tue Nov 21 21:36:58 2023,Pool.html,genie-openj9
Tue Nov 21 21:36:58 2023,Pool_29_V0.html,genie-openj9
Tue Nov 21 21:36:58 2023,ROMHelp.html,genie-openj9
Tue Nov 21 21:36:58 2023,RootScanner.Reachability.html,genie-openj9
Tue Nov 21 21:36:58 2023,RootScanner.html,genie-openj9
Tue Nov 21 21:36:58 2023,RootSet.RootSetType.html,genie-openj9
Tue Nov 21 21:36:58 2023,RootSet.html,genie-openj9
Tue Nov 21 21:36:58 2023,SendSlot.html,genie-openj9
Tue Nov 21 21:36:58 2023,SlotIterator.html,genie-openj9
Tue Nov 21 21:36:58 2023,StackRoots.html,genie-openj9
Tue Nov 21 21:36:58 2023,StringTable.StringComparatorFunction.html,genie-openj9
Tue Nov 21 21:36:58 2023,StringTable.StringEqualFunction.html,genie-openj9
Tue Nov 21 21:36:58 2023,StringTable.StringHashFunction.html,genie-openj9
Tue Nov 21 21:36:58 2023,StringTable.html,genie-openj9
Tue Nov 21 21:36:58 2023,SystemMonitor.html,genie-openj9
Tue Nov 21 21:36:58 2023,SystemMonitorSingleTier_V1.html,genie-openj9
Tue Nov 21 21:36:58 2023,SystemMonitorThreeTier_V1.html,genie-openj9
Tue Nov 21 21:36:58 2023,VMConstantPool.html,genie-openj9
Tue Nov 21 21:36:58 2023,VMData.html,genie-openj9
Tue Nov 21 21:36:58 2023,VrfyTbl.html,genie-openj9
Tue Nov 21 21:36:58 2023,CorruptFreeEntryException.html,genie-openj9
Tue Nov 21 21:36:58 2023,CorruptHintException.html,genie-openj9
Tue Nov 21 21:36:58 2023,GCArrayletObjectModelBase.html,genie-openj9
Tue Nov 21 21:36:58 2023,GCBase.html,genie-openj9
Tue Nov 21 21:36:58 2023,GCCardCleaner.html,genie-openj9
Tue Nov 21 21:36:58 2023,GCCardTable.html,genie-openj9
Tue Nov 21 21:36:58 2023,GCClassArrayClassSlotIterator.html,genie-openj9
Tue Nov 21 21:36:58 2023,GCClassHeapIterator.html,genie-openj9
Tue Nov 21 21:36:58 2023,GCClassIterator.html,genie-openj9
Tue Nov 21 21:36:58 2023,GCClassIteratorClassSlots.html,genie-openj9
Tue Nov 21 21:36:58 2023,GCClassLoaderIterator.html,genie-openj9
Tue Nov 21 21:36:58 2023,GCClassLoaderSegmentClassesIterator.html,genie-openj9
Tue Nov 21 21:36:58 2023,GCClassLoaderSegmentIterator.html,genie-openj9
Tue Nov 21 21:36:58 2023,GCClassLocalInterfaceIterator.html,genie-openj9
Tue Nov 21 21:36:58 2023,GCClassStaticsIterator.html,genie-openj9
Tue Nov 21 21:36:58 2023,GCClassSuperclassesIterator.html,genie-openj9
Tue Nov 21 21:36:58 2023,GCConstantPoolClassSlotIterator.html,genie-openj9
Tue Nov 21 21:36:58 2023,GCConstantPoolObjectSlotIterator.html,genie-openj9
Tue Nov 21 21:36:58 2023,GCConstantPoolSlotIterator.html,genie-openj9
Tue Nov 21 21:36:58 2023,GCExtensions.html,genie-openj9
Tue Nov 21 21:36:58 2023,GCFinalizableObjectIterator.html,genie-openj9
Tue Nov 21 21:36:58 2023,GCFreeListHeapIterator.html,genie-openj9
Tue Nov 21 21:36:58 2023,GCFreeListIteratorAggregatedCellList.html,genie-openj9
Tue Nov 21 21:36:58 2023,GCHeapLinkedFreeHeader.html,genie-openj9
Tue Nov 21 21:36:58 2023,GCHeapMap.MarkedObject.html,genie-openj9
Tue Nov 21 21:36:58 2023,GCHeapMap.html,genie-openj9
Tue Nov 21 21:36:58 2023,GCHeapMapWordIterator.html,genie-openj9
Tue Nov 21 21:36:58 2023,GCHeapRegionDescriptor.html,genie-openj9
Tue Nov 21 21:36:58 2023,GCHeapRegionDescriptorSegregated_V1.html,genie-openj9
Tue Nov 21 21:36:58 2023,GCHeapRegionIterator.html,genie-openj9
Tue Nov 21 21:36:58 2023,GCHeapRegionManager.html,genie-openj9
Tue Nov 21 21:36:58 2023,GCHeapSpanRegionIterator.html,genie-openj9
Tue Nov 21 21:36:58 2023,GCIterator.html,genie-openj9
Tue Nov 21 21:36:58 2023,GCJNIGlobalReferenceIterator.html,genie-openj9
Tue Nov 21 21:36:58 2023,GCJNIWeakGlobalReferenceIterator.html,genie-openj9
Tue Nov 21 21:36:58 2023,GCJVMTIObjectTagTableIterator.html,genie-openj9
Tue Nov 21 21:36:58 2023,GCJVMTIObjectTagTableListIterator.html,genie-openj9
Tue Nov 21 21:36:58 2023,GCMarkMap.html,genie-openj9
Tue Nov 21 21:36:58 2023,GCMarkMapStandard.html,genie-openj9
Tue Nov 21 21:36:58 2023,GCMemoryPool.MemoryPoolType.html,genie-openj9
Tue Nov 21 21:36:58 2023,GCMemoryPool.html,genie-openj9
Tue Nov 21 21:36:58 2023,GCMemoryPoolAddressOrderedList.html,genie-openj9
Tue Nov 21 21:36:58 2023,GCMemoryPoolAggregatedCellList.html,genie-openj9
Tue Nov 21 21:36:58 2023,GCMemoryPoolIterator.html,genie-openj9
Tue Nov 21 21:36:58 2023,GCMemoryPoolSplitAddressOrderedList.html,genie-openj9
Tue Nov 21 21:36:58 2023,GCModronAllocateHintIterator.html,genie-openj9
Tue Nov 21 21:36:58 2023,GCModronAllocateHintIteratorAOL.html,genie-openj9
Tue Nov 21 21:36:58 2023,GCModronAllocateHintIteratorSAOL.html,genie-openj9
Tue Nov 21 21:36:58 2023,GCMonitorReferenceIterator.html,genie-openj9
Tue Nov 21 21:36:58 2023,GCObjectHeapIterator.html,genie-openj9
Tue Nov 21 21:36:58 2023,GCObjectHeapIteratorMarkMapIterator_V1.html,genie-openj9
Tue Nov 21 21:36:58 2023,GCObjectHeapIteratorNullIterator.html,genie-openj9
Tue Nov 21 21:36:58 2023,GCObjectIterator.html,genie-openj9
Tue Nov 21 21:36:58 2023,GCObjectModel.html,genie-openj9
Tue Nov 21 21:36:58 2023,GCOwnableSynchronizerObjectListIterator.html,genie-openj9
Tue Nov 21 21:36:58 2023,GCRememberedSetIterator.html,genie-openj9
Tue Nov 21 21:36:58 2023,GCRememberedSetSlotIterator.html,genie-openj9
Tue Nov 21 21:36:58 2023,GCScavengerForwardedHeader.html,genie-openj9
Tue Nov 21 21:36:58 2023,GCSegmentIterator.html,genie-openj9
Tue Nov 21 21:36:58 2023,GCStringCacheTableIterator.html,genie-openj9
Tue Nov 21 21:36:58 2023,GCStringTableIterator.html,genie-openj9
Tue Nov 21 21:36:58 2023,GCUnfinalizedListIterator.html,genie-openj9
Tue Nov 21 21:36:58 2023,GCUnfinalizedListSlotIterator.html,genie-openj9
Tue Nov 21 21:36:58 2023,GCUnfinalizedObjectListIterator.html,genie-openj9
Tue Nov 21 21:36:58 2023,GCVMClassSlotIterator.html,genie-openj9
Tue Nov 21 21:36:58 2023,GCVMThreadIterator.html,genie-openj9
Tue Nov 21 21:36:58 2023,GCVMThreadJNISlotIterator.html,genie-openj9
Tue Nov 21 21:36:58 2023,GCVMThreadListIterator.html,genie-openj9
Tue Nov 21 21:36:58 2023,GCVMThreadMonitorRecordSlotIterator.html,genie-openj9
Tue Nov 21 21:36:58 2023,GCVMThreadSlotIterator.html,genie-openj9
Tue Nov 21 21:36:58 2023,MMObjectAccessBarrier.html,genie-openj9
Tue Nov 21 21:36:58 2023,CorruptFreeEntryException.html,genie-openj9
Tue Nov 21 21:36:58 2023,CorruptHintException.html,genie-openj9
Tue Nov 21 21:36:58 2023,GCArrayletObjectModelBase.html,genie-openj9
Tue Nov 21 21:36:58 2023,GCBase.html,genie-openj9
Tue Nov 21 21:36:58 2023,GCCardCleaner.html,genie-openj9
Tue Nov 21 21:36:58 2023,GCCardTable.html,genie-openj9
Tue Nov 21 21:36:58 2023,GCClassArrayClassSlotIterator.html,genie-openj9
Tue Nov 21 21:36:58 2023,GCClassHeapIterator.html,genie-openj9
Tue Nov 21 21:36:58 2023,GCClassIterator.html,genie-openj9
Tue Nov 21 21:36:58 2023,GCClassIteratorClassSlots.html,genie-openj9
Tue Nov 21 21:36:58 2023,GCClassLoaderIterator.html,genie-openj9
Tue Nov 21 21:36:58 2023,GCClassLoaderSegmentClassesIterator.html,genie-openj9
Tue Nov 21 21:36:58 2023,GCClassLoaderSegmentIterator.html,genie-openj9
Tue Nov 21 21:36:58 2023,GCClassLocalInterfaceIterator.html,genie-openj9
Tue Nov 21 21:36:58 2023,GCClassStaticsIterator.html,genie-openj9
Tue Nov 21 21:36:58 2023,GCClassSuperclassesIterator.html,genie-openj9
Tue Nov 21 21:36:58 2023,GCConstantPoolClassSlotIterator.html,genie-openj9
Tue Nov 21 21:36:58 2023,GCConstantPoolObjectSlotIterator.html,genie-openj9
Tue Nov 21 21:36:58 2023,GCConstantPoolSlotIterator.html,genie-openj9
Tue Nov 21 21:36:58 2023,GCExtensions.html,genie-openj9
Tue Nov 21 21:36:58 2023,GCFinalizableObjectIterator.html,genie-openj9
Tue Nov 21 21:36:58 2023,GCFreeListHeapIterator.html,genie-openj9
Tue Nov 21 21:36:58 2023,GCFreeListIteratorAggregatedCellList.html,genie-openj9
Tue Nov 21 21:36:58 2023,GCHeapLinkedFreeHeader.html,genie-openj9
Tue Nov 21 21:36:58 2023,GCHeapMap.MarkedObject.html,genie-openj9
Tue Nov 21 21:36:58 2023,GCHeapMap.html,genie-openj9
Tue Nov 21 21:36:58 2023,GCHeapMapWordIterator.html,genie-openj9
Tue Nov 21 21:36:58 2023,GCHeapRegionDescriptor.html,genie-openj9
Tue Nov 21 21:36:58 2023,GCHeapRegionDescriptorSegregated_V1.html,genie-openj9
Tue Nov 21 21:36:58 2023,GCHeapRegionIterator.html,genie-openj9
Tue Nov 21 21:36:58 2023,GCHeapRegionManager.html,genie-openj9
Tue Nov 21 21:36:58 2023,GCHeapSpanRegionIterator.html,genie-openj9
Tue Nov 21 21:36:58 2023,GCIterator.html,genie-openj9
Tue Nov 21 21:36:58 2023,GCJNIGlobalReferenceIterator.html,genie-openj9
Tue Nov 21 21:36:58 2023,GCJNIWeakGlobalReferenceIterator.html,genie-openj9
Tue Nov 21 21:36:58 2023,GCJVMTIObjectTagTableIterator.html,genie-openj9
Tue Nov 21 21:36:58 2023,GCJVMTIObjectTagTableListIterator.html,genie-openj9
Tue Nov 21 21:36:58 2023,GCMarkMap.html,genie-openj9
Tue Nov 21 21:36:58 2023,GCMarkMapStandard.html,genie-openj9
Tue Nov 21 21:36:58 2023,GCMemoryPool.MemoryPoolType.html,genie-openj9
Tue Nov 21 21:36:58 2023,GCMemoryPool.html,genie-openj9
Tue Nov 21 21:36:58 2023,GCMemoryPoolAddressOrderedList.html,genie-openj9
Tue Nov 21 21:36:58 2023,GCMemoryPoolAggregatedCellList.html,genie-openj9
Tue Nov 21 21:36:58 2023,GCMemoryPoolIterator.html,genie-openj9
Tue Nov 21 21:36:58 2023,GCMemoryPoolSplitAddressOrderedList.html,genie-openj9
Tue Nov 21 21:36:58 2023,GCModronAllocateHintIterator.html,genie-openj9
Tue Nov 21 21:36:58 2023,GCModronAllocateHintIteratorAOL.html,genie-openj9
Tue Nov 21 21:36:58 2023,GCModronAllocateHintIteratorSAOL.html,genie-openj9
Tue Nov 21 21:36:58 2023,GCMonitorReferenceIterator.html,genie-openj9
Tue Nov 21 21:36:58 2023,GCObjectHeapIterator.html,genie-openj9
Tue Nov 21 21:36:58 2023,GCObjectHeapIteratorMarkMapIterator_V1.html,genie-openj9
Tue Nov 21 21:36:58 2023,GCObjectHeapIteratorNullIterator.html,genie-openj9
Tue Nov 21 21:36:58 2023,GCObjectIterator.html,genie-openj9
Tue Nov 21 21:36:58 2023,GCObjectModel.html,genie-openj9
Tue Nov 21 21:36:58 2023,GCOwnableSynchronizerObjectListIterator.html,genie-openj9
Tue Nov 21 21:36:58 2023,GCRememberedSetIterator.html,genie-openj9
Tue Nov 21 21:36:58 2023,GCRememberedSetSlotIterator.html,genie-openj9
Tue Nov 21 21:36:58 2023,GCScavengerForwardedHeader.html,genie-openj9
Tue Nov 21 21:36:58 2023,GCSegmentIterator.html,genie-openj9
Tue Nov 21 21:36:58 2023,GCStringCacheTableIterator.html,genie-openj9
Tue Nov 21 21:36:58 2023,GCStringTableIterator.html,genie-openj9
Tue Nov 21 21:36:58 2023,GCUnfinalizedListIterator.html,genie-openj9
Tue Nov 21 21:36:58 2023,GCUnfinalizedListSlotIterator.html,genie-openj9
Tue Nov 21 21:36:58 2023,GCUnfinalizedObjectListIterator.html,genie-openj9
Tue Nov 21 21:36:58 2023,GCVMClassSlotIterator.html,genie-openj9
Tue Nov 21 21:36:58 2023,GCVMThreadIterator.html,genie-openj9
Tue Nov 21 21:36:58 2023,GCVMThreadJNISlotIterator.html,genie-openj9
Tue Nov 21 21:36:58 2023,GCVMThreadListIterator.html,genie-openj9
Tue Nov 21 21:36:58 2023,GCVMThreadMonitorRecordSlotIterator.html,genie-openj9
Tue Nov 21 21:36:58 2023,GCVMThreadSlotIterator.html,genie-openj9
Tue Nov 21 21:36:58 2023,MMObjectAccessBarrier.html,genie-openj9
Tue Nov 21 21:36:58 2023,package-summary.html,genie-openj9
Tue Nov 21 21:36:58 2023,package-tree.html,genie-openj9
Tue Nov 21 21:36:58 2023,package-use.html,genie-openj9
Tue Nov 21 21:36:58 2023,package-summary.html,genie-openj9
Tue Nov 21 21:36:58 2023,package-tree.html,genie-openj9
Tue Nov 21 21:36:58 2023,package-use.html,genie-openj9
Tue Nov 21 21:36:58 2023,DebugLocalMap.html,genie-openj9
Tue Nov 21 21:36:58 2023,LocalMap.html,genie-openj9
Tue Nov 21 21:36:58 2023,StackMap.html,genie-openj9
Tue Nov 21 21:36:58 2023,DebugLocalMap.html,genie-openj9
Tue Nov 21 21:36:58 2023,LocalMap.html,genie-openj9
Tue Nov 21 21:36:58 2023,StackMap.html,genie-openj9
Tue Nov 21 21:36:58 2023,package-summary.html,genie-openj9
Tue Nov 21 21:36:58 2023,package-tree.html,genie-openj9
Tue Nov 21 21:36:58 2023,package-use.html,genie-openj9
Tue Nov 21 21:36:58 2023,BaseStackWalkerCallbacks.html,genie-openj9
Tue Nov 21 21:36:58 2023,FrameCallbackResult.html,genie-openj9
Tue Nov 21 21:36:58 2023,IStackWalkerCallbacks.html,genie-openj9
Tue Nov 21 21:36:58 2023,JITRegMap.html,genie-openj9
Tue Nov 21 21:36:58 2023,JITStackWalker.html,genie-openj9
Tue Nov 21 21:36:58 2023,MethodMetaData.JITMaps.html,genie-openj9
Tue Nov 21 21:36:58 2023,MethodMetaData.html,genie-openj9
Tue Nov 21 21:36:58 2023,StackWalkResult.html,genie-openj9
Tue Nov 21 21:36:58 2023,StackWalker.html,genie-openj9
Tue Nov 21 21:36:58 2023,StackWalkerUtils.html,genie-openj9
Tue Nov 21 21:36:58 2023,TerseStackWalkerCallbacks.html,genie-openj9
Tue Nov 21 21:36:58 2023,WalkState.html,genie-openj9
Tue Nov 21 21:36:58 2023,BaseStackWalkerCallbacks.html,genie-openj9
Tue Nov 21 21:36:58 2023,FrameCallbackResult.html,genie-openj9
Tue Nov 21 21:36:58 2023,IStackWalkerCallbacks.html,genie-openj9
Tue Nov 21 21:36:58 2023,JITRegMap.html,genie-openj9
Tue Nov 21 21:36:58 2023,JITStackWalker.html,genie-openj9
Tue Nov 21 21:36:58 2023,MethodMetaData.JITMaps.html,genie-openj9
Tue Nov 21 21:36:58 2023,MethodMetaData.html,genie-openj9
Tue Nov 21 21:36:58 2023,StackWalkResult.html,genie-openj9
Tue Nov 21 21:36:58 2023,StackWalker.html,genie-openj9
Tue Nov 21 21:36:58 2023,StackWalkerUtils.html,genie-openj9
Tue Nov 21 21:36:58 2023,TerseStackWalkerCallbacks.html,genie-openj9
Tue Nov 21 21:36:58 2023,WalkState.html,genie-openj9
Tue Nov 21 21:36:58 2023,package-summary.html,genie-openj9
Tue Nov 21 21:36:58 2023,package-tree.html,genie-openj9
Tue Nov 21 21:36:58 2023,package-use.html,genie-openj9
Tue Nov 21 21:36:58 2023,ArrayIterator.html,genie-openj9
Tue Nov 21 21:36:58 2023,ClassIterator.html,genie-openj9
Tue Nov 21 21:36:58 2023,ClassSegmentIterator.html,genie-openj9
Tue Nov 21 21:36:58 2023,FilteredROMClassesIterator.html,genie-openj9
Tue Nov 21 21:36:58 2023,HeapWalker.html,genie-openj9
Tue Nov 21 21:36:58 2023,HeapWalkerEvents.html,genie-openj9
Tue Nov 21 21:36:58 2023,J9MemTagIterator.html,genie-openj9
Tue Nov 21 21:36:58 2023,J9ROMClassAndMethod.html,genie-openj9
Tue Nov 21 21:36:58 2023,LineNumber.html,genie-openj9
Tue Nov 21 21:36:58 2023,LineNumberIterator.html,genie-openj9
Tue Nov 21 21:36:58 2023,LocalVariableTable.html,genie-openj9
Tue Nov 21 21:36:58 2023,LocalVariableTableIterator.html,genie-openj9
Tue Nov 21 21:36:58 2023,MemoryCategoryIterator.html,genie-openj9
Tue Nov 21 21:36:58 2023,MemorySegmentIterator.html,genie-openj9
Tue Nov 21 21:36:58 2023,MonitorIterator.html,genie-openj9
Tue Nov 21 21:36:58 2023,ROMClassesIterator.html,genie-openj9
Tue Nov 21 21:36:58 2023,ROMClassesRangeIterator.html,genie-openj9
Tue Nov 21 21:36:58 2023,ArrayIterator.html,genie-openj9
Tue Nov 21 21:36:58 2023,ClassIterator.html,genie-openj9
Tue Nov 21 21:36:58 2023,ClassSegmentIterator.html,genie-openj9
Tue Nov 21 21:36:58 2023,FilteredROMClassesIterator.html,genie-openj9
Tue Nov 21 21:36:58 2023,HeapWalker.html,genie-openj9
Tue Nov 21 21:36:58 2023,HeapWalkerEvents.html,genie-openj9
Tue Nov 21 21:36:58 2023,J9MemTagIterator.html,genie-openj9
Tue Nov 21 21:36:58 2023,J9ROMClassAndMethod.html,genie-openj9
Tue Nov 21 21:36:58 2023,LineNumber.html,genie-openj9
Tue Nov 21 21:36:58 2023,LineNumberIterator.html,genie-openj9
Tue Nov 21 21:36:58 2023,LocalVariableTable.html,genie-openj9
Tue Nov 21 21:36:58 2023,LocalVariableTableIterator.html,genie-openj9
Tue Nov 21 21:36:58 2023,MemoryCategoryIterator.html,genie-openj9
Tue Nov 21 21:36:58 2023,MemorySegmentIterator.html,genie-openj9
Tue Nov 21 21:36:58 2023,MonitorIterator.html,genie-openj9
Tue Nov 21 21:36:58 2023,ROMClassesIterator.html,genie-openj9
Tue Nov 21 21:36:58 2023,ROMClassesRangeIterator.html,genie-openj9
Tue Nov 21 21:36:58 2023,package-summary.html,genie-openj9
Tue Nov 21 21:36:58 2023,package-tree.html,genie-openj9
Tue Nov 21 21:36:58 2023,package-use.html,genie-openj9
Tue Nov 21 21:36:58 2023,AbstractPointer.html,genie-openj9
Tue Nov 21 21:36:58 2023,BoolPointer.html,genie-openj9
Tue Nov 21 21:36:58 2023,CorruptPointer.html,genie-openj9
Tue Nov 21 21:36:58 2023,DoublePointer.html,genie-openj9
Tue Nov 21 21:36:58 2023,EnumPointer.html,genie-openj9
Tue Nov 21 21:36:58 2023,FloatPointer.html,genie-openj9
Tue Nov 21 21:36:58 2023,I16Pointer.html,genie-openj9
Tue Nov 21 21:36:58 2023,I32Pointer.html,genie-openj9
Tue Nov 21 21:36:58 2023,I64Pointer.html,genie-openj9
Tue Nov 21 21:36:58 2023,I8Pointer.html,genie-openj9
Tue Nov 21 21:36:58 2023,IDATAPointer.html,genie-openj9
Tue Nov 21 21:36:58 2023,ObjectClassReferencePointer.html,genie-openj9
Tue Nov 21 21:36:58 2023,ObjectMonitorReferencePointer.html,genie-openj9
Tue Nov 21 21:36:58 2023,ObjectReferencePointer.html,genie-openj9
Tue Nov 21 21:36:58 2023,Pointer.html,genie-openj9
Tue Nov 21 21:36:58 2023,PointerPointer.html,genie-openj9
Tue Nov 21 21:36:58 2023,SelfRelativePointer.html,genie-openj9
Tue Nov 21 21:36:58 2023,StructurePointer.StructureField.html,genie-openj9
Tue Nov 21 21:36:58 2023,StructurePointer.html,genie-openj9
Tue Nov 21 21:36:58 2023,U16Pointer.html,genie-openj9
Tue Nov 21 21:36:58 2023,U32Pointer.html,genie-openj9
Tue Nov 21 21:36:58 2023,U64Pointer.html,genie-openj9
Tue Nov 21 21:36:58 2023,U8Pointer.html,genie-openj9
Tue Nov 21 21:36:58 2023,UDATAPointer.html,genie-openj9
Tue Nov 21 21:36:58 2023,VoidPointer.html,genie-openj9
Tue Nov 21 21:36:58 2023,WideSelfRelativePointer.html,genie-openj9
Tue Nov 21 21:36:58 2023,AbstractPointer.html,genie-openj9
Tue Nov 21 21:36:58 2023,BoolPointer.html,genie-openj9
Tue Nov 21 21:36:58 2023,CorruptPointer.html,genie-openj9
Tue Nov 21 21:36:58 2023,DoublePointer.html,genie-openj9
Tue Nov 21 21:36:58 2023,EnumPointer.html,genie-openj9
Tue Nov 21 21:36:58 2023,FloatPointer.html,genie-openj9
Tue Nov 21 21:36:58 2023,I16Pointer.html,genie-openj9
Tue Nov 21 21:36:58 2023,I32Pointer.html,genie-openj9
Tue Nov 21 21:36:58 2023,I64Pointer.html,genie-openj9
Tue Nov 21 21:36:58 2023,I8Pointer.html,genie-openj9
Tue Nov 21 21:36:58 2023,IDATAPointer.html,genie-openj9
Tue Nov 21 21:36:58 2023,ObjectClassReferencePointer.html,genie-openj9
Tue Nov 21 21:36:58 2023,ObjectMonitorReferencePointer.html,genie-openj9
Tue Nov 21 21:36:58 2023,ObjectReferencePointer.html,genie-openj9
Tue Nov 21 21:36:58 2023,Pointer.html,genie-openj9
Tue Nov 21 21:36:58 2023,PointerPointer.html,genie-openj9
Tue Nov 21 21:36:58 2023,SelfRelativePointer.html,genie-openj9
Tue Nov 21 21:36:58 2023,StructurePointer.StructureField.html,genie-openj9
Tue Nov 21 21:36:58 2023,StructurePointer.html,genie-openj9
Tue Nov 21 21:36:58 2023,U16Pointer.html,genie-openj9
Tue Nov 21 21:36:58 2023,U32Pointer.html,genie-openj9
Tue Nov 21 21:36:58 2023,U64Pointer.html,genie-openj9
Tue Nov 21 21:36:58 2023,U8Pointer.html,genie-openj9
Tue Nov 21 21:36:58 2023,UDATAPointer.html,genie-openj9
Tue Nov 21 21:36:58 2023,VoidPointer.html,genie-openj9
Tue Nov 21 21:36:58 2023,WideSelfRelativePointer.html,genie-openj9
Tue Nov 21 21:36:58 2023,AttachedDataWrapperHelper.html,genie-openj9
Tue Nov 21 21:36:58 2023,ByteDataWrapperHelper.html,genie-openj9
Tue Nov 21 21:36:58 2023,CacheletWrapperHelper.html,genie-openj9
Tue Nov 21 21:36:58 2023,CharArrayWrapperHelper.html,genie-openj9
Tue Nov 21 21:36:58 2023,ClasspathEntryItemHelper.html,genie-openj9
Tue Nov 21 21:36:58 2023,ClasspathItemHelper.html,genie-openj9
Tue Nov 21 21:36:58 2023,ClasspathWrapperHelper.html,genie-openj9
Tue Nov 21 21:36:58 2023,CompiledMethodWrapperHelper.html,genie-openj9
Tue Nov 21 21:36:58 2023,J9ArrayClassHelper.html,genie-openj9
Tue Nov 21 21:36:58 2023,J9ClassHelper.html,genie-openj9
Tue Nov 21 21:36:58 2023,J9ClassLoaderHelper.html,genie-openj9
Tue Nov 21 21:36:58 2023,J9IndexableObjectHelper.html,genie-openj9
Tue Nov 21 21:36:58 2023,J9JavaVMHelper.html,genie-openj9
Tue Nov 21 21:36:58 2023,J9MemTagHelper.J9MemTagCheckError.html,genie-openj9
Tue Nov 21 21:36:58 2023,J9MemTagHelper.html,genie-openj9
Tue Nov 21 21:36:58 2023,J9MethodDebugInfoHelper.html,genie-openj9
Tue Nov 21 21:36:58 2023,J9MethodHelper.html,genie-openj9
Tue Nov 21 21:36:58 2023,J9ObjectHelper.html,genie-openj9
Tue Nov 21 21:36:58 2023,J9ObjectMonitorHelper.html,genie-openj9
Tue Nov 21 21:36:58 2023,J9RASHelper.html,genie-openj9
Tue Nov 21 21:36:58 2023,J9ROMClassHelper.html,genie-openj9
Tue Nov 21 21:36:58 2023,J9ROMFieldShapeHelper.html,genie-openj9
Tue Nov 21 21:36:58 2023,J9ROMMethodHelper.html,genie-openj9
Tue Nov 21 21:36:58 2023,J9ThreadHelper.html,genie-openj9
Tue Nov 21 21:36:58 2023,J9UTF8Helper.html,genie-openj9
Tue Nov 21 21:36:58 2023,J9VMThreadHelper.html,genie-openj9
Tue Nov 21 21:36:58 2023,MM_HeapRegionDescriptorHelper.html,genie-openj9
Tue Nov 21 21:36:58 2023,OMRMemCategoryHelper.IOMRMemCategoryVisitor.html,genie-openj9
Tue Nov 21 21:36:58 2023,OMRMemCategoryHelper.html,genie-openj9
Tue Nov 21 21:36:58 2023,OrphanWrapperHelper.html,genie-openj9
Tue Nov 21 21:36:58 2023,PrintObjectFieldsHelper.html,genie-openj9
Tue Nov 21 21:36:58 2023,ROMClassWrapperHelper.html,genie-openj9
Tue Nov 21 21:36:58 2023,ScopedROMClassWrapperHelper.html,genie-openj9
Tue Nov 21 21:36:58 2023,SharedClassesMetaDataHelper.html,genie-openj9
Tue Nov 21 21:36:58 2023,ShcItemHdrHelper.html,genie-openj9
Tue Nov 21 21:36:58 2023,ShcItemHelper.html,genie-openj9
Tue Nov 21 21:36:58 2023,ValueTypeHelper.html,genie-openj9
Tue Nov 21 21:36:58 2023,AttachedDataWrapperHelper.html,genie-openj9
Tue Nov 21 21:36:58 2023,ByteDataWrapperHelper.html,genie-openj9
Tue Nov 21 21:36:58 2023,CacheletWrapperHelper.html,genie-openj9
Tue Nov 21 21:36:58 2023,CharArrayWrapperHelper.html,genie-openj9
Tue Nov 21 21:36:58 2023,ClasspathEntryItemHelper.html,genie-openj9
Tue Nov 21 21:36:58 2023,ClasspathItemHelper.html,genie-openj9
Tue Nov 21 21:36:58 2023,ClasspathWrapperHelper.html,genie-openj9
Tue Nov 21 21:36:58 2023,CompiledMethodWrapperHelper.html,genie-openj9
Tue Nov 21 21:36:58 2023,J9ArrayClassHelper.html,genie-openj9
Tue Nov 21 21:36:58 2023,J9ClassHelper.html,genie-openj9
Tue Nov 21 21:36:58 2023,J9ClassLoaderHelper.html,genie-openj9
Tue Nov 21 21:36:58 2023,J9IndexableObjectHelper.html,genie-openj9
Tue Nov 21 21:36:58 2023,J9JavaVMHelper.html,genie-openj9
Tue Nov 21 21:36:58 2023,J9MemTagHelper.J9MemTagCheckError.html,genie-openj9
Tue Nov 21 21:36:58 2023,J9MemTagHelper.html,genie-openj9
Tue Nov 21 21:36:58 2023,J9MethodDebugInfoHelper.html,genie-openj9
Tue Nov 21 21:36:58 2023,J9MethodHelper.html,genie-openj9
Tue Nov 21 21:36:58 2023,J9ObjectHelper.html,genie-openj9
Tue Nov 21 21:36:58 2023,J9ObjectMonitorHelper.html,genie-openj9
Tue Nov 21 21:36:58 2023,J9RASHelper.html,genie-openj9
Tue Nov 21 21:36:58 2023,J9ROMClassHelper.html,genie-openj9
Tue Nov 21 21:36:58 2023,J9ROMFieldShapeHelper.html,genie-openj9
Tue Nov 21 21:36:58 2023,J9ROMMethodHelper.html,genie-openj9
Tue Nov 21 21:36:58 2023,J9ThreadHelper.html,genie-openj9
Tue Nov 21 21:36:58 2023,J9UTF8Helper.html,genie-openj9
Tue Nov 21 21:36:58 2023,J9VMThreadHelper.html,genie-openj9
Tue Nov 21 21:36:58 2023,MM_HeapRegionDescriptorHelper.html,genie-openj9
Tue Nov 21 21:36:58 2023,OMRMemCategoryHelper.IOMRMemCategoryVisitor.html,genie-openj9
Tue Nov 21 21:36:58 2023,OMRMemCategoryHelper.html,genie-openj9
Tue Nov 21 21:36:58 2023,OrphanWrapperHelper.html,genie-openj9
Tue Nov 21 21:36:58 2023,PrintObjectFieldsHelper.html,genie-openj9
Tue Nov 21 21:36:58 2023,ROMClassWrapperHelper.html,genie-openj9
Tue Nov 21 21:36:58 2023,ScopedROMClassWrapperHelper.html,genie-openj9
Tue Nov 21 21:36:58 2023,SharedClassesMetaDataHelper.html,genie-openj9
Tue Nov 21 21:36:58 2023,ShcItemHdrHelper.html,genie-openj9
Tue Nov 21 21:36:58 2023,ShcItemHelper.html,genie-openj9
Tue Nov 21 21:36:58 2023,ValueTypeHelper.html,genie-openj9
Tue Nov 21 21:36:58 2023,package-summary.html,genie-openj9
Tue Nov 21 21:36:58 2023,package-tree.html,genie-openj9
Tue Nov 21 21:36:58 2023,package-use.html,genie-openj9
Tue Nov 21 21:36:58 2023,package-summary.html,genie-openj9
Tue Nov 21 21:36:58 2023,package-tree.html,genie-openj9
Tue Nov 21 21:36:58 2023,package-use.html,genie-openj9
Tue Nov 21 21:36:58 2023,ClassSummaryHelper.html,genie-openj9
Tue Nov 21 21:36:58 2023,ClassWalker.html,genie-openj9
Tue Nov 21 21:36:58 2023,FilteredROMMethodsIterator.html,genie-openj9
Tue Nov 21 21:36:58 2023,FindVMTask.html,genie-openj9
Tue Nov 21 21:36:58 2023,GetCommandsTask.html,genie-openj9
Tue Nov 21 21:36:58 2023,IClassWalkCallbacks.SlotType.html,genie-openj9
Tue Nov 21 21:36:58 2023,IClassWalkCallbacks.html,genie-openj9
Tue Nov 21 21:36:58 2023,JavaVersionHelper.html,genie-openj9
Tue Nov 21 21:36:58 2023,LinearDumper.J9ClassRegion.html,genie-openj9
Tue Nov 21 21:36:58 2023,LinearDumper.J9ClassRegionNode.html,genie-openj9
Tue Nov 21 21:36:58 2023,LinearDumper.html,genie-openj9
Tue Nov 21 21:36:58 2023,ModularityHelper.ClassIteratorFilter.html,genie-openj9
Tue Nov 21 21:36:58 2023,ModularityHelper.ClassOutput.html,genie-openj9
Tue Nov 21 21:36:58 2023,ModularityHelper.ModuleIteratorFilter.html,genie-openj9
Tue Nov 21 21:36:58 2023,ModularityHelper.ModuleOutput.html,genie-openj9
Tue Nov 21 21:36:58 2023,ModularityHelper.PackageIteratorFilter.html,genie-openj9
Tue Nov 21 21:36:58 2023,ModularityHelper.PackageOutput.html,genie-openj9
Tue Nov 21 21:36:58 2023,ModularityHelper.html,genie-openj9
Tue Nov 21 21:36:58 2023,RamClassWalker.html,genie-openj9
Tue Nov 21 21:36:58 2023,RomClassWalker.html,genie-openj9
Tue Nov 21 21:36:58 2023,RuntimeTypeResolutionHelper.html,genie-openj9
Tue Nov 21 21:36:58 2023,StructureCommand.html,genie-openj9
Tue Nov 21 21:36:58 2023,ThreadsCommand.html,genie-openj9
Tue Nov 21 21:36:58 2023,VirtualThreadsCommand.html,genie-openj9
Tue Nov 21 21:36:58 2023,WhatIsCommand.html,genie-openj9
Tue Nov 21 21:36:58 2023,ClassSummaryHelper.html,genie-openj9
Tue Nov 21 21:36:58 2023,ClassWalker.html,genie-openj9
Tue Nov 21 21:36:58 2023,FilteredROMMethodsIterator.html,genie-openj9
Tue Nov 21 21:36:58 2023,FindVMTask.html,genie-openj9
Tue Nov 21 21:36:58 2023,GetCommandsTask.html,genie-openj9
Tue Nov 21 21:36:58 2023,IClassWalkCallbacks.SlotType.html,genie-openj9
Tue Nov 21 21:36:58 2023,IClassWalkCallbacks.html,genie-openj9
Tue Nov 21 21:36:58 2023,JavaVersionHelper.html,genie-openj9
Tue Nov 21 21:36:58 2023,LinearDumper.J9ClassRegion.html,genie-openj9
Tue Nov 21 21:36:58 2023,LinearDumper.J9ClassRegionNode.html,genie-openj9
Tue Nov 21 21:36:58 2023,LinearDumper.html,genie-openj9
Tue Nov 21 21:36:58 2023,ModularityHelper.ClassIteratorFilter.html,genie-openj9
Tue Nov 21 21:36:58 2023,ModularityHelper.ClassOutput.html,genie-openj9
Tue Nov 21 21:36:58 2023,ModularityHelper.ModuleIteratorFilter.html,genie-openj9
Tue Nov 21 21:36:58 2023,ModularityHelper.ModuleOutput.html,genie-openj9
Tue Nov 21 21:36:58 2023,ModularityHelper.PackageIteratorFilter.html,genie-openj9
Tue Nov 21 21:36:58 2023,ModularityHelper.PackageOutput.html,genie-openj9
Tue Nov 21 21:36:58 2023,ModularityHelper.html,genie-openj9
Tue Nov 21 21:36:58 2023,RamClassWalker.html,genie-openj9
Tue Nov 21 21:36:58 2023,RomClassWalker.html,genie-openj9
Tue Nov 21 21:36:58 2023,RuntimeTypeResolutionHelper.html,genie-openj9
Tue Nov 21 21:36:58 2023,StructureCommand.html,genie-openj9
Tue Nov 21 21:36:58 2023,ThreadsCommand.html,genie-openj9
Tue Nov 21 21:36:58 2023,VirtualThreadsCommand.html,genie-openj9
Tue Nov 21 21:36:58 2023,WhatIsCommand.html,genie-openj9
Tue Nov 21 21:36:58 2023,ACCommand.html,genie-openj9
Tue Nov 21 21:36:58 2023,AllClassesCommand.html,genie-openj9
Tue Nov 21 21:36:58 2023,AnalyseRomClassUTF8Command.html,genie-openj9
Tue Nov 21 21:36:58 2023,BuildFlagsCommand.html,genie-openj9
Tue Nov 21 21:36:58 2023,ByteCodeDumper.html,genie-openj9
Tue Nov 21 21:36:58 2023,BytecodesCommand.html,genie-openj9
Tue Nov 21 21:36:58 2023,CPDescriptionCommand.html,genie-openj9
Tue Nov 21 21:36:58 2023,ClassForNameCommand.html,genie-openj9
Tue Nov 21 21:36:58 2023,ClassloadersSummaryCommand.ClassloadersSummaryNode.html,genie-openj9
Tue Nov 21 21:36:58 2023,ClassloadersSummaryCommand.html,genie-openj9
Tue Nov 21 21:36:58 2023,CompressedRefMappingCommand.html,genie-openj9
Tue Nov 21 21:36:58 2023,CoreInfoCommand.html,genie-openj9
Tue Nov 21 21:36:58 2023,DumpAllClassesInModuleCommand.html,genie-openj9
Tue Nov 21 21:36:58 2023,DumpAllClassloadersCommand.html,genie-openj9
Tue Nov 21 21:36:58 2023,DumpAllRamClassLinearCommand.html,genie-openj9
Tue Nov 21 21:36:58 2023,DumpAllRegionsCommand.html,genie-openj9
Tue Nov 21 21:36:58 2023,DumpAllRomClassLinearCommand.html,genie-openj9
Tue Nov 21 21:36:58 2023,DumpAllSegmentsCommand.html,genie-openj9
Tue Nov 21 21:36:58 2023,DumpContendedLoadTable.html,genie-openj9
Tue Nov 21 21:36:58 2023,DumpModuleCommand.html,genie-openj9
Tue Nov 21 21:36:58 2023,DumpModuleDirectedExportsCommand.html,genie-openj9
Tue Nov 21 21:36:58 2023,DumpModuleExportsCommand.html,genie-openj9
Tue Nov 21 21:36:58 2023,DumpModuleReadsCommand.html,genie-openj9
Tue Nov 21 21:36:58 2023,DumpPackageCommand.html,genie-openj9
Tue Nov 21 21:36:58 2023,DumpRamClassLinearCommand.html,genie-openj9
Tue Nov 21 21:36:58 2023,DumpRomClassCommand.html,genie-openj9
Tue Nov 21 21:36:58 2023,DumpRomClassLinearCommand.html,genie-openj9
Tue Nov 21 21:36:58 2023,DumpRomMethodCommand.html,genie-openj9
Tue Nov 21 21:36:58 2023,DumpSegmentsInListCommand.html,genie-openj9
Tue Nov 21 21:36:58 2023,DumpSegregatedStatsCommand.html,genie-openj9
Tue Nov 21 21:36:58 2023,DumpStringTableCommand.html,genie-openj9
Tue Nov 21 21:36:58 2023,ExtendedMethodFlagInfoCommand.html,genie-openj9
Tue Nov 21 21:36:58 2023,FindAllModulesCommand.html,genie-openj9
Tue Nov 21 21:36:58 2023,FindAllReadsCommand.html,genie-openj9
Tue Nov 21 21:36:58 2023,FindMethodFromPcCommand.html,genie-openj9
Tue Nov 21 21:36:58 2023,FindModuleByNameCommand.html,genie-openj9
Tue Nov 21 21:36:58 2023,FindModulesCommand.html,genie-openj9
Tue Nov 21 21:36:58 2023,FindOverlappingSegmentsCommand.html,genie-openj9
Tue Nov 21 21:36:58 2023,FindPatternCommand.html,genie-openj9
Tue Nov 21 21:36:58 2023,FindStackValueCommand.html,genie-openj9
Tue Nov 21 21:36:58 2023,FindVMCommand.html,genie-openj9
Tue Nov 21 21:36:58 2023,FlatObjectCommand.html,genie-openj9
Tue Nov 21 21:36:58 2023,GCCheckCommand.html,genie-openj9
Tue Nov 21 21:36:58 2023,HashCodeCommand.html,genie-openj9
Tue Nov 21 21:36:58 2023,ITableSizeCommand.html,genie-openj9
Tue Nov 21 21:36:58 2023,J9BCUtil.html,genie-openj9
Tue Nov 21 21:36:58 2023,J9ClassShapeCommand.html,genie-openj9
Tue Nov 21 21:36:58 2023,J9ConstantPoolCommand.html,genie-openj9
Tue Nov 21 21:36:58 2023,J9MemTagCommands.html,genie-openj9
Tue Nov 21 21:36:58 2023,J9StaticsCommand.html,genie-openj9
Tue Nov 21 21:36:58 2023,J9VTablesCommand.html,genie-openj9
Tue Nov 21 21:36:58 2023,JextractCommand.html,genie-openj9
Tue Nov 21 21:36:58 2023,JitMetadataFromPcCommand.html,genie-openj9
Tue Nov 21 21:36:58 2023,JitstackCommand.html,genie-openj9
Tue Nov 21 21:36:58 2023,LocalMapCommand.html,genie-openj9
Tue Nov 21 21:36:58 2023,MarkMapCommand.html,genie-openj9
Tue Nov 21 21:36:58 2023,MethodForNameCommand.html,genie-openj9
Tue Nov 21 21:36:58 2023,MonitorsCommand.html,genie-openj9
Tue Nov 21 21:36:58 2023,NativeMemInfoCommand.html,genie-openj9
Tue Nov 21 21:36:58 2023,ObjectRefsCommand.html,genie-openj9
Tue Nov 21 21:36:58 2023,ObjectSizeInfo.html,genie-openj9
Tue Nov 21 21:36:58 2023,QueryRomClassCommand.html,genie-openj9
Tue Nov 21 21:36:58 2023,RamClassSummaryCommand.html,genie-openj9
Tue Nov 21 21:36:58 2023,RomClassForNameCommand.html,genie-openj9
Tue Nov 21 21:36:58 2023,RomClassSummaryCommand.html,genie-openj9
Tue Nov 21 21:36:58 2023,RootPathCommand.html,genie-openj9
Tue Nov 21 21:36:58 2023,RuntimeSettingsCommand.html,genie-openj9
Tue Nov 21 21:36:58 2023,SearchStringTableCommand.html,genie-openj9
Tue Nov 21 21:36:58 2023,SegmentsUtil.html,genie-openj9
Tue Nov 21 21:36:58 2023,SetVMCommand.html,genie-openj9
Tue Nov 21 21:36:58 2023,ShowDumpAgentsCommand.html,genie-openj9
Tue Nov 21 21:36:58 2023,ShrCCommand.html,genie-openj9
Tue Nov 21 21:36:58 2023,StackWalkCommand.html,genie-openj9
Tue Nov 21 21:36:58 2023,StackmapCommand.html,genie-openj9
Tue Nov 21 21:36:58 2023,TrPrintCommand.html,genie-openj9
Tue Nov 21 21:36:58 2023,TraceConfigCommand.ModuleVisitor.html,genie-openj9
Tue Nov 21 21:36:58 2023,TraceConfigCommand.html,genie-openj9
Tue Nov 21 21:36:58 2023,VMConstantPoolCommand.html,genie-openj9
Tue Nov 21 21:36:58 2023,ValidateTraceFreeQueueCommand.html,genie-openj9
Tue Nov 21 21:36:58 2023,VmCheckCommand.html,genie-openj9
Tue Nov 21 21:36:58 2023,WalkInternTableCommand.html,genie-openj9
Tue Nov 21 21:36:58 2023,WalkJ9PoolCommand.html,genie-openj9
Tue Nov 21 21:36:58 2023,WalkUtThreadDataCommand.html,genie-openj9
Tue Nov 21 21:36:58 2023,WildCard.html,genie-openj9
Tue Nov 21 21:36:58 2023,ACCommand.html,genie-openj9
Tue Nov 21 21:36:58 2023,AllClassesCommand.html,genie-openj9
Tue Nov 21 21:36:58 2023,AnalyseRomClassUTF8Command.html,genie-openj9
Tue Nov 21 21:36:58 2023,BuildFlagsCommand.html,genie-openj9
Tue Nov 21 21:36:58 2023,ByteCodeDumper.html,genie-openj9
Tue Nov 21 21:36:58 2023,BytecodesCommand.html,genie-openj9
Tue Nov 21 21:36:58 2023,CPDescriptionCommand.html,genie-openj9
Tue Nov 21 21:36:58 2023,ClassForNameCommand.html,genie-openj9
Tue Nov 21 21:36:58 2023,ClassloadersSummaryCommand.ClassloadersSummaryNode.html,genie-openj9
Tue Nov 21 21:36:58 2023,ClassloadersSummaryCommand.html,genie-openj9
Tue Nov 21 21:36:58 2023,CompressedRefMappingCommand.html,genie-openj9
Tue Nov 21 21:36:58 2023,CoreInfoCommand.html,genie-openj9
Tue Nov 21 21:36:58 2023,DumpAllClassesInModuleCommand.html,genie-openj9
Tue Nov 21 21:36:58 2023,DumpAllClassloadersCommand.html,genie-openj9
Tue Nov 21 21:36:58 2023,DumpAllRamClassLinearCommand.html,genie-openj9
Tue Nov 21 21:36:58 2023,DumpAllRegionsCommand.html,genie-openj9
Tue Nov 21 21:36:58 2023,DumpAllRomClassLinearCommand.html,genie-openj9
Tue Nov 21 21:36:58 2023,DumpAllSegmentsCommand.html,genie-openj9
Tue Nov 21 21:36:58 2023,DumpContendedLoadTable.html,genie-openj9
Tue Nov 21 21:36:58 2023,DumpModuleCommand.html,genie-openj9
Tue Nov 21 21:36:58 2023,DumpModuleDirectedExportsCommand.html,genie-openj9
Tue Nov 21 21:36:58 2023,DumpModuleExportsCommand.html,genie-openj9
Tue Nov 21 21:36:58 2023,DumpModuleReadsCommand.html,genie-openj9
Tue Nov 21 21:36:58 2023,DumpPackageCommand.html,genie-openj9
Tue Nov 21 21:36:58 2023,DumpRamClassLinearCommand.html,genie-openj9
Tue Nov 21 21:36:58 2023,DumpRomClassCommand.html,genie-openj9
Tue Nov 21 21:36:58 2023,DumpRomClassLinearCommand.html,genie-openj9
Tue Nov 21 21:36:58 2023,DumpRomMethodCommand.html,genie-openj9
Tue Nov 21 21:36:58 2023,DumpSegmentsInListCommand.html,genie-openj9
Tue Nov 21 21:36:58 2023,DumpSegregatedStatsCommand.html,genie-openj9
Tue Nov 21 21:36:58 2023,DumpStringTableCommand.html,genie-openj9
Tue Nov 21 21:36:58 2023,ExtendedMethodFlagInfoCommand.html,genie-openj9
Tue Nov 21 21:36:58 2023,FindAllModulesCommand.html,genie-openj9
Tue Nov 21 21:36:58 2023,FindAllReadsCommand.html,genie-openj9
Tue Nov 21 21:36:58 2023,FindMethodFromPcCommand.html,genie-openj9
Tue Nov 21 21:36:58 2023,FindModuleByNameCommand.html,genie-openj9
Tue Nov 21 21:36:58 2023,FindModulesCommand.html,genie-openj9
Tue Nov 21 21:36:58 2023,FindOverlappingSegmentsCommand.html,genie-openj9
Tue Nov 21 21:36:58 2023,FindPatternCommand.html,genie-openj9
Tue Nov 21 21:36:58 2023,FindStackValueCommand.html,genie-openj9
Tue Nov 21 21:36:58 2023,FindVMCommand.html,genie-openj9
Tue Nov 21 21:36:58 2023,FlatObjectCommand.html,genie-openj9
Tue Nov 21 21:36:58 2023,GCCheckCommand.html,genie-openj9
Tue Nov 21 21:36:58 2023,HashCodeCommand.html,genie-openj9
Tue Nov 21 21:36:58 2023,ITableSizeCommand.html,genie-openj9
Tue Nov 21 21:36:58 2023,J9BCUtil.html,genie-openj9
Tue Nov 21 21:36:58 2023,J9ClassShapeCommand.html,genie-openj9
Tue Nov 21 21:36:58 2023,J9ConstantPoolCommand.html,genie-openj9
Tue Nov 21 21:36:58 2023,J9MemTagCommands.html,genie-openj9
Tue Nov 21 21:36:58 2023,J9StaticsCommand.html,genie-openj9
Tue Nov 21 21:36:58 2023,J9VTablesCommand.html,genie-openj9
Tue Nov 21 21:36:58 2023,JextractCommand.html,genie-openj9
Tue Nov 21 21:36:58 2023,JitMetadataFromPcCommand.html,genie-openj9
Tue Nov 21 21:36:58 2023,JitstackCommand.html,genie-openj9
Tue Nov 21 21:36:58 2023,LocalMapCommand.html,genie-openj9
Tue Nov 21 21:36:58 2023,MarkMapCommand.html,genie-openj9
Tue Nov 21 21:36:58 2023,MethodForNameCommand.html,genie-openj9
Tue Nov 21 21:36:58 2023,MonitorsCommand.html,genie-openj9
Tue Nov 21 21:36:58 2023,NativeMemInfoCommand.html,genie-openj9
Tue Nov 21 21:36:58 2023,ObjectRefsCommand.html,genie-openj9
Tue Nov 21 21:36:58 2023,ObjectSizeInfo.html,genie-openj9
Tue Nov 21 21:36:58 2023,QueryRomClassCommand.html,genie-openj9
Tue Nov 21 21:36:58 2023,RamClassSummaryCommand.html,genie-openj9
Tue Nov 21 21:36:58 2023,RomClassForNameCommand.html,genie-openj9
Tue Nov 21 21:36:58 2023,RomClassSummaryCommand.html,genie-openj9
Tue Nov 21 21:36:58 2023,RootPathCommand.html,genie-openj9
Tue Nov 21 21:36:58 2023,RuntimeSettingsCommand.html,genie-openj9
Tue Nov 21 21:36:58 2023,SearchStringTableCommand.html,genie-openj9
Tue Nov 21 21:36:58 2023,SegmentsUtil.html,genie-openj9
Tue Nov 21 21:36:58 2023,SetVMCommand.html,genie-openj9
Tue Nov 21 21:36:58 2023,ShowDumpAgentsCommand.html,genie-openj9
Tue Nov 21 21:36:58 2023,ShrCCommand.html,genie-openj9
Tue Nov 21 21:36:58 2023,StackWalkCommand.html,genie-openj9
Tue Nov 21 21:36:58 2023,StackmapCommand.html,genie-openj9
Tue Nov 21 21:36:58 2023,TrPrintCommand.html,genie-openj9
Tue Nov 21 21:36:58 2023,TraceConfigCommand.ModuleVisitor.html,genie-openj9
Tue Nov 21 21:36:58 2023,TraceConfigCommand.html,genie-openj9
Tue Nov 21 21:36:58 2023,VMConstantPoolCommand.html,genie-openj9
Tue Nov 21 21:36:58 2023,ValidateTraceFreeQueueCommand.html,genie-openj9
Tue Nov 21 21:36:58 2023,VmCheckCommand.html,genie-openj9
Tue Nov 21 21:36:58 2023,WalkInternTableCommand.html,genie-openj9
Tue Nov 21 21:36:58 2023,WalkJ9PoolCommand.html,genie-openj9
Tue Nov 21 21:36:58 2023,WalkUtThreadDataCommand.html,genie-openj9
Tue Nov 21 21:36:58 2023,WildCard.html,genie-openj9
Tue Nov 21 21:36:58 2023,package-summary.html,genie-openj9
Tue Nov 21 21:36:58 2023,package-tree.html,genie-openj9
Tue Nov 21 21:36:58 2023,package-use.html,genie-openj9
Tue Nov 21 21:36:58 2023,CheckBase.html,genie-openj9
Tue Nov 21 21:36:58 2023,CheckElement.html,genie-openj9
Tue Nov 21 21:36:58 2023,CheckError.html,genie-openj9
Tue Nov 21 21:36:58 2023,CheckReporter.html,genie-openj9
Tue Nov 21 21:36:58 2023,CheckReporterTTY.html,genie-openj9
Tue Nov 21 21:36:58 2023,GCCheckRunner.html,genie-openj9
Tue Nov 21 21:36:58 2023,CheckBase.html,genie-openj9
Tue Nov 21 21:36:58 2023,CheckElement.html,genie-openj9
Tue Nov 21 21:36:58 2023,CheckError.html,genie-openj9
Tue Nov 21 21:36:58 2023,CheckReporter.html,genie-openj9
Tue Nov 21 21:36:58 2023,CheckReporterTTY.html,genie-openj9
Tue Nov 21 21:36:58 2023,GCCheckRunner.html,genie-openj9
Tue Nov 21 21:36:58 2023,package-summary.html,genie-openj9
Tue Nov 21 21:36:58 2023,package-tree.html,genie-openj9
Tue Nov 21 21:36:58 2023,package-use.html,genie-openj9
Tue Nov 21 21:36:58 2023,DeadlockDetector.html,genie-openj9
Tue Nov 21 21:36:58 2023,DeadlockUtils.html,genie-openj9
Tue Nov 21 21:36:58 2023,JavaDeadlockGraphNode.html,genie-openj9
Tue Nov 21 21:36:58 2023,NativeDeadlockGraphNode.html,genie-openj9
Tue Nov 21 21:36:58 2023,DeadlockDetector.html,genie-openj9
Tue Nov 21 21:36:58 2023,DeadlockUtils.html,genie-openj9
Tue Nov 21 21:36:58 2023,JavaDeadlockGraphNode.html,genie-openj9
Tue Nov 21 21:36:58 2023,NativeDeadlockGraphNode.html,genie-openj9
Tue Nov 21 21:36:58 2023,package-summary.html,genie-openj9
Tue Nov 21 21:36:58 2023,package-tree.html,genie-openj9
Tue Nov 21 21:36:58 2023,package-use.html,genie-openj9
Tue Nov 21 21:36:58 2023,package-summary.html,genie-openj9
Tue Nov 21 21:36:58 2023,package-tree.html,genie-openj9
Tue Nov 21 21:36:58 2023,package-use.html,genie-openj9
Tue Nov 21 21:36:58 2023,ArrayFormatter.html,genie-openj9
Tue Nov 21 21:36:58 2023,BoolFormatter.html,genie-openj9
Tue Nov 21 21:36:58 2023,DoubleFormatter.html,genie-openj9
Tue Nov 21 21:36:58 2023,EnumFormatter.html,genie-openj9
Tue Nov 21 21:36:58 2023,FloatFormatter.html,genie-openj9
Tue Nov 21 21:36:58 2023,J9SRPFormatter.html,genie-openj9
Tue Nov 21 21:36:58 2023,PointerFormatter.html,genie-openj9
Tue Nov 21 21:36:58 2023,ScalarFormatter.html,genie-openj9
Tue Nov 21 21:36:58 2023,StructureFormatter.html,genie-openj9
Tue Nov 21 21:36:58 2023,StructurePointerFormatter.html,genie-openj9
Tue Nov 21 21:36:58 2023,U64ScalarFormatter.html,genie-openj9
Tue Nov 21 21:36:58 2023,VoidFormatter.html,genie-openj9
Tue Nov 21 21:36:58 2023,ArrayFormatter.html,genie-openj9
Tue Nov 21 21:36:58 2023,BoolFormatter.html,genie-openj9
Tue Nov 21 21:36:58 2023,DoubleFormatter.html,genie-openj9
Tue Nov 21 21:36:58 2023,EnumFormatter.html,genie-openj9
Tue Nov 21 21:36:58 2023,FloatFormatter.html,genie-openj9
Tue Nov 21 21:36:58 2023,J9SRPFormatter.html,genie-openj9
Tue Nov 21 21:36:58 2023,PointerFormatter.html,genie-openj9
Tue Nov 21 21:36:58 2023,ScalarFormatter.html,genie-openj9
Tue Nov 21 21:36:58 2023,StructureFormatter.html,genie-openj9
Tue Nov 21 21:36:58 2023,StructurePointerFormatter.html,genie-openj9
Tue Nov 21 21:36:58 2023,U64ScalarFormatter.html,genie-openj9
Tue Nov 21 21:36:58 2023,VoidFormatter.html,genie-openj9
Tue Nov 21 21:36:58 2023,package-summary.html,genie-openj9
Tue Nov 21 21:36:58 2023,package-tree.html,genie-openj9
Tue Nov 21 21:36:58 2023,package-use.html,genie-openj9
Tue Nov 21 21:36:58 2023,CStringFieldFormatter.html,genie-openj9
Tue Nov 21 21:36:58 2023,J9ClassFieldFormatter.html,genie-openj9
Tue Nov 21 21:36:58 2023,J9ClassStructureFormatter.html,genie-openj9
Tue Nov 21 21:36:58 2023,J9ConstantPoolFieldFormatter.html,genie-openj9
Tue Nov 21 21:36:58 2023,J9MethodFieldFormatter.html,genie-openj9
Tue Nov 21 21:36:58 2023,J9MethodStructureFormatter.html,genie-openj9
Tue Nov 21 21:36:58 2023,J9ModuleStructureFormatter.html,genie-openj9
Tue Nov 21 21:36:58 2023,J9ObjectFieldFormatter.html,genie-openj9
Tue Nov 21 21:36:58 2023,J9ObjectStructureFormatter.html,genie-openj9
Tue Nov 21 21:36:58 2023,J9PackageStructureFormatter.html,genie-openj9
Tue Nov 21 21:36:58 2023,J9ROMMethodStructureFormatter.html,genie-openj9
Tue Nov 21 21:36:58 2023,CStringFieldFormatter.html,genie-openj9
Tue Nov 21 21:36:58 2023,J9ClassFieldFormatter.html,genie-openj9
Tue Nov 21 21:36:58 2023,J9ClassStructureFormatter.html,genie-openj9
Tue Nov 21 21:36:58 2023,J9ConstantPoolFieldFormatter.html,genie-openj9
Tue Nov 21 21:36:58 2023,J9MethodFieldFormatter.html,genie-openj9
Tue Nov 21 21:36:58 2023,J9MethodStructureFormatter.html,genie-openj9
Tue Nov 21 21:36:58 2023,J9ModuleStructureFormatter.html,genie-openj9
Tue Nov 21 21:36:58 2023,J9ObjectFieldFormatter.html,genie-openj9
Tue Nov 21 21:36:58 2023,J9ObjectStructureFormatter.html,genie-openj9
Tue Nov 21 21:36:58 2023,J9PackageStructureFormatter.html,genie-openj9
Tue Nov 21 21:36:58 2023,J9ROMMethodStructureFormatter.html,genie-openj9
Tue Nov 21 21:36:58 2023,package-summary.html,genie-openj9
Tue Nov 21 21:36:58 2023,package-tree.html,genie-openj9
Tue Nov 21 21:36:58 2023,package-use.html,genie-openj9
Tue Nov 21 21:36:58 2023,I16.html,genie-openj9
Tue Nov 21 21:36:58 2023,I32.html,genie-openj9
Tue Nov 21 21:36:58 2023,I64.html,genie-openj9
Tue Nov 21 21:36:58 2023,I8.html,genie-openj9
Tue Nov 21 21:36:58 2023,IDATA.html,genie-openj9
Tue Nov 21 21:36:58 2023,IScalar.html,genie-openj9
Tue Nov 21 21:36:58 2023,Scalar.html,genie-openj9
Tue Nov 21 21:36:58 2023,U16.html,genie-openj9
Tue Nov 21 21:36:58 2023,U32.html,genie-openj9
Tue Nov 21 21:36:58 2023,U64.html,genie-openj9
Tue Nov 21 21:36:58 2023,U8.html,genie-openj9
Tue Nov 21 21:36:58 2023,UDATA.html,genie-openj9
Tue Nov 21 21:36:58 2023,UScalar.html,genie-openj9
Tue Nov 21 21:36:58 2023,Void.html,genie-openj9
Tue Nov 21 21:36:58 2023,I16.html,genie-openj9
Tue Nov 21 21:36:58 2023,I32.html,genie-openj9
Tue Nov 21 21:36:58 2023,I64.html,genie-openj9
Tue Nov 21 21:36:58 2023,I8.html,genie-openj9
Tue Nov 21 21:36:58 2023,IDATA.html,genie-openj9
Tue Nov 21 21:36:58 2023,IScalar.html,genie-openj9
Tue Nov 21 21:36:58 2023,Scalar.html,genie-openj9
Tue Nov 21 21:36:58 2023,U16.html,genie-openj9
Tue Nov 21 21:36:58 2023,U32.html,genie-openj9
Tue Nov 21 21:36:58 2023,U64.html,genie-openj9
Tue Nov 21 21:36:58 2023,U8.html,genie-openj9
Tue Nov 21 21:36:58 2023,UDATA.html,genie-openj9
Tue Nov 21 21:36:58 2023,UScalar.html,genie-openj9
Tue Nov 21 21:36:58 2023,Void.html,genie-openj9
Tue Nov 21 21:36:58 2023,package-summary.html,genie-openj9
Tue Nov 21 21:36:58 2023,package-tree.html,genie-openj9
Tue Nov 21 21:36:58 2023,package-use.html,genie-openj9
Tue Nov 21 21:36:58 2023,DTFJBootstrapShim.html,genie-openj9
Tue Nov 21 21:36:58 2023,DTFJContext.html,genie-openj9
Tue Nov 21 21:36:58 2023,J9RASInfoBootstrapShim.html,genie-openj9
Tue Nov 21 21:36:58 2023,DTFJBootstrapShim.html,genie-openj9
Tue Nov 21 21:36:58 2023,DTFJContext.html,genie-openj9
Tue Nov 21 21:36:58 2023,J9RASInfoBootstrapShim.html,genie-openj9
Tue Nov 21 21:36:58 2023,DTFJGenericJavaRuntimeMemorySection.html,genie-openj9
Tue Nov 21 21:36:58 2023,DTFJJavaClass.html,genie-openj9
Tue Nov 21 21:36:58 2023,DTFJJavaClassloader.html,genie-openj9
Tue Nov 21 21:36:58 2023,DTFJJavaField.html,genie-openj9
Tue Nov 21 21:36:58 2023,DTFJJavaFieldInstance.html,genie-openj9
Tue Nov 21 21:36:58 2023,DTFJJavaFieldStatic.html,genie-openj9
Tue Nov 21 21:36:58 2023,DTFJJavaHeap.html,genie-openj9
Tue Nov 21 21:36:58 2023,DTFJJavaMethod.html,genie-openj9
Tue Nov 21 21:36:58 2023,DTFJJavaObject.html,genie-openj9
Tue Nov 21 21:36:58 2023,DTFJJavaObjectMonitor.html,genie-openj9
Tue Nov 21 21:36:58 2023,DTFJJavaReference.html,genie-openj9
Tue Nov 21 21:36:58 2023,DTFJJavaRuntime.DTFJRootScanner.html,genie-openj9
Tue Nov 21 21:36:58 2023,DTFJJavaRuntime.html,genie-openj9
Tue Nov 21 21:36:58 2023,DTFJJavaRuntimeMemoryCategory.html,genie-openj9
Tue Nov 21 21:36:58 2023,DTFJJavaRuntimeMemorySectionBase.html,genie-openj9
Tue Nov 21 21:36:58 2023,DTFJJavaStackFrame.html,genie-openj9
Tue Nov 21 21:36:58 2023,DTFJJavaSystemMonitor.html,genie-openj9
Tue Nov 21 21:36:58 2023,DTFJJavaThread.html,genie-openj9
Tue Nov 21 21:36:58 2023,DTFJJavaVMInitArgs.html,genie-openj9
Tue Nov 21 21:36:58 2023,DTFJJavaVMOption.html,genie-openj9
Tue Nov 21 21:36:58 2023,DTFJMemoryTagRuntimeMemorySection.html,genie-openj9
Tue Nov 21 21:36:58 2023,DTFJGenericJavaRuntimeMemorySection.html,genie-openj9
Tue Nov 21 21:36:58 2023,DTFJJavaClass.html,genie-openj9
Tue Nov 21 21:36:58 2023,DTFJJavaClassloader.html,genie-openj9
Tue Nov 21 21:36:58 2023,DTFJJavaField.html,genie-openj9
Tue Nov 21 21:36:58 2023,DTFJJavaFieldInstance.html,genie-openj9
Tue Nov 21 21:36:58 2023,DTFJJavaFieldStatic.html,genie-openj9
Tue Nov 21 21:36:58 2023,DTFJJavaHeap.html,genie-openj9
Tue Nov 21 21:36:58 2023,DTFJJavaMethod.html,genie-openj9
Tue Nov 21 21:36:58 2023,DTFJJavaObject.html,genie-openj9
Tue Nov 21 21:36:58 2023,DTFJJavaObjectMonitor.html,genie-openj9
Tue Nov 21 21:36:58 2023,DTFJJavaReference.html,genie-openj9
Tue Nov 21 21:36:58 2023,DTFJJavaRuntime.DTFJRootScanner.html,genie-openj9
Tue Nov 21 21:36:58 2023,DTFJJavaRuntime.html,genie-openj9
Tue Nov 21 21:36:58 2023,DTFJJavaRuntimeMemoryCategory.html,genie-openj9
Tue Nov 21 21:36:58 2023,DTFJJavaRuntimeMemorySectionBase.html,genie-openj9
Tue Nov 21 21:36:58 2023,DTFJJavaStackFrame.html,genie-openj9
Tue Nov 21 21:36:58 2023,DTFJJavaSystemMonitor.html,genie-openj9
Tue Nov 21 21:36:58 2023,DTFJJavaThread.html,genie-openj9
Tue Nov 21 21:36:58 2023,DTFJJavaVMInitArgs.html,genie-openj9
Tue Nov 21 21:36:58 2023,DTFJJavaVMOption.html,genie-openj9
Tue Nov 21 21:36:58 2023,DTFJMemoryTagRuntimeMemorySection.html,genie-openj9
Tue Nov 21 21:36:58 2023,AddCorruptionToListListener.html,genie-openj9
Tue Nov 21 21:36:58 2023,CorruptJavaObject.html,genie-openj9
Tue Nov 21 21:36:58 2023,AddCorruptionToListListener.html,genie-openj9
Tue Nov 21 21:36:58 2023,CorruptJavaObject.html,genie-openj9
Tue Nov 21 21:36:58 2023,package-summary.html,genie-openj9
Tue Nov 21 21:36:58 2023,package-tree.html,genie-openj9
Tue Nov 21 21:36:58 2023,package-use.html,genie-openj9
Tue Nov 21 21:36:58 2023,DTFJConstantPoolIterator.html,genie-openj9
Tue Nov 21 21:36:58 2023,DTFJMonitorIterator.html,genie-openj9
Tue Nov 21 21:36:58 2023,HeapObjectIterator.html,genie-openj9
Tue Nov 21 21:36:58 2023,SlidingIterator.html,genie-openj9
Tue Nov 21 21:36:58 2023,DTFJConstantPoolIterator.html,genie-openj9
Tue Nov 21 21:36:58 2023,DTFJMonitorIterator.html,genie-openj9
Tue Nov 21 21:36:58 2023,HeapObjectIterator.html,genie-openj9
Tue Nov 21 21:36:58 2023,SlidingIterator.html,genie-openj9
Tue Nov 21 21:36:58 2023,package-summary.html,genie-openj9
Tue Nov 21 21:36:58 2023,package-tree.html,genie-openj9
Tue Nov 21 21:36:58 2023,package-use.html,genie-openj9
Tue Nov 21 21:36:58 2023,package-summary.html,genie-openj9
Tue Nov 21 21:36:58 2023,package-tree.html,genie-openj9
Tue Nov 21 21:36:58 2023,package-use.html,genie-openj9
Tue Nov 21 21:36:58 2023,package-summary.html,genie-openj9
Tue Nov 21 21:36:58 2023,package-tree.html,genie-openj9
Tue Nov 21 21:36:58 2023,package-use.html,genie-openj9
Tue Nov 21 21:36:58 2023,Context.html,genie-openj9
Tue Nov 21 21:36:58 2023,ContextFactory.html,genie-openj9
Tue Nov 21 21:36:58 2023,DTFJContext.html,genie-openj9
Tue Nov 21 21:36:58 2023,DTFJImageBean.html,genie-openj9
Tue Nov 21 21:36:58 2023,EmptyDTFJContext.html,genie-openj9
Tue Nov 21 21:36:58 2023,IContext.html,genie-openj9
Tue Nov 21 21:36:58 2023,IDTFJContext.html,genie-openj9
Tue Nov 21 21:36:58 2023,Context.html,genie-openj9
Tue Nov 21 21:36:58 2023,ContextFactory.html,genie-openj9
Tue Nov 21 21:36:58 2023,DTFJContext.html,genie-openj9
Tue Nov 21 21:36:58 2023,DTFJImageBean.html,genie-openj9
Tue Nov 21 21:36:58 2023,EmptyDTFJContext.html,genie-openj9
Tue Nov 21 21:36:58 2023,IContext.html,genie-openj9
Tue Nov 21 21:36:58 2023,IDTFJContext.html,genie-openj9
Tue Nov 21 21:36:58 2023,BaseCommand.html,genie-openj9
Tue Nov 21 21:36:58 2023,CommandDescription.html,genie-openj9
Tue Nov 21 21:36:58 2023,CommandException.html,genie-openj9
Tue Nov 21 21:36:58 2023,CommandParser.html,genie-openj9
Tue Nov 21 21:36:58 2023,ICommand.html,genie-openj9
Tue Nov 21 21:36:58 2023,PluginCommand.html,genie-openj9
Tue Nov 21 21:36:58 2023,QuitCommand.html,genie-openj9
Tue Nov 21 21:36:58 2023,BaseCommand.html,genie-openj9
Tue Nov 21 21:36:58 2023,CommandDescription.html,genie-openj9
Tue Nov 21 21:36:58 2023,CommandException.html,genie-openj9
Tue Nov 21 21:36:58 2023,CommandParser.html,genie-openj9
Tue Nov 21 21:36:58 2023,ICommand.html,genie-openj9
Tue Nov 21 21:36:58 2023,PluginCommand.html,genie-openj9
Tue Nov 21 21:36:58 2023,QuitCommand.html,genie-openj9
Tue Nov 21 21:36:58 2023,package-summary.html,genie-openj9
Tue Nov 21 21:36:58 2023,package-tree.html,genie-openj9
Tue Nov 21 21:36:58 2023,package-use.html,genie-openj9
Tue Nov 21 21:36:58 2023,package-summary.html,genie-openj9
Tue Nov 21 21:36:58 2023,package-tree.html,genie-openj9
Tue Nov 21 21:36:58 2023,package-use.html,genie-openj9
Tue Nov 21 21:36:58 2023,Annotation.html,genie-openj9
Tue Nov 21 21:36:58 2023,ClassInfo.html,genie-openj9
Tue Nov 21 21:36:58 2023,ClassListener.html,genie-openj9
Tue Nov 21 21:36:58 2023,Container.html,genie-openj9
Tue Nov 21 21:36:58 2023,DTFJPlugin.html,genie-openj9
Tue Nov 21 21:36:58 2023,DTFJPluginConfig.html,genie-openj9
Tue Nov 21 21:36:58 2023,DTFJPluginManager.html,genie-openj9
Tue Nov 21 21:36:58 2023,Entry.html,genie-openj9
Tue Nov 21 21:36:58 2023,LocalPriorityClassloader.html,genie-openj9
Tue Nov 21 21:36:58 2023,PackageFilteredClassloader.html,genie-openj9
Tue Nov 21 21:36:58 2023,PluginConfig.html,genie-openj9
Tue Nov 21 21:36:58 2023,PluginConstants.html,genie-openj9
Tue Nov 21 21:36:58 2023,PluginListenerFactory.html,genie-openj9
Tue Nov 21 21:36:58 2023,PluginLoader.html,genie-openj9
Tue Nov 21 21:36:58 2023,PluginManager.html,genie-openj9
Tue Nov 21 21:36:58 2023,PluginManagerLocator.html,genie-openj9
Tue Nov 21 21:36:58 2023,Annotation.html,genie-openj9
Tue Nov 21 21:36:58 2023,ClassInfo.html,genie-openj9
Tue Nov 21 21:36:58 2023,ClassListener.html,genie-openj9
Tue Nov 21 21:36:58 2023,Container.html,genie-openj9
Tue Nov 21 21:36:58 2023,DTFJPlugin.html,genie-openj9
Tue Nov 21 21:36:58 2023,DTFJPluginConfig.html,genie-openj9
Tue Nov 21 21:36:58 2023,DTFJPluginManager.html,genie-openj9
Tue Nov 21 21:36:58 2023,Entry.html,genie-openj9
Tue Nov 21 21:36:58 2023,LocalPriorityClassloader.html,genie-openj9
Tue Nov 21 21:36:58 2023,PackageFilteredClassloader.html,genie-openj9
Tue Nov 21 21:36:58 2023,PluginConfig.html,genie-openj9
Tue Nov 21 21:36:58 2023,PluginConstants.html,genie-openj9
Tue Nov 21 21:36:58 2023,PluginListenerFactory.html,genie-openj9
Tue Nov 21 21:36:58 2023,PluginLoader.html,genie-openj9
Tue Nov 21 21:36:58 2023,PluginManager.html,genie-openj9
Tue Nov 21 21:36:58 2023,PluginManagerLocator.html,genie-openj9
Tue Nov 21 21:36:58 2023,ClassScanner.html,genie-openj9
Tue Nov 21 21:36:58 2023,PluginManagerImpl.html,genie-openj9
Tue Nov 21 21:36:58 2023,ClassScanner.html,genie-openj9
Tue Nov 21 21:36:58 2023,PluginManagerImpl.html,genie-openj9
Tue Nov 21 21:36:58 2023,package-summary.html,genie-openj9
Tue Nov 21 21:36:58 2023,package-tree.html,genie-openj9
Tue Nov 21 21:36:58 2023,package-use.html,genie-openj9
Tue Nov 21 21:36:58 2023,package-summary.html,genie-openj9
Tue Nov 21 21:36:58 2023,package-tree.html,genie-openj9
Tue Nov 21 21:36:58 2023,package-use.html,genie-openj9
Tue Nov 21 21:36:58 2023,JExtractFatalException.html,genie-openj9
Tue Nov 21 21:36:58 2023,Main.html,genie-openj9
Tue Nov 21 21:36:58 2023,JExtractFatalException.html,genie-openj9
Tue Nov 21 21:36:58 2023,Main.html,genie-openj9
Tue Nov 21 21:36:58 2023,package-summary.html,genie-openj9
Tue Nov 21 21:36:58 2023,package-tree.html,genie-openj9
Tue Nov 21 21:36:58 2023,package-use.html,genie-openj9
Tue Nov 21 21:36:58 2023,IParserNode.html,genie-openj9
Tue Nov 21 21:36:58 2023,NodeAbstract.html,genie-openj9
Tue Nov 21 21:36:58 2023,NodeArrayClass.html,genie-openj9
Tue Nov 21 21:36:58 2023,NodeBuffers.html,genie-openj9
Tue Nov 21 21:36:58 2023,NodeByteCode.html,genie-openj9
Tue Nov 21 21:36:58 2023,NodeClassInClassLoader.html,genie-openj9
Tue Nov 21 21:36:58 2023,NodeClassInConstantPool.html,genie-openj9
Tue Nov 21 21:36:58 2023,NodeClassInVM.html,genie-openj9
Tue Nov 21 21:36:58 2023,NodeClassLoader.html,genie-openj9
Tue Nov 21 21:36:58 2023,NodeConstantPool.html,genie-openj9
Tue Nov 21 21:36:58 2023,NodeError.html,genie-openj9
Tue Nov 21 21:36:58 2023,NodeField.html,genie-openj9
Tue Nov 21 21:36:58 2023,NodeFrame.html,genie-openj9
Tue Nov 21 21:36:58 2023,NodeGPF.html,genie-openj9
Tue Nov 21 21:36:58 2023,NodeHeader.html,genie-openj9
Tue Nov 21 21:36:58 2023,NodeHeap.html,genie-openj9
Tue Nov 21 21:36:58 2023,NodeIP.html,genie-openj9
Tue Nov 21 21:36:58 2023,NodeInterface.html,genie-openj9
Tue Nov 21 21:36:58 2023,NodeJ9Dump.html,genie-openj9
Tue Nov 21 21:36:58 2023,NodeJIT.html,genie-openj9
Tue Nov 21 21:36:58 2023,NodeJavaVM.html,genie-openj9
Tue Nov 21 21:36:58 2023,NodeJavaVMInitArgs.html,genie-openj9
Tue Nov 21 21:36:58 2023,NodeJavaVMOption.html,genie-openj9
Tue Nov 21 21:36:58 2023,NodeLibrary.html,genie-openj9
Tue Nov 21 21:36:58 2023,NodeMethod.html,genie-openj9
Tue Nov 21 21:36:58 2023,NodeMonitor.html,genie-openj9
Tue Nov 21 21:36:58 2023,NodeNet.html,genie-openj9
Tue Nov 21 21:36:58 2023,NodeObject.html,genie-openj9
Tue Nov 21 21:36:58 2023,NodeObjects.html,genie-openj9
Tue Nov 21 21:36:58 2023,NodeProperty.html,genie-openj9
Tue Nov 21 21:36:58 2023,NodeRegion.html,genie-openj9
Tue Nov 21 21:36:58 2023,NodeRoot.html,genie-openj9
Tue Nov 21 21:36:58 2023,NodeRootClass.html,genie-openj9
Tue Nov 21 21:36:58 2023,NodeRootObject.html,genie-openj9
Tue Nov 21 21:36:58 2023,NodeStack.html,genie-openj9
Tue Nov 21 21:36:58 2023,NodeStatic.html,genie-openj9
Tue Nov 21 21:36:58 2023,NodeSystemProperties.html,genie-openj9
Tue Nov 21 21:36:58 2023,NodeTrace.html,genie-openj9
Tue Nov 21 21:36:58 2023,NodeUnexpectedTag.html,genie-openj9
Tue Nov 21 21:36:58 2023,NodeVMThread.html,genie-openj9
Tue Nov 21 21:36:58 2023,XMLIndexReader.html,genie-openj9
Tue Nov 21 21:36:58 2023,XMLInputStream.html,genie-openj9
Tue Nov 21 21:36:58 2023,IParserNode.html,genie-openj9
Tue Nov 21 21:36:58 2023,NodeAbstract.html,genie-openj9
Tue Nov 21 21:36:58 2023,NodeArrayClass.html,genie-openj9
Tue Nov 21 21:36:58 2023,NodeBuffers.html,genie-openj9
Tue Nov 21 21:36:58 2023,NodeByteCode.html,genie-openj9
Tue Nov 21 21:36:58 2023,NodeClassInClassLoader.html,genie-openj9
Tue Nov 21 21:36:58 2023,NodeClassInConstantPool.html,genie-openj9
Tue Nov 21 21:36:58 2023,NodeClassInVM.html,genie-openj9
Tue Nov 21 21:36:58 2023,NodeClassLoader.html,genie-openj9
Tue Nov 21 21:36:58 2023,NodeConstantPool.html,genie-openj9
Tue Nov 21 21:36:58 2023,NodeError.html,genie-openj9
Tue Nov 21 21:36:58 2023,NodeField.html,genie-openj9
Tue Nov 21 21:36:58 2023,NodeFrame.html,genie-openj9
Tue Nov 21 21:36:58 2023,NodeGPF.html,genie-openj9
Tue Nov 21 21:36:58 2023,NodeHeader.html,genie-openj9
Tue Nov 21 21:36:58 2023,NodeHeap.html,genie-openj9
Tue Nov 21 21:36:58 2023,NodeIP.html,genie-openj9
Tue Nov 21 21:36:58 2023,NodeInterface.html,genie-openj9
Tue Nov 21 21:36:58 2023,NodeJ9Dump.html,genie-openj9
Tue Nov 21 21:36:58 2023,NodeJIT.html,genie-openj9
Tue Nov 21 21:36:58 2023,NodeJavaVM.html,genie-openj9
Tue Nov 21 21:36:58 2023,NodeJavaVMInitArgs.html,genie-openj9
Tue Nov 21 21:36:58 2023,NodeJavaVMOption.html,genie-openj9
Tue Nov 21 21:36:58 2023,NodeLibrary.html,genie-openj9
Tue Nov 21 21:36:58 2023,NodeMethod.html,genie-openj9
Tue Nov 21 21:36:58 2023,NodeMonitor.html,genie-openj9
Tue Nov 21 21:36:58 2023,NodeNet.html,genie-openj9
Tue Nov 21 21:36:58 2023,NodeObject.html,genie-openj9
Tue Nov 21 21:36:58 2023,NodeObjects.html,genie-openj9
Tue Nov 21 21:36:58 2023,NodeProperty.html,genie-openj9
Tue Nov 21 21:36:58 2023,NodeRegion.html,genie-openj9
Tue Nov 21 21:36:58 2023,NodeRoot.html,genie-openj9
Tue Nov 21 21:36:58 2023,NodeRootClass.html,genie-openj9
Tue Nov 21 21:36:58 2023,NodeRootObject.html,genie-openj9
Tue Nov 21 21:36:58 2023,NodeStack.html,genie-openj9
Tue Nov 21 21:36:58 2023,NodeStatic.html,genie-openj9
Tue Nov 21 21:36:58 2023,NodeSystemProperties.html,genie-openj9
Tue Nov 21 21:36:58 2023,NodeTrace.html,genie-openj9
Tue Nov 21 21:36:58 2023,NodeUnexpectedTag.html,genie-openj9
Tue Nov 21 21:36:58 2023,NodeVMThread.html,genie-openj9
Tue Nov 21 21:36:58 2023,XMLIndexReader.html,genie-openj9
Tue Nov 21 21:36:58 2023,XMLInputStream.html,genie-openj9
Tue Nov 21 21:36:58 2023,package-summary.html,genie-openj9
Tue Nov 21 21:36:58 2023,package-tree.html,genie-openj9
Tue Nov 21 21:36:58 2023,package-use.html,genie-openj9
Tue Nov 21 21:36:58 2023,module-summary.html,genie-openj9
Tue Nov 21 21:36:58 2023,CombinedContext.html,genie-openj9
Tue Nov 21 21:36:58 2023,ConsoleOutputChannel.html,genie-openj9
Tue Nov 21 21:36:58 2023,DTFJView.html,genie-openj9
Tue Nov 21 21:36:58 2023,ExitCodes.html,genie-openj9
Tue Nov 21 21:36:58 2023,FileOutputChannel.html,genie-openj9
Tue Nov 21 21:36:58 2023,JdmpviewContextManager.html,genie-openj9
Tue Nov 21 21:36:58 2023,JdmpviewInitException.html,genie-openj9
Tue Nov 21 21:36:58 2023,JdmpviewPrintStream.html,genie-openj9
Tue Nov 21 21:36:58 2023,Output.html,genie-openj9
Tue Nov 21 21:36:58 2023,OutputChannelRedirector.html,genie-openj9
Tue Nov 21 21:36:58 2023,Session.html,genie-openj9
Tue Nov 21 21:36:58 2023,SessionProperties.html,genie-openj9
Tue Nov 21 21:36:58 2023,SystemProperties.html,genie-openj9
Tue Nov 21 21:36:58 2023,Version.html,genie-openj9
Tue Nov 21 21:36:58 2023,CombinedContext.html,genie-openj9
Tue Nov 21 21:36:58 2023,ConsoleOutputChannel.html,genie-openj9
Tue Nov 21 21:36:58 2023,DTFJView.html,genie-openj9
Tue Nov 21 21:36:58 2023,ExitCodes.html,genie-openj9
Tue Nov 21 21:36:58 2023,FileOutputChannel.html,genie-openj9
Tue Nov 21 21:36:58 2023,JdmpviewContextManager.html,genie-openj9
Tue Nov 21 21:36:58 2023,JdmpviewInitException.html,genie-openj9
Tue Nov 21 21:36:58 2023,JdmpviewPrintStream.html,genie-openj9
Tue Nov 21 21:36:58 2023,Output.html,genie-openj9
Tue Nov 21 21:36:58 2023,OutputChannelRedirector.html,genie-openj9
Tue Nov 21 21:36:58 2023,Session.html,genie-openj9
Tue Nov 21 21:36:58 2023,SessionProperties.html,genie-openj9
Tue Nov 21 21:36:58 2023,SystemProperties.html,genie-openj9
Tue Nov 21 21:36:58 2023,Version.html,genie-openj9
Tue Nov 21 21:36:58 2023,BaseJdmpviewCommand.ArtifactType.html,genie-openj9
Tue Nov 21 21:36:58 2023,BaseJdmpviewCommand.html,genie-openj9
Tue Nov 21 21:36:58 2023,CdCommand.html,genie-openj9
Tue Nov 21 21:36:58 2023,CloseCommand.html,genie-openj9
Tue Nov 21 21:36:58 2023,DeadlockCommand.html,genie-openj9
Tue Nov 21 21:36:58 2023,ExceptionHandler.html,genie-openj9
Tue Nov 21 21:36:58 2023,FindCommand.html,genie-openj9
Tue Nov 21 21:36:58 2023,FindNextCommand.html,genie-openj9
Tue Nov 21 21:36:58 2023,FindPtrCommand.html,genie-openj9
Tue Nov 21 21:36:58 2023,HeapdumpCommand.html,genie-openj9
Tue Nov 21 21:36:58 2023,HelpCommand.html,genie-openj9
Tue Nov 21 21:36:58 2023,HexdumpCommand.html,genie-openj9
Tue Nov 21 21:36:58 2023,LogCommand.html,genie-openj9
Tue Nov 21 21:36:58 2023,OpenCommand.html,genie-openj9
Tue Nov 21 21:36:58 2023,PwdCommand.html,genie-openj9
Tue Nov 21 21:36:58 2023,ScrollCommand.html,genie-openj9
Tue Nov 21 21:36:58 2023,SimpleRedirectorCommand.html,genie-openj9
Tue Nov 21 21:36:58 2023,WhatisCommand.html,genie-openj9
Tue Nov 21 21:36:58 2023,BaseJdmpviewCommand.ArtifactType.html,genie-openj9
Tue Nov 21 21:36:58 2023,BaseJdmpviewCommand.html,genie-openj9
Tue Nov 21 21:36:58 2023,CdCommand.html,genie-openj9
Tue Nov 21 21:36:58 2023,CloseCommand.html,genie-openj9
Tue Nov 21 21:36:58 2023,DeadlockCommand.html,genie-openj9
Tue Nov 21 21:36:58 2023,ExceptionHandler.html,genie-openj9
Tue Nov 21 21:36:58 2023,FindCommand.html,genie-openj9
Tue Nov 21 21:36:58 2023,FindNextCommand.html,genie-openj9
Tue Nov 21 21:36:58 2023,FindPtrCommand.html,genie-openj9
Tue Nov 21 21:36:58 2023,HeapdumpCommand.html,genie-openj9
Tue Nov 21 21:36:58 2023,HelpCommand.html,genie-openj9
Tue Nov 21 21:36:58 2023,HexdumpCommand.html,genie-openj9
Tue Nov 21 21:36:58 2023,LogCommand.html,genie-openj9
Tue Nov 21 21:36:58 2023,OpenCommand.html,genie-openj9
Tue Nov 21 21:36:58 2023,PwdCommand.html,genie-openj9
Tue Nov 21 21:36:58 2023,ScrollCommand.html,genie-openj9
Tue Nov 21 21:36:58 2023,SimpleRedirectorCommand.html,genie-openj9
Tue Nov 21 21:36:58 2023,WhatisCommand.html,genie-openj9
Tue Nov 21 21:36:58 2023,ClassOutput.html,genie-openj9
Tue Nov 21 21:36:58 2023,Exceptions.html,genie-openj9
Tue Nov 21 21:36:58 2023,JUCMonitorNode.html,genie-openj9
Tue Nov 21 21:36:58 2023,MonitorNode.html,genie-openj9
Tue Nov 21 21:36:58 2023,MonitorState.html,genie-openj9
Tue Nov 21 21:36:58 2023,NodeList.html,genie-openj9
Tue Nov 21 21:36:58 2023,StateToString.html,genie-openj9
Tue Nov 21 21:36:58 2023,ThreadData.html,genie-openj9
Tue Nov 21 21:36:58 2023,Utils.html,genie-openj9
Tue Nov 21 21:36:58 2023,ClassOutput.html,genie-openj9
Tue Nov 21 21:36:58 2023,Exceptions.html,genie-openj9
Tue Nov 21 21:36:58 2023,JUCMonitorNode.html,genie-openj9
Tue Nov 21 21:36:58 2023,MonitorNode.html,genie-openj9
Tue Nov 21 21:36:58 2023,MonitorState.html,genie-openj9
Tue Nov 21 21:36:58 2023,NodeList.html,genie-openj9
Tue Nov 21 21:36:58 2023,StateToString.html,genie-openj9
Tue Nov 21 21:36:58 2023,ThreadData.html,genie-openj9
Tue Nov 21 21:36:58 2023,Utils.html,genie-openj9
Tue Nov 21 21:36:58 2023,package-summary.html,genie-openj9
Tue Nov 21 21:36:58 2023,package-tree.html,genie-openj9
Tue Nov 21 21:36:58 2023,package-use.html,genie-openj9
Tue Nov 21 21:36:58 2023,InfoClassCommand.ClassStatistics.html,genie-openj9
Tue Nov 21 21:36:58 2023,InfoClassCommand.html,genie-openj9
Tue Nov 21 21:36:58 2023,InfoCommand.html,genie-openj9
Tue Nov 21 21:36:58 2023,InfoHeapCommand.html,genie-openj9
Tue Nov 21 21:36:58 2023,InfoJitmCommand.html,genie-openj9
Tue Nov 21 21:36:58 2023,InfoLockCommand.html,genie-openj9
Tue Nov 21 21:36:58 2023,InfoMemoryCommand.html,genie-openj9
Tue Nov 21 21:36:58 2023,InfoMmapCommand.html,genie-openj9
Tue Nov 21 21:36:58 2023,InfoProcCommand.html,genie-openj9
Tue Nov 21 21:36:58 2023,InfoSymCommand.html,genie-openj9
Tue Nov 21 21:36:58 2023,InfoSystemCommand.html,genie-openj9
Tue Nov 21 21:36:58 2023,InfoThreadCommand.html,genie-openj9
Tue Nov 21 21:36:58 2023,InfoClassCommand.ClassStatistics.html,genie-openj9
Tue Nov 21 21:36:58 2023,InfoClassCommand.html,genie-openj9
Tue Nov 21 21:36:58 2023,InfoCommand.html,genie-openj9
Tue Nov 21 21:36:58 2023,InfoHeapCommand.html,genie-openj9
Tue Nov 21 21:36:58 2023,InfoJitmCommand.html,genie-openj9
Tue Nov 21 21:36:58 2023,InfoLockCommand.html,genie-openj9
Tue Nov 21 21:36:58 2023,InfoMemoryCommand.html,genie-openj9
Tue Nov 21 21:36:58 2023,InfoMmapCommand.html,genie-openj9
Tue Nov 21 21:36:58 2023,InfoProcCommand.html,genie-openj9
Tue Nov 21 21:36:58 2023,InfoSymCommand.html,genie-openj9
Tue Nov 21 21:36:58 2023,InfoSystemCommand.html,genie-openj9
Tue Nov 21 21:36:58 2023,InfoThreadCommand.html,genie-openj9
Tue Nov 21 21:36:58 2023,package-summary.html,genie-openj9
Tue Nov 21 21:36:58 2023,package-tree.html,genie-openj9
Tue Nov 21 21:36:58 2023,package-use.html,genie-openj9
Tue Nov 21 21:36:58 2023,package-summary.html,genie-openj9
Tue Nov 21 21:36:58 2023,package-tree.html,genie-openj9
Tue Nov 21 21:36:58 2023,package-use.html,genie-openj9
Tue Nov 21 21:36:58 2023,SetCommand.html,genie-openj9
Tue Nov 21 21:36:58 2023,SetHeapdumpCommand.html,genie-openj9
Tue Nov 21 21:36:58 2023,SetLoggingCommand.html,genie-openj9
Tue Nov 21 21:36:58 2023,SetCommand.html,genie-openj9
Tue Nov 21 21:36:58 2023,SetHeapdumpCommand.html,genie-openj9
Tue Nov 21 21:36:58 2023,SetLoggingCommand.html,genie-openj9
Tue Nov 21 21:36:58 2023,package-summary.html,genie-openj9
Tue Nov 21 21:36:58 2023,package-tree.html,genie-openj9
Tue Nov 21 21:36:58 2023,package-use.html,genie-openj9
Tue Nov 21 21:36:58 2023,ShowCommand.html,genie-openj9
Tue Nov 21 21:36:58 2023,ShowHeapdumpCommand.html,genie-openj9
Tue Nov 21 21:36:58 2023,ShowLoggingCommand.html,genie-openj9
Tue Nov 21 21:36:58 2023,ShowCommand.html,genie-openj9
Tue Nov 21 21:36:58 2023,ShowHeapdumpCommand.html,genie-openj9
Tue Nov 21 21:36:58 2023,ShowLoggingCommand.html,genie-openj9
Tue Nov 21 21:36:58 2023,package-summary.html,genie-openj9
Tue Nov 21 21:36:58 2023,package-tree.html,genie-openj9
Tue Nov 21 21:36:58 2023,package-use.html,genie-openj9
Tue Nov 21 21:36:58 2023,XCommand.html,genie-openj9
Tue Nov 21 21:36:58 2023,XDCommand.html,genie-openj9
Tue Nov 21 21:36:58 2023,XJCommand.html,genie-openj9
Tue Nov 21 21:36:58 2023,XKCommand.html,genie-openj9
Tue Nov 21 21:36:58 2023,XXCommand.html,genie-openj9
Tue Nov 21 21:36:58 2023,XCommand.html,genie-openj9
Tue Nov 21 21:36:58 2023,XDCommand.html,genie-openj9
Tue Nov 21 21:36:58 2023,XJCommand.html,genie-openj9
Tue Nov 21 21:36:58 2023,XKCommand.html,genie-openj9
Tue Nov 21 21:36:58 2023,XXCommand.html,genie-openj9
Tue Nov 21 21:36:58 2023,package-summary.html,genie-openj9
Tue Nov 21 21:36:58 2023,package-tree.html,genie-openj9
Tue Nov 21 21:36:58 2023,package-use.html,genie-openj9
Tue Nov 21 21:36:58 2023,HeapDumpFormatter.html,genie-openj9
Tue Nov 21 21:36:58 2023,HeapDumpSettings.html,genie-openj9
Tue Nov 21 21:36:58 2023,LongArrayReferenceIterator.html,genie-openj9
Tue Nov 21 21:36:58 2023,LongListReferenceIterator.html,genie-openj9
Tue Nov 21 21:36:58 2023,ReferenceIterator.html,genie-openj9
Tue Nov 21 21:36:58 2023,HeapDumpFormatter.html,genie-openj9
Tue Nov 21 21:36:58 2023,HeapDumpSettings.html,genie-openj9
Tue Nov 21 21:36:58 2023,LongArrayReferenceIterator.html,genie-openj9
Tue Nov 21 21:36:58 2023,LongListReferenceIterator.html,genie-openj9
Tue Nov 21 21:36:58 2023,ReferenceIterator.html,genie-openj9
Tue Nov 21 21:36:58 2023,ClassicHeapDumpFormatter.html,genie-openj9
Tue Nov 21 21:36:58 2023,ClassicHeapDumpFormatter.html,genie-openj9
Tue Nov 21 21:36:58 2023,package-summary.html,genie-openj9
Tue Nov 21 21:36:58 2023,package-tree.html,genie-openj9
Tue Nov 21 21:36:58 2023,package-use.html,genie-openj9
Tue Nov 21 21:36:58 2023,package-summary.html,genie-openj9
Tue Nov 21 21:36:58 2023,package-tree.html,genie-openj9
Tue Nov 21 21:36:58 2023,package-use.html,genie-openj9
Tue Nov 21 21:36:58 2023,ClassRecord.html,genie-openj9
Tue Nov 21 21:36:58 2023,LongObjectRecord.html,genie-openj9
Tue Nov 21 21:36:58 2023,LongPrimitiveArrayRecord.html,genie-openj9
Tue Nov 21 21:36:58 2023,MediumObjectRecord.html,genie-openj9
Tue Nov 21 21:36:58 2023,ObjectArrayRecord.html,genie-openj9
Tue Nov 21 21:36:58 2023,ObjectRecord.html,genie-openj9
Tue Nov 21 21:36:58 2023,PortableHeapDumpClassCache.html,genie-openj9
Tue Nov 21 21:36:58 2023,PortableHeapDumpFormatter.html,genie-openj9
Tue Nov 21 21:36:58 2023,PortableHeapDumpHeader.html,genie-openj9
Tue Nov 21 21:36:58 2023,PortableHeapDumpRecord.html,genie-openj9
Tue Nov 21 21:36:58 2023,PrimitiveArrayRecord.html,genie-openj9
Tue Nov 21 21:36:58 2023,ShortObjectRecord.html,genie-openj9
Tue Nov 21 21:36:58 2023,ClassRecord.html,genie-openj9
Tue Nov 21 21:36:58 2023,LongObjectRecord.html,genie-openj9
Tue Nov 21 21:36:58 2023,LongPrimitiveArrayRecord.html,genie-openj9
Tue Nov 21 21:36:58 2023,MediumObjectRecord.html,genie-openj9
Tue Nov 21 21:36:58 2023,ObjectArrayRecord.html,genie-openj9
Tue Nov 21 21:36:58 2023,ObjectRecord.html,genie-openj9
Tue Nov 21 21:36:58 2023,PortableHeapDumpClassCache.html,genie-openj9
Tue Nov 21 21:36:58 2023,PortableHeapDumpFormatter.html,genie-openj9
Tue Nov 21 21:36:58 2023,PortableHeapDumpHeader.html,genie-openj9
Tue Nov 21 21:36:58 2023,PortableHeapDumpRecord.html,genie-openj9
Tue Nov 21 21:36:58 2023,PrimitiveArrayRecord.html,genie-openj9
Tue Nov 21 21:36:58 2023,ShortObjectRecord.html,genie-openj9
Tue Nov 21 21:36:58 2023,package-summary.html,genie-openj9
Tue Nov 21 21:36:58 2023,package-tree.html,genie-openj9
Tue Nov 21 21:36:58 2023,package-use.html,genie-openj9
Tue Nov 21 21:36:58 2023,package-summary.html,genie-openj9
Tue Nov 21 21:36:58 2023,package-tree.html,genie-openj9
Tue Nov 21 21:36:58 2023,package-use.html,genie-openj9
Tue Nov 21 21:36:58 2023,ICombinedContext.html,genie-openj9
Tue Nov 21 21:36:58 2023,IOutputChannel.html,genie-openj9
Tue Nov 21 21:36:58 2023,IOutputManager.html,genie-openj9
Tue Nov 21 21:36:58 2023,ISession.html,genie-openj9
Tue Nov 21 21:36:58 2023,ISessionContextManager.html,genie-openj9
Tue Nov 21 21:36:58 2023,ICombinedContext.html,genie-openj9
Tue Nov 21 21:36:58 2023,IOutputChannel.html,genie-openj9
Tue Nov 21 21:36:58 2023,IOutputManager.html,genie-openj9
Tue Nov 21 21:36:58 2023,ISession.html,genie-openj9
Tue Nov 21 21:36:58 2023,ISessionContextManager.html,genie-openj9
Tue Nov 21 21:36:58 2023,package-summary.html,genie-openj9
Tue Nov 21 21:36:58 2023,package-tree.html,genie-openj9
Tue Nov 21 21:36:58 2023,package-use.html,genie-openj9
Tue Nov 21 21:36:58 2023,CommandException.html,genie-openj9
Tue Nov 21 21:36:58 2023,IPipe.html,genie-openj9
Tue Nov 21 21:36:58 2023,ITool.html,genie-openj9
Tue Nov 21 21:36:58 2023,ParsedCommand.html,genie-openj9
Tue Nov 21 21:36:58 2023,Tool.html,genie-openj9
Tue Nov 21 21:36:58 2023,ToolsRegistry.html,genie-openj9
Tue Nov 21 21:36:58 2023,ToolsRegistryOutputChannels.html,genie-openj9
Tue Nov 21 21:36:58 2023,CommandException.html,genie-openj9
Tue Nov 21 21:36:58 2023,IPipe.html,genie-openj9
Tue Nov 21 21:36:58 2023,ITool.html,genie-openj9
Tue Nov 21 21:36:58 2023,ParsedCommand.html,genie-openj9
Tue Nov 21 21:36:58 2023,Tool.html,genie-openj9
Tue Nov 21 21:36:58 2023,ToolsRegistry.html,genie-openj9
Tue Nov 21 21:36:58 2023,ToolsRegistryOutputChannels.html,genie-openj9
Tue Nov 21 21:36:58 2023,CharsFromTool.html,genie-openj9
Tue Nov 21 21:36:58 2023,CharsToTool.html,genie-openj9
Tue Nov 21 21:36:58 2023,CmdFileTool.html,genie-openj9
Tue Nov 21 21:36:58 2023,GrepTool.html,genie-openj9
Tue Nov 21 21:36:58 2023,HelpTool.html,genie-openj9
Tue Nov 21 21:36:58 2023,HistoryTool.html,genie-openj9
Tue Nov 21 21:36:58 2023,OutFileTool.html,genie-openj9
Tue Nov 21 21:36:58 2023,TokensTool.html,genie-openj9
Tue Nov 21 21:36:58 2023,CharsFromTool.html,genie-openj9
Tue Nov 21 21:36:58 2023,CharsToTool.html,genie-openj9
Tue Nov 21 21:36:58 2023,CmdFileTool.html,genie-openj9
Tue Nov 21 21:36:58 2023,GrepTool.html,genie-openj9
Tue Nov 21 21:36:58 2023,HelpTool.html,genie-openj9
Tue Nov 21 21:36:58 2023,HistoryTool.html,genie-openj9
Tue Nov 21 21:36:58 2023,OutFileTool.html,genie-openj9
Tue Nov 21 21:36:58 2023,TokensTool.html,genie-openj9
Tue Nov 21 21:36:58 2023,package-summary.html,genie-openj9
Tue Nov 21 21:36:58 2023,package-tree.html,genie-openj9
Tue Nov 21 21:36:58 2023,package-use.html,genie-openj9
Tue Nov 21 21:36:58 2023,package-summary.html,genie-openj9
Tue Nov 21 21:36:58 2023,package-tree.html,genie-openj9
Tue Nov 21 21:36:58 2023,package-use.html,genie-openj9
Tue Nov 21 21:36:58 2023,BlockPostmatchHandle.html,genie-openj9
Tue Nov 21 21:36:58 2023,BlockPrematchHandle.html,genie-openj9
Tue Nov 21 21:36:58 2023,FileUtils.html,genie-openj9
Tue Nov 21 21:36:58 2023,IMatchHandle.html,genie-openj9
Tue Nov 21 21:36:58 2023,IPostmatchHandle.html,genie-openj9
Tue Nov 21 21:36:58 2023,IPrematchHandle.html,genie-openj9
Tue Nov 21 21:36:58 2023,IStringModifier.html,genie-openj9
Tue Nov 21 21:36:58 2023,MatchHandle.html,genie-openj9
Tue Nov 21 21:36:58 2023,MaxLinesPostmatchHandle.html,genie-openj9
Tue Nov 21 21:36:58 2023,MaxLinesPrematchHandle.html,genie-openj9
Tue Nov 21 21:36:58 2023,OutputStreamModifier.html,genie-openj9
Tue Nov 21 21:36:58 2023,RegExprMatchHandle.html,genie-openj9
Tue Nov 21 21:36:58 2023,StringModifier.html,genie-openj9
Tue Nov 21 21:36:58 2023,StringReceiver.html,genie-openj9
Tue Nov 21 21:36:58 2023,BlockPostmatchHandle.html,genie-openj9
Tue Nov 21 21:36:58 2023,BlockPrematchHandle.html,genie-openj9
Tue Nov 21 21:36:58 2023,FileUtils.html,genie-openj9
Tue Nov 21 21:36:58 2023,IMatchHandle.html,genie-openj9
Tue Nov 21 21:36:58 2023,IPostmatchHandle.html,genie-openj9
Tue Nov 21 21:36:58 2023,IPrematchHandle.html,genie-openj9
Tue Nov 21 21:36:58 2023,IStringModifier.html,genie-openj9
Tue Nov 21 21:36:58 2023,MatchHandle.html,genie-openj9
Tue Nov 21 21:36:58 2023,MaxLinesPostmatchHandle.html,genie-openj9
Tue Nov 21 21:36:58 2023,MaxLinesPrematchHandle.html,genie-openj9
Tue Nov 21 21:36:58 2023,OutputStreamModifier.html,genie-openj9
Tue Nov 21 21:36:58 2023,RegExprMatchHandle.html,genie-openj9
Tue Nov 21 21:36:58 2023,StringModifier.html,genie-openj9
Tue Nov 21 21:36:58 2023,StringReceiver.html,genie-openj9
Tue Nov 21 21:36:58 2023,package-summary.html,genie-openj9
Tue Nov 21 21:36:58 2023,package-tree.html,genie-openj9
Tue Nov 21 21:36:58 2023,package-use.html,genie-openj9
Tue Nov 21 21:36:58 2023,module-summary.html,genie-openj9
Tue Nov 21 21:36:58 2023,CUDADevice.html,genie-openj9
Tue Nov 21 21:36:58 2023,CUDAManager.html,genie-openj9
Tue Nov 21 21:36:58 2023,GPUConfigurationException.html,genie-openj9
Tue Nov 21 21:36:58 2023,GPUPermission.html,genie-openj9
Tue Nov 21 21:36:58 2023,GPUSortException.html,genie-openj9
Tue Nov 21 21:36:58 2023,Maths.html,genie-openj9
Tue Nov 21 21:36:58 2023,Version.html,genie-openj9
Tue Nov 21 21:36:58 2023,CUDADevice.html,genie-openj9
Tue Nov 21 21:36:58 2023,CUDAManager.html,genie-openj9
Tue Nov 21 21:36:58 2023,GPUConfigurationException.html,genie-openj9
Tue Nov 21 21:36:58 2023,GPUPermission.html,genie-openj9
Tue Nov 21 21:36:58 2023,GPUSortException.html,genie-openj9
Tue Nov 21 21:36:58 2023,Maths.html,genie-openj9
Tue Nov 21 21:36:58 2023,Version.html,genie-openj9
Tue Nov 21 21:36:58 2023,CudaGPUAssistProvider.html,genie-openj9
Tue Nov 21 21:36:58 2023,CudaGPUAssistProvider.html,genie-openj9
Tue Nov 21 21:36:58 2023,package-summary.html,genie-openj9
Tue Nov 21 21:36:58 2023,package-tree.html,genie-openj9
Tue Nov 21 21:36:58 2023,package-use.html,genie-openj9
Tue Nov 21 21:36:58 2023,package-summary.html,genie-openj9
Tue Nov 21 21:36:58 2023,package-tree.html,genie-openj9
Tue Nov 21 21:36:58 2023,package-use.html,genie-openj9
Tue Nov 21 21:36:58 2023,module-summary.html,genie-openj9
Tue Nov 21 21:36:58 2023,Debuggable.html,genie-openj9
Tue Nov 21 21:36:58 2023,Dump.html,genie-openj9
Tue Nov 21 21:36:58 2023,DumpConfigurationUnavailableException.html,genie-openj9
Tue Nov 21 21:36:58 2023,DumpPermission.html,genie-openj9
Tue Nov 21 21:36:58 2023,InvalidDumpOptionException.html,genie-openj9
Tue Nov 21 21:36:58 2023,Log.html,genie-openj9
Tue Nov 21 21:36:58 2023,LogPermission.html,genie-openj9
Tue Nov 21 21:36:58 2023,Stats.html,genie-openj9
Tue Nov 21 21:36:58 2023,ToolDumpPermission.html,genie-openj9
Tue Nov 21 21:36:58 2023,Trace.html,genie-openj9
Tue Nov 21 21:36:58 2023,TracePermission.html,genie-openj9
Tue Nov 21 21:36:58 2023,Debuggable.html,genie-openj9
Tue Nov 21 21:36:58 2023,Dump.html,genie-openj9
Tue Nov 21 21:36:58 2023,DumpConfigurationUnavailableException.html,genie-openj9
Tue Nov 21 21:36:58 2023,DumpPermission.html,genie-openj9
Tue Nov 21 21:36:58 2023,InvalidDumpOptionException.html,genie-openj9
Tue Nov 21 21:36:58 2023,Log.html,genie-openj9
Tue Nov 21 21:36:58 2023,LogPermission.html,genie-openj9
Tue Nov 21 21:36:58 2023,Stats.html,genie-openj9
Tue Nov 21 21:36:58 2023,ToolDumpPermission.html,genie-openj9
Tue Nov 21 21:36:58 2023,Trace.html,genie-openj9
Tue Nov 21 21:36:58 2023,TracePermission.html,genie-openj9
Tue Nov 21 21:36:58 2023,package-summary.html,genie-openj9
Tue Nov 21 21:36:58 2023,package-tree.html,genie-openj9
Tue Nov 21 21:36:58 2023,package-use.html,genie-openj9
Tue Nov 21 21:36:58 2023,module-summary.html,genie-openj9
Tue Nov 21 21:36:58 2023,CannotSetClasspathException.html,genie-openj9
Tue Nov 21 21:36:58 2023,HelperAlreadyDefinedException.html,genie-openj9
Tue Nov 21 21:36:58 2023,Shared.html,genie-openj9
Tue Nov 21 21:36:58 2023,SharedAbstractHelper.html,genie-openj9
Tue Nov 21 21:36:58 2023,SharedAbstractHelperFactory.html,genie-openj9
Tue Nov 21 21:36:58 2023,SharedClassAbstractHelper.html,genie-openj9
Tue Nov 21 21:36:58 2023,SharedClassCacheInfo.html,genie-openj9
Tue Nov 21 21:36:58 2023,SharedClassFilter.html,genie-openj9
Tue Nov 21 21:36:58 2023,SharedClassHelper.html,genie-openj9
Tue Nov 21 21:36:58 2023,SharedClassHelperFactory.html,genie-openj9
Tue Nov 21 21:36:58 2023,SharedClassPermission.html,genie-openj9
Tue Nov 21 21:36:58 2023,SharedClassPermissionCollection.html,genie-openj9
Tue Nov 21 21:36:58 2023,SharedClassStatistics.html,genie-openj9
Tue Nov 21 21:36:58 2023,SharedClassTokenHelper.html,genie-openj9
Tue Nov 21 21:36:58 2023,SharedClassURLClasspathHelper.IndexHolder.html,genie-openj9
Tue Nov 21 21:36:58 2023,SharedClassURLClasspathHelper.html,genie-openj9
Tue Nov 21 21:36:58 2023,SharedClassURLHelper.html,genie-openj9
Tue Nov 21 21:36:58 2023,SharedClassUtilities.html,genie-openj9
Tue Nov 21 21:36:58 2023,SharedClassesNamedPermission.html,genie-openj9
Tue Nov 21 21:36:58 2023,SharedDataHelper.html,genie-openj9
Tue Nov 21 21:36:58 2023,SharedDataHelperFactory.html,genie-openj9
Tue Nov 21 21:36:58 2023,SharedHelper.html,genie-openj9
Tue Nov 21 21:36:58 2023,CannotSetClasspathException.html,genie-openj9
Tue Nov 21 21:36:58 2023,HelperAlreadyDefinedException.html,genie-openj9
Tue Nov 21 21:36:58 2023,Shared.html,genie-openj9
Tue Nov 21 21:36:58 2023,SharedAbstractHelper.html,genie-openj9
Tue Nov 21 21:36:58 2023,SharedAbstractHelperFactory.html,genie-openj9
Tue Nov 21 21:36:58 2023,SharedClassAbstractHelper.html,genie-openj9
Tue Nov 21 21:36:58 2023,SharedClassCacheInfo.html,genie-openj9
Tue Nov 21 21:36:58 2023,SharedClassFilter.html,genie-openj9
Tue Nov 21 21:36:58 2023,SharedClassHelper.html,genie-openj9
Tue Nov 21 21:36:58 2023,SharedClassHelperFactory.html,genie-openj9
Tue Nov 21 21:36:58 2023,SharedClassPermission.html,genie-openj9
Tue Nov 21 21:36:58 2023,SharedClassPermissionCollection.html,genie-openj9
Tue Nov 21 21:36:58 2023,SharedClassStatistics.html,genie-openj9
Tue Nov 21 21:36:58 2023,SharedClassTokenHelper.html,genie-openj9
Tue Nov 21 21:36:58 2023,SharedClassURLClasspathHelper.IndexHolder.html,genie-openj9
Tue Nov 21 21:36:58 2023,SharedClassURLClasspathHelper.html,genie-openj9
Tue Nov 21 21:36:58 2023,SharedClassURLHelper.html,genie-openj9
Tue Nov 21 21:36:58 2023,SharedClassUtilities.html,genie-openj9
Tue Nov 21 21:36:58 2023,SharedClassesNamedPermission.html,genie-openj9
Tue Nov 21 21:36:58 2023,SharedDataHelper.html,genie-openj9
Tue Nov 21 21:36:58 2023,SharedDataHelperFactory.html,genie-openj9
Tue Nov 21 21:36:58 2023,SharedHelper.html,genie-openj9
Tue Nov 21 21:36:58 2023,package-summary.html,genie-openj9
Tue Nov 21 21:36:58 2023,package-tree.html,genie-openj9
Tue Nov 21 21:36:58 2023,package-use.html,genie-openj9
Tue Nov 21 21:36:58 2023,SharedClassProviderImpl.html,genie-openj9
Tue Nov 21 21:36:58 2023,SharedClassProviderImpl.html,genie-openj9
Tue Nov 21 21:36:58 2023,package-summary.html,genie-openj9
Tue Nov 21 21:36:58 2023,package-tree.html,genie-openj9
Tue Nov 21 21:36:58 2023,package-use.html,genie-openj9
Tue Nov 21 21:36:58 2023,module-summary.html,genie-openj9
Tue Nov 21 21:36:58 2023,ActiveSection.html,genie-openj9
Tue Nov 21 21:36:58 2023,Format2Tprof.MethodEntry.html,genie-openj9
Tue Nov 21 21:36:58 2023,Format2Tprof.html,genie-openj9
Tue Nov 21 21:36:58 2023,IncompleteTracePoint.html,genie-openj9
Tue Nov 21 21:36:58 2023,InvalidSpannedRecordException.html,genie-openj9
Tue Nov 21 21:36:58 2023,Merge.html,genie-openj9
Tue Nov 21 21:36:58 2023,Message.html,genie-openj9
Tue Nov 21 21:36:58 2023,MessageFile.html,genie-openj9
Tue Nov 21 21:36:58 2023,ProcessorSection.html,genie-openj9
Tue Nov 21 21:36:58 2023,ServiceSection.html,genie-openj9
Tue Nov 21 21:36:58 2023,StartupSection.html,genie-openj9
Tue Nov 21 21:36:58 2023,TraceArgs.html,genie-openj9
Tue Nov 21 21:36:58 2023,TraceFile.html,genie-openj9
Tue Nov 21 21:36:58 2023,TraceFileHeader.html,genie-openj9
Tue Nov 21 21:36:58 2023,TraceFormat.html,genie-openj9
Tue Nov 21 21:36:58 2023,TracePoint.html,genie-openj9
Tue Nov 21 21:36:58 2023,TraceRecord.html,genie-openj9
Tue Nov 21 21:36:58 2023,TraceRecord50.html,genie-openj9
Tue Nov 21 21:36:58 2023,TraceRecordExternal.html,genie-openj9
Tue Nov 21 21:36:58 2023,TraceRecordInternal.html,genie-openj9
Tue Nov 21 21:36:58 2023,TraceSection.html,genie-openj9
Tue Nov 21 21:36:58 2023,TraceThread.html,genie-openj9
Tue Nov 21 21:36:58 2023,Util.html,genie-openj9
Tue Nov 21 21:36:58 2023,ActiveSection.html,genie-openj9
Tue Nov 21 21:36:58 2023,Format2Tprof.MethodEntry.html,genie-openj9
Tue Nov 21 21:36:58 2023,Format2Tprof.html,genie-openj9
Tue Nov 21 21:36:58 2023,IncompleteTracePoint.html,genie-openj9
Tue Nov 21 21:36:58 2023,InvalidSpannedRecordException.html,genie-openj9
Tue Nov 21 21:36:58 2023,Merge.html,genie-openj9
Tue Nov 21 21:36:58 2023,Message.html,genie-openj9
Tue Nov 21 21:36:58 2023,MessageFile.html,genie-openj9
Tue Nov 21 21:36:58 2023,ProcessorSection.html,genie-openj9
Tue Nov 21 21:36:58 2023,ServiceSection.html,genie-openj9
Tue Nov 21 21:36:58 2023,StartupSection.html,genie-openj9
Tue Nov 21 21:36:58 2023,TraceArgs.html,genie-openj9
Tue Nov 21 21:36:58 2023,TraceFile.html,genie-openj9
Tue Nov 21 21:36:58 2023,TraceFileHeader.html,genie-openj9
Tue Nov 21 21:36:58 2023,TraceFormat.html,genie-openj9
Tue Nov 21 21:36:58 2023,TracePoint.html,genie-openj9
Tue Nov 21 21:36:58 2023,TraceRecord.html,genie-openj9
Tue Nov 21 21:36:58 2023,TraceRecord50.html,genie-openj9
Tue Nov 21 21:36:58 2023,TraceRecordExternal.html,genie-openj9
Tue Nov 21 21:36:58 2023,TraceRecordInternal.html,genie-openj9
Tue Nov 21 21:36:58 2023,TraceSection.html,genie-openj9
Tue Nov 21 21:36:58 2023,TraceThread.html,genie-openj9
Tue Nov 21 21:36:58 2023,Util.html,genie-openj9
Tue Nov 21 21:36:58 2023,package-summary.html,genie-openj9
Tue Nov 21 21:36:58 2023,package-tree.html,genie-openj9
Tue Nov 21 21:36:58 2023,package-use.html,genie-openj9
Tue Nov 21 21:36:58 2023,TraceFile.html,genie-openj9
Tue Nov 21 21:36:58 2023,TraceFileHeader.html,genie-openj9
Tue Nov 21 21:36:58 2023,TracePoint.html,genie-openj9
Tue Nov 21 21:36:58 2023,TracePointGlobalChronologicalIterator.html,genie-openj9
Tue Nov 21 21:36:58 2023,TracePointThreadChronologicalIterator.html,genie-openj9
Tue Nov 21 21:36:58 2023,TraceThread.html,genie-openj9
Tue Nov 21 21:36:58 2023,TraceFile.html,genie-openj9
Tue Nov 21 21:36:58 2023,TraceFileHeader.html,genie-openj9
Tue Nov 21 21:36:58 2023,TracePoint.html,genie-openj9
Tue Nov 21 21:36:58 2023,TracePointGlobalChronologicalIterator.html,genie-openj9
Tue Nov 21 21:36:58 2023,TracePointThreadChronologicalIterator.html,genie-openj9
Tue Nov 21 21:36:58 2023,TraceThread.html,genie-openj9
Tue Nov 21 21:36:58 2023,ActiveSection.html,genie-openj9
Tue Nov 21 21:36:58 2023,ByteStream.html,genie-openj9
Tue Nov 21 21:36:58 2023,Component.html,genie-openj9
Tue Nov 21 21:36:58 2023,DataHeader.html,genie-openj9
Tue Nov 21 21:36:58 2023,Message.Arg.html,genie-openj9
Tue Nov 21 21:36:58 2023,Message.CharArg.html,genie-openj9
Tue Nov 21 21:36:58 2023,Message.Double_Arg.html,genie-openj9
Tue Nov 21 21:36:58 2023,Message.FixedStringArg.html,genie-openj9
Tue Nov 21 21:36:58 2023,Message.Float_Arg.html,genie-openj9
Tue Nov 21 21:36:58 2023,Message.I32_Arg.html,genie-openj9
Tue Nov 21 21:36:58 2023,Message.I64_Arg.html,genie-openj9
Tue Nov 21 21:36:58 2023,Message.PointerArg.html,genie-openj9
Tue Nov 21 21:36:58 2023,Message.StringArg.html,genie-openj9
Tue Nov 21 21:36:58 2023,Message.U32_Arg.html,genie-openj9
Tue Nov 21 21:36:58 2023,Message.U64_Arg.html,genie-openj9
Tue Nov 21 21:36:58 2023,Message.UTF8StringArg.html,genie-openj9
Tue Nov 21 21:36:58 2023,Message.html,genie-openj9
Tue Nov 21 21:36:58 2023,MessageFile.html,genie-openj9
Tue Nov 21 21:36:58 2023,MissingDataException.html,genie-openj9
Tue Nov 21 21:36:58 2023,ProcessorSection.html,genie-openj9
Tue Nov 21 21:36:58 2023,ServiceSection.html,genie-openj9
Tue Nov 21 21:36:58 2023,StartupSection.html,genie-openj9
Tue Nov 21 21:36:58 2023,TraceContext.html,genie-openj9
Tue Nov 21 21:36:58 2023,TraceFileHeader.html,genie-openj9
Tue Nov 21 21:36:58 2023,TracePoint.html,genie-openj9
Tue Nov 21 21:36:58 2023,TracePointDebugInfo.html,genie-openj9
Tue Nov 21 21:36:58 2023,TracePointImpl.html,genie-openj9
Tue Nov 21 21:36:58 2023,TraceRecord.html,genie-openj9
Tue Nov 21 21:36:58 2023,TraceSection.html,genie-openj9
Tue Nov 21 21:36:58 2023,TraceThread.html,genie-openj9
Tue Nov 21 21:36:58 2023,ActiveSection.html,genie-openj9
Tue Nov 21 21:36:58 2023,ByteStream.html,genie-openj9
Tue Nov 21 21:36:58 2023,Component.html,genie-openj9
Tue Nov 21 21:36:58 2023,DataHeader.html,genie-openj9
Tue Nov 21 21:36:58 2023,Message.Arg.html,genie-openj9
Tue Nov 21 21:36:58 2023,Message.CharArg.html,genie-openj9
Tue Nov 21 21:36:58 2023,Message.Double_Arg.html,genie-openj9
Tue Nov 21 21:36:58 2023,Message.FixedStringArg.html,genie-openj9
Tue Nov 21 21:36:58 2023,Message.Float_Arg.html,genie-openj9
Tue Nov 21 21:36:58 2023,Message.I32_Arg.html,genie-openj9
Tue Nov 21 21:36:58 2023,Message.I64_Arg.html,genie-openj9
Tue Nov 21 21:36:58 2023,Message.PointerArg.html,genie-openj9
Tue Nov 21 21:36:58 2023,Message.StringArg.html,genie-openj9
Tue Nov 21 21:36:58 2023,Message.U32_Arg.html,genie-openj9
Tue Nov 21 21:36:58 2023,Message.U64_Arg.html,genie-openj9
Tue Nov 21 21:36:58 2023,Message.UTF8StringArg.html,genie-openj9
Tue Nov 21 21:36:58 2023,Message.html,genie-openj9
Tue Nov 21 21:36:58 2023,MessageFile.html,genie-openj9
Tue Nov 21 21:36:58 2023,MissingDataException.html,genie-openj9
Tue Nov 21 21:36:58 2023,ProcessorSection.html,genie-openj9
Tue Nov 21 21:36:58 2023,ServiceSection.html,genie-openj9
Tue Nov 21 21:36:58 2023,StartupSection.html,genie-openj9
Tue Nov 21 21:36:58 2023,TraceContext.html,genie-openj9
Tue Nov 21 21:36:58 2023,TraceFileHeader.html,genie-openj9
Tue Nov 21 21:36:58 2023,TracePoint.html,genie-openj9
Tue Nov 21 21:36:58 2023,TracePointDebugInfo.html,genie-openj9
Tue Nov 21 21:36:58 2023,TracePointImpl.html,genie-openj9
Tue Nov 21 21:36:58 2023,TraceRecord.html,genie-openj9
Tue Nov 21 21:36:58 2023,TraceSection.html,genie-openj9
Tue Nov 21 21:36:58 2023,TraceThread.html,genie-openj9
Tue Nov 21 21:36:58 2023,package-summary.html,genie-openj9
Tue Nov 21 21:36:58 2023,package-tree.html,genie-openj9
Tue Nov 21 21:36:58 2023,package-use.html,genie-openj9
Tue Nov 21 21:36:58 2023,package-summary.html,genie-openj9
Tue Nov 21 21:36:58 2023,package-tree.html,genie-openj9
Tue Nov 21 21:36:58 2023,package-use.html,genie-openj9
Tue Nov 21 21:36:58 2023,TraceFormat.html,genie-openj9
Tue Nov 21 21:36:58 2023,TraceFormat.html,genie-openj9
Tue Nov 21 21:36:58 2023,package-summary.html,genie-openj9
Tue Nov 21 21:36:58 2023,package-tree.html,genie-openj9
Tue Nov 21 21:36:58 2023,package-use.html,genie-openj9
Tue Nov 21 21:36:58 2023,module-summary.html,genie-openj9
Tue Nov 21 21:36:58 2023,ConditionException.html,genie-openj9
Tue Nov 21 21:36:58 2023,ConditionException.html,genie-openj9
Tue Nov 21 21:36:58 2023,package-summary.html,genie-openj9
Tue Nov 21 21:36:58 2023,package-tree.html,genie-openj9
Tue Nov 21 21:36:58 2023,package-use.html,genie-openj9
Tue Nov 21 21:36:58 2023,module-summary.html,genie-openj9
Tue Nov 21 21:36:58 2023,overview-summary.html,genie-openj9
Tue Nov 21 21:36:58 2023,overview-tree.html,genie-openj9
Tue Nov 21 21:36:58 2023,package-search-index.js,genie-openj9
Tue Nov 21 21:36:58 2023,jquery-3.6.1.min.js,genie-openj9
Tue Nov 21 21:36:58 2023,jquery-ui.min.css,genie-openj9
Tue Nov 21 21:36:58 2023,jquery-ui.min.js,genie-openj9
Tue Nov 21 21:36:58 2023,script.js,genie-openj9
Tue Nov 21 21:36:58 2023,search-page.js,genie-openj9
Tue Nov 21 21:36:58 2023,search.html,genie-openj9
Tue Nov 21 21:36:58 2023,search.js,genie-openj9
Tue Nov 21 21:36:58 2023,serialized-form.html,genie-openj9
Tue Nov 21 21:36:58 2023,stylesheet.css,genie-openj9
Tue Nov 21 21:36:58 2023,tag-search-index.js,genie-openj9
Tue Nov 21 21:36:58 2023,type-search-index.js,genie-openj9
Tue Nov 21 21:36:58 2023,CudaDevice.CacheConfig.html,genie-openj9
Tue Nov 21 21:36:58 2023,CudaDevice.SharedMemConfig.html,genie-openj9
Tue Nov 21 21:36:58 2023,CudaException.html,genie-openj9
Tue Nov 21 21:36:58 2023,package-summary.html,genie-openj9
Tue Nov 21 21:36:58 2023,package-tree.html,genie-openj9
Tue Nov 21 21:36:58 2023,overview-tree.html,genie-openj9
Tue Nov 21 21:36:58 2023,CorruptDataException.html,genie-openj9
Tue Nov 21 21:36:58 2023,DataUnavailable.html,genie-openj9
Tue Nov 21 21:36:58 2023,ImagePointer.html,genie-openj9
Tue Nov 21 21:36:58 2023,JavaObject.html,genie-openj9
Tue Nov 21 21:36:58 2023,SharedClassFilter.html,genie-openj9
Tue Nov 21 21:36:58 2023,bundle.5cf534bf.min.js,genie-openj9
Tue Nov 21 21:36:58 2023,bundle.5cf534bf.min.js.map,genie-openj9
Tue Nov 21 21:36:58 2023,bundle.aecac24b.min.js,genie-openj9
Tue Nov 21 21:36:58 2023,bundle.aecac24b.min.js.map,genie-openj9
Tue Nov 21 21:36:58 2023,lunr.el.min.js,genie-openj9
Tue Nov 21 21:36:58 2023,lunr.he.min.js,genie-openj9
Tue Nov 21 21:36:58 2023,lunr.hy.min.js,genie-openj9
Tue Nov 21 21:36:58 2023,lunr.kn.min.js,genie-openj9
Tue Nov 21 21:36:58 2023,lunr.ko.min.js,genie-openj9
Tue Nov 21 21:36:58 2023,lunr.sa.min.js,genie-openj9
Tue Nov 21 21:36:58 2023,lunr.te.min.js,genie-openj9
Tue Nov 21 21:36:58 2023,lunr.zh.min.js,genie-openj9
Tue Nov 21 21:36:58 2023,wordcut.js,genie-openj9
Tue Nov 21 21:36:58 2023,search.12658920.min.js,genie-openj9
Tue Nov 21 21:36:58 2023,search.12658920.min.js.map,genie-openj9
Tue Nov 21 21:36:58 2023,search.f886a092.min.js,genie-openj9
Tue Nov 21 21:36:58 2023,search.f886a092.min.js.map,genie-openj9
Tue Nov 21 21:36:58 2023,main.4b4a2bd9.min.css,genie-openj9
Tue Nov 21 21:36:58 2023,main.4b4a2bd9.min.css.map,genie-openj9
Tue Nov 21 21:36:58 2023,main.f56500e0.min.css,genie-openj9
Tue Nov 21 21:36:58 2023,main.f56500e0.min.css.map,genie-openj9
Tue Nov 21 21:36:58 2023,palette.2505c338.min.css,genie-openj9
Tue Nov 21 21:36:58 2023,palette.2505c338.min.css.map,genie-openj9
Tue Nov 21 21:36:58 2023,palette.356b1318.min.css,genie-openj9
Tue Nov 21 21:36:58 2023,palette.356b1318.min.css.map,genie-openj9
Tue Nov 21 21:36:58 2023,index.html,genie-openj9
Tue Nov 21 21:36:58 2023,index.html,genie-openj9
Tue Nov 21 21:36:58 2023,index.html,genie-openj9
Tue Nov 21 21:36:58 2023,index.html,genie-openj9
Tue Nov 21 21:36:58 2023,index.html,genie-openj9
Tue Nov 21 21:36:58 2023,index.html,genie-openj9
Tue Nov 21 21:36:58 2023,index.html,genie-openj9
Tue Nov 21 21:36:58 2023,index.html,genie-openj9
Tue Nov 21 21:36:58 2023,index.html,genie-openj9
Tue Nov 21 21:36:58 2023,index.html,genie-openj9
Tue Nov 21 21:36:58 2023,index.html,genie-openj9
Tue Nov 21 21:36:58 2023,index.html,genie-openj9
Tue Nov 21 21:36:58 2023,index.html,genie-openj9
Tue Nov 21 21:36:58 2023,index.html,genie-openj9
Tue Nov 21 21:36:58 2023,index.html,genie-openj9
Tue Nov 21 21:36:58 2023,index.html,genie-openj9
Tue Nov 21 21:36:58 2023,index.html,genie-openj9
Tue Nov 21 21:36:58 2023,index.html,genie-openj9
Tue Nov 21 21:36:58 2023,index.html,genie-openj9
Tue Nov 21 21:36:58 2023,index.html,genie-openj9
Tue Nov 21 21:36:58 2023,index.html,genie-openj9
Tue Nov 21 21:36:58 2023,index.html,genie-openj9
Tue Nov 21 21:36:58 2023,index.html,genie-openj9
Tue Nov 21 21:36:58 2023,index.html,genie-openj9
Tue Nov 21 21:36:58 2023,index.html,genie-openj9
Tue Nov 21 21:36:58 2023,index.html,genie-openj9
Tue Nov 21 21:36:58 2023,index.html,genie-openj9
Tue Nov 21 21:36:58 2023,index.html,genie-openj9
Tue Nov 21 21:36:58 2023,index.html,genie-openj9
Tue Nov 21 21:36:58 2023,index.html,genie-openj9
Tue Nov 21 21:36:58 2023,index.html,genie-openj9
Tue Nov 21 21:36:58 2023,index.html,genie-openj9
Tue Nov 21 21:36:58 2023,index.html,genie-openj9
Tue Nov 21 21:36:58 2023,index.html,genie-openj9
Tue Nov 21 21:36:58 2023,index.html,genie-openj9
Tue Nov 21 21:36:58 2023,index.html,genie-openj9
Tue Nov 21 21:36:58 2023,index.html,genie-openj9
Tue Nov 21 21:36:58 2023,index.html,genie-openj9
Tue Nov 21 21:36:58 2023,index.html,genie-openj9
Tue Nov 21 21:36:58 2023,index.html,genie-openj9
Tue Nov 21 21:36:58 2023,index.html,genie-openj9
Tue Nov 21 21:36:58 2023,index.html,genie-openj9
Tue Nov 21 21:36:58 2023,index.html,genie-openj9
Tue Nov 21 21:36:58 2023,index.html,genie-openj9
Tue Nov 21 21:36:58 2023,index.html,genie-openj9
Tue Nov 21 21:36:58 2023,index.html,genie-openj9
Tue Nov 21 21:36:58 2023,index.html,genie-openj9
Tue Nov 21 21:36:58 2023,index.html,genie-openj9
Tue Nov 21 21:36:58 2023,index.html,genie-openj9
Tue Nov 21 21:36:58 2023,index.html,genie-openj9
Tue Nov 21 21:36:58 2023,index.html,genie-openj9
Tue Nov 21 21:36:58 2023,index.html,genie-openj9
Tue Nov 21 21:36:58 2023,index.html,genie-openj9
Tue Nov 21 21:36:58 2023,index.html,genie-openj9
Tue Nov 21 21:36:58 2023,index.html,genie-openj9
Tue Nov 21 21:36:58 2023,index.html,genie-openj9
Tue Nov 21 21:36:58 2023,index.html,genie-openj9
Tue Nov 21 21:36:58 2023,index.html,genie-openj9
Tue Nov 21 21:36:58 2023,index.html,genie-openj9
Tue Nov 21 21:36:58 2023,index.html,genie-openj9
Tue Nov 21 21:36:58 2023,index.html,genie-openj9
Tue Nov 21 21:36:58 2023,index.html,genie-openj9
Tue Nov 21 21:36:58 2023,index.html,genie-openj9
Tue Nov 21 21:36:58 2023,index.html,genie-openj9
Tue Nov 21 21:36:58 2023,index.html,genie-openj9
Tue Nov 21 21:36:58 2023,index.html,genie-openj9
Tue Nov 21 21:36:58 2023,index.html,genie-openj9
Tue Nov 21 21:36:58 2023,index.html,genie-openj9
Tue Nov 21 21:36:58 2023,index.html,genie-openj9
Tue Nov 21 21:36:58 2023,search_index.json,genie-openj9
Tue Nov 21 21:36:58 2023,index.html,genie-openj9
Tue Nov 21 21:36:58 2023,index.html,genie-openj9
Tue Nov 21 21:36:58 2023,sitemap.xml,genie-openj9
Tue Nov 21 21:36:58 2023,index.html,genie-openj9
Tue Nov 21 21:36:58 2023,index.html,genie-openj9
Tue Nov 21 21:36:58 2023,index.html,genie-openj9
Tue Nov 21 21:36:58 2023,index.html,genie-openj9
Tue Nov 21 21:36:58 2023,index.html,genie-openj9
Tue Nov 21 21:36:58 2023,index.html,genie-openj9
Tue Nov 21 21:36:58 2023,index.html,genie-openj9
Tue Nov 21 21:36:58 2023,index.html,genie-openj9
Tue Nov 21 21:36:58 2023,index.html,genie-openj9
Tue Nov 21 21:36:58 2023,index.html,genie-openj9
Tue Nov 21 21:36:58 2023,index.html,genie-openj9
Tue Nov 21 21:36:58 2023,index.html,genie-openj9
Tue Nov 21 21:36:58 2023,index.html,genie-openj9
Tue Nov 21 21:36:58 2023,index.html,genie-openj9
Tue Nov 21 21:36:58 2023,index.html,genie-openj9
Tue Nov 21 21:36:58 2023,index.html,genie-openj9
Tue Nov 21 21:36:58 2023,index.html,genie-openj9
Tue Nov 21 21:36:58 2023,index.html,genie-openj9
Tue Nov 21 21:36:58 2023,index.html,genie-openj9
Tue Nov 21 21:36:58 2023,index.html,genie-openj9
Tue Nov 21 21:36:58 2023,index.html,genie-openj9
Tue Nov 21 21:36:58 2023,index.html,genie-openj9
Tue Nov 21 21:36:58 2023,index.html,genie-openj9
Tue Nov 21 21:36:58 2023,index.html,genie-openj9
Tue Nov 21 21:36:58 2023,index.html,genie-openj9
Tue Nov 21 21:36:58 2023,index.html,genie-openj9
Tue Nov 21 21:36:58 2023,index.html,genie-openj9
Tue Nov 21 21:36:58 2023,index.html,genie-openj9
Tue Nov 21 21:36:58 2023,index.html,genie-openj9
Tue Nov 21 21:36:58 2023,index.html,genie-openj9
Tue Nov 21 21:36:58 2023,index.html,genie-openj9
Tue Nov 21 21:36:58 2023,index.html,genie-openj9
Tue Nov 21 21:36:58 2023,index.html,genie-openj9
Tue Nov 21 21:36:58 2023,index.html,genie-openj9
Tue Nov 21 21:36:58 2023,index.html,genie-openj9
Tue Nov 21 21:36:58 2023,index.html,genie-openj9
Tue Nov 21 21:36:58 2023,index.html,genie-openj9
Tue Nov 21 21:36:58 2023,index.html,genie-openj9
Tue Nov 21 21:36:58 2023,index.html,genie-openj9
Tue Nov 21 21:36:58 2023,index.html,genie-openj9
Tue Nov 21 21:36:58 2023,index.html,genie-openj9
Tue Nov 21 21:36:58 2023,index.html,genie-openj9
Tue Nov 21 21:36:58 2023,index.html,genie-openj9
Tue Nov 21 21:36:58 2023,index.html,genie-openj9
Tue Nov 21 21:36:58 2023,index.html,genie-openj9
Tue Nov 21 21:36:58 2023,index.html,genie-openj9
Tue Nov 21 21:36:58 2023,index.html,genie-openj9
Tue Nov 21 21:36:58 2023,index.html,genie-openj9
Tue Nov 21 21:36:58 2023,index.html,genie-openj9
Tue Nov 21 21:36:58 2023,index.html,genie-openj9
Tue Nov 21 21:36:58 2023,index.html,genie-openj9
Tue Nov 21 21:36:58 2023,index.html,genie-openj9
Tue Nov 21 21:36:58 2023,index.html,genie-openj9
Tue Nov 21 21:36:58 2023,index.html,genie-openj9
Tue Nov 21 21:36:58 2023,index.html,genie-openj9
Tue Nov 21 21:36:58 2023,index.html,genie-openj9
Tue Nov 21 21:36:58 2023,index.html,genie-openj9
Tue Nov 21 21:36:58 2023,index.html,genie-openj9
Tue Nov 21 21:36:58 2023,index.html,genie-openj9
Tue Nov 21 21:36:58 2023,index.html,genie-openj9
Tue Nov 21 21:36:58 2023,index.html,genie-openj9
Tue Nov 21 21:36:58 2023,index.html,genie-openj9
Tue Nov 21 21:36:58 2023,index.html,genie-openj9
Tue Nov 21 21:36:58 2023,index.html,genie-openj9
Tue Nov 21 21:36:58 2023,index.html,genie-openj9
Tue Nov 21 21:36:58 2023,index.html,genie-openj9
Tue Nov 21 21:36:58 2023,index.html,genie-openj9
Tue Nov 21 21:36:58 2023,index.html,genie-openj9
Tue Nov 21 21:36:58 2023,index.html,genie-openj9
Tue Nov 21 21:36:58 2023,index.html,genie-openj9
Tue Nov 21 21:36:58 2023,index.html,genie-openj9
Tue Nov 21 21:36:58 2023,index.html,genie-openj9
Tue Nov 21 21:36:58 2023,index.html,genie-openj9
Tue Nov 21 21:36:58 2023,index.html,genie-openj9
Tue Nov 21 21:36:58 2023,index.html,genie-openj9
Tue Nov 21 21:36:58 2023,index.html,genie-openj9
Tue Nov 21 21:36:58 2023,index.html,genie-openj9
Tue Nov 21 21:36:58 2023,index.html,genie-openj9
Tue Nov 21 21:36:58 2023,index.html,genie-openj9
Tue Nov 21 21:36:58 2023,index.html,genie-openj9
Tue Nov 21 21:36:58 2023,index.html,genie-openj9
Tue Nov 21 21:36:58 2023,index.html,genie-openj9
Tue Nov 21 21:36:58 2023,index.html,genie-openj9
Tue Nov 21 21:36:58 2023,index.html,genie-openj9
Tue Nov 21 21:36:58 2023,index.html,genie-openj9
Tue Nov 21 21:36:58 2023,index.html,genie-openj9
Tue Nov 21 21:36:58 2023,index.html,genie-openj9
Tue Nov 21 21:36:58 2023,index.html,genie-openj9
Tue Nov 21 21:36:58 2023,index.html,genie-openj9
Tue Nov 21 21:36:58 2023,index.html,genie-openj9
Tue Nov 21 21:36:58 2023,index.html,genie-openj9
Tue Nov 21 21:36:58 2023,index.html,genie-openj9
Tue Nov 21 21:36:58 2023,index.html,genie-openj9
Tue Nov 21 21:36:58 2023,index.html,genie-openj9
Tue Nov 21 21:36:58 2023,index.html,genie-openj9
Tue Nov 21 21:36:58 2023,index.html,genie-openj9
Tue Nov 21 21:36:58 2023,index.html,genie-openj9
Tue Nov 21 21:36:58 2023,index.html,genie-openj9
Tue Nov 21 21:36:58 2023,index.html,genie-openj9
Tue Nov 21 21:36:58 2023,index.html,genie-openj9
Tue Nov 21 21:36:58 2023,index.html,genie-openj9
Tue Nov 21 21:36:58 2023,index.html,genie-openj9
Tue Nov 21 21:36:58 2023,index.html,genie-openj9
Tue Nov 21 21:36:58 2023,index.html,genie-openj9
Tue Nov 21 21:36:58 2023,index.html,genie-openj9
Tue Nov 21 21:36:58 2023,index.html,genie-openj9
Tue Nov 21 21:36:58 2023,index.html,genie-openj9
Tue Nov 21 21:36:58 2023,index.html,genie-openj9
Tue Nov 21 21:36:58 2023,index.html,genie-openj9
Tue Nov 21 21:36:58 2023,index.html,genie-openj9
Tue Nov 21 21:36:58 2023,index.html,genie-openj9
Tue Nov 21 21:36:58 2023,index.html,genie-openj9
Tue Nov 21 21:36:58 2023,index.html,genie-openj9
Tue Nov 21 21:36:58 2023,index.html,genie-openj9
Tue Nov 21 21:36:58 2023,index.html,genie-openj9
Tue Nov 21 21:36:58 2023,index.html,genie-openj9
Tue Nov 21 21:36:58 2023,index.html,genie-openj9
Tue Nov 21 21:36:58 2023,index.html,genie-openj9
Tue Nov 21 21:36:58 2023,index.html,genie-openj9
Tue Nov 21 21:36:58 2023,index.html,genie-openj9
Tue Nov 21 21:36:58 2023,index.html,genie-openj9
Tue Nov 21 21:36:58 2023,index.html,genie-openj9
Tue Nov 21 21:36:58 2023,index.html,genie-openj9
Tue Nov 21 21:36:58 2023,index.html,genie-openj9
Tue Nov 21 21:36:58 2023,index.html,genie-openj9
Tue Nov 21 21:36:58 2023,index.html,genie-openj9
Tue Nov 21 21:36:58 2023,index.html,genie-openj9
Tue Nov 21 21:36:58 2023,index.html,genie-openj9
Tue Nov 21 21:36:58 2023,index.html,genie-openj9
Tue Nov 21 21:36:58 2023,index.html,genie-openj9
Tue Nov 21 21:36:58 2023,index.html,genie-openj9
Tue Nov 21 21:36:58 2023,index.html,genie-openj9
Tue Nov 21 21:36:58 2023,index.html,genie-openj9
Tue Nov 21 21:36:58 2023,index.html,genie-openj9
Tue Nov 21 21:36:58 2023,index.html,genie-openj9
Tue Nov 21 21:36:58 2023,index.html,genie-openj9
Tue Nov 21 21:36:58 2023,index.html,genie-openj9
Tue Nov 21 21:36:58 2023,index.html,genie-openj9
Tue Nov 21 21:36:58 2023,index.html,genie-openj9
Tue Nov 21 21:36:58 2023,index.html,genie-openj9
Tue Nov 21 21:36:58 2023,index.html,genie-openj9
Tue Nov 21 21:36:58 2023,index.html,genie-openj9
Tue Nov 21 21:36:58 2023,index.html,genie-openj9
Tue Nov 21 21:36:58 2023,index.html,genie-openj9
Tue Nov 21 21:36:58 2023,index.html,genie-openj9
Tue Nov 21 21:36:58 2023,index.html,genie-openj9
Tue Nov 21 21:36:58 2023,index.html,genie-openj9
Tue Nov 21 21:36:58 2023,index.html,genie-openj9
Tue Nov 21 21:36:58 2023,index.html,genie-openj9
Tue Nov 21 21:36:58 2023,index.html,genie-openj9
Tue Nov 21 21:36:58 2023,index.html,genie-openj9
Tue Nov 21 21:36:58 2023,index.html,genie-openj9
Tue Nov 21 21:36:58 2023,index.html,genie-openj9
Tue Nov 21 21:36:58 2023,index.html,genie-openj9
Tue Nov 21 21:36:58 2023,index.html,genie-openj9
Tue Nov 21 21:36:58 2023,index.html,genie-openj9
Tue Nov 21 21:36:58 2023,index.html,genie-openj9
Tue Nov 21 21:36:58 2023,index.html,genie-openj9
Tue Nov 21 21:36:58 2023,index.html,genie-openj9
Tue Nov 21 21:36:58 2023,index.html,genie-openj9
Tue Nov 21 21:36:58 2023,index.html,genie-openj9
Tue Nov 21 21:36:58 2023,index.html,genie-openj9
Tue Nov 21 21:36:58 2023,index.html,genie-openj9
Tue Nov 21 21:36:58 2023,index.html,genie-openj9
Tue Nov 21 21:36:58 2023,index.html,genie-openj9
Tue Nov 21 21:36:58 2023,index.html,genie-openj9
Tue Nov 21 21:36:58 2023,index.html,genie-openj9
Tue Nov 21 21:36:58 2023,index.html,genie-openj9
Tue Nov 21 21:36:58 2023,index.html,genie-openj9
Tue Nov 21 21:36:58 2023,index.html,genie-openj9
Tue Nov 21 21:36:58 2023,index.html,genie-openj9
Tue Nov 21 21:36:58 2023,index.html,genie-openj9
Tue Nov 21 21:36:58 2023,index.html,genie-openj9
Tue Nov 21 21:36:58 2023,index.html,genie-openj9
Tue Nov 21 21:36:58 2023,index.html,genie-openj9
Tue Nov 21 21:36:58 2023,index.html,genie-openj9
Tue Nov 21 21:36:58 2023,index.html,genie-openj9
Tue Nov 21 21:36:58 2023,index.html,genie-openj9
Tue Nov 21 21:36:58 2023,index.html,genie-openj9
Tue Nov 21 21:36:58 2023,index.html,genie-openj9
Tue Nov 21 21:36:58 2023,index.html,genie-openj9
Tue Nov 21 21:36:58 2023,index.html,genie-openj9
Tue Nov 21 21:36:58 2023,index.html,genie-openj9
Tue Nov 21 21:36:58 2023,index.html,genie-openj9
Tue Nov 21 21:36:58 2023,index.html,genie-openj9
Tue Nov 21 21:36:58 2023,index.html,genie-openj9
Tue Nov 21 21:36:58 2023,index.html,genie-openj9
Tue Nov 21 21:36:58 2023,index.html,genie-openj9
Tue Nov 21 21:36:58 2023,index.html,genie-openj9
Tue Nov 21 21:36:58 2023,index.html,genie-openj9
Tue Nov 21 21:36:58 2023,index.html,genie-openj9
Tue Nov 21 21:36:58 2023,index.html,genie-openj9
Tue Nov 21 21:36:58 2023,index.html,genie-openj9
Tue Nov 21 21:36:58 2023,index.html,genie-openj9
Tue Nov 21 21:36:58 2023,index.html,genie-openj9
Tue Nov 21 21:36:58 2023,index.html,genie-openj9
Tue Nov 21 21:36:58 2023,index.html,genie-openj9
Tue Nov 21 21:36:58 2023,index.html,genie-openj9
Tue Nov 21 21:36:58 2023,index.html,genie-openj9
Tue Nov 21 21:36:58 2023,index.html,genie-openj9
Tue Nov 21 21:36:58 2023,index.html,genie-openj9
Tue Nov 21 21:36:58 2023,index.html,genie-openj9
Tue Nov 21 21:36:58 2023,index.html,genie-openj9
Tue Nov 21 21:36:58 2023,index.html,genie-openj9
Tue Nov 21 21:36:58 2023,index.html,genie-openj9
Tue Nov 21 21:36:58 2023,index.html,genie-openj9
Tue Nov 21 21:36:58 2023,index.html,genie-openj9
Tue Nov 21 21:36:58 2023,index.html,genie-openj9
Tue Nov 21 21:36:58 2023,index.html,genie-openj9
Tue Nov 21 21:36:58 2023,index.html,genie-openj9
Tue Nov 21 21:36:58 2023,index.html,genie-openj9
Tue Nov 21 21:36:58 2023,index.html,genie-openj9
Tue Nov 21 21:36:58 2023,index.html,genie-openj9
Tue Nov 21 21:36:58 2023,index.html,genie-openj9
Tue Nov 21 21:36:58 2023,index.html,genie-openj9
Tue Nov 21 21:36:58 2023,index.html,genie-openj9
Tue Nov 21 21:36:58 2023,index.html,genie-openj9
Tue Nov 21 21:36:58 2023,index.html,genie-openj9
Tue Nov 21 21:36:58 2023,index.html,genie-openj9
Tue Nov 21 21:36:58 2023,index.html,genie-openj9
Tue Nov 21 21:36:58 2023,index.html,genie-openj9
Tue Nov 21 21:36:58 2023,index.html,genie-openj9
Tue Nov 21 21:36:58 2023,index.html,genie-openj9
Tue Nov 21 21:36:58 2023,index.html,genie-openj9
