date_time,file,committer_name
Thu Nov 28 21:34:22 2019,NewROMCreationAfterModifyingExistingClassTestRunner.java,Hang Shao
Fri Nov 29 19:38:50 2019,CacheMap.cpp,Hang Shao
Fri Dec  6 21:42:19 2019,OSCache.cpp,Hang Shao
Wed Dec 11 22:03:27 2019,CacheMap.cpp,Hang Shao
Wed Dec 11 22:03:27 2019,CacheMap.hpp,Hang Shao
Wed Dec 11 22:03:27 2019,CacheMapStats.hpp,Hang Shao
Wed Dec 11 22:03:27 2019,CompositeCache.cpp,Hang Shao
Wed Dec 11 22:03:27 2019,CompositeCacheImpl.hpp,Hang Shao
Wed Dec 11 22:03:27 2019,OSCache.cpp,Hang Shao
Wed Dec 11 22:03:27 2019,OSCache.hpp,Hang Shao
Wed Dec 11 22:03:27 2019,OSCachemmap.cpp,Hang Shao
Wed Dec 11 22:03:27 2019,OSCachemmap.hpp,Hang Shao
Wed Dec 11 22:03:27 2019,OSCachesysv.cpp,Hang Shao
Wed Dec 11 22:03:27 2019,OSCachesysv.hpp,Hang Shao
Wed Dec 11 22:03:27 2019,j9shr.tdf,Hang Shao
