date_time,file,committer_name
Tue May  8 11:11:22 2007,Messages.properties,Lin Zhu
Tue May  8 11:11:22 2007,ResourceConstants.java,Lin Zhu
Tue May  8 11:11:22 2007,OlapExpressionUtil.java,Lin Zhu
Tue May  8 11:34:55 2007,Messages.properties,Lin Zhu
Tue May  8 11:34:55 2007,ResourceConstants.java,Lin Zhu
Tue May  8 11:34:55 2007,JSDimensionObject.java,Lin Zhu
Tue May  8 11:34:55 2007,JSLevelAccessor.java,Lin Zhu
Tue May  8 14:24:42 2007,ColumnBindingTest.java,Lin Zhu
Tue May  8 14:24:42 2007,Messages.properties,Lin Zhu
Tue May  8 14:24:42 2007,ResourceConstants.java,Lin Zhu
Tue May  8 14:24:42 2007,IServiceForQueryResults.java,Lin Zhu
Tue May  8 14:24:42 2007,PreparedQueryUtil.java,Lin Zhu
Tue May  8 14:24:42 2007,QueryResults.java,Lin Zhu
Tue May  8 14:24:42 2007,ServiceForQueryResults.java,Lin Zhu
Wed May  9  8:33:45 2007,CubeFeaturesTest.java,Lin Zhu
Wed May  9  8:33:45 2007,CursorModelTest.java,Lin Zhu
Wed May  9  8:33:45 2007,MirrorCursorModelTest.java,Lin Zhu
Wed May  9  8:33:45 2007,QueryExecutor.java,Lin Zhu
Wed May  9  8:33:45 2007,OlapExpressionUtil.java,Lin Zhu
Wed May  9  8:33:45 2007,DimensionFilterEvalHelper.java,Lin Zhu
Wed May  9  8:44:50 2007,CubeAggregationTest.java,Lin Zhu
Wed May  9 13:15:27 2007,Messages.properties,Lin Zhu
Wed May  9 13:15:27 2007,ResourceConstants.java,Lin Zhu
Wed May  9 13:15:27 2007,JSDimensionObject.java,Lin Zhu
Wed May  9 13:15:27 2007,JSLevelAccessor.java,Lin Zhu
Wed May  9 13:15:27 2007,JSLevelObject.java,Lin Zhu
Wed May  9 13:15:27 2007,JSMeasureAccessor.java,Lin Zhu
Thu May 10 10:29:29 2007,CursorNavigatorTest.java,Lin Zhu
Thu May 10 10:29:29 2007,CubeAggregationTest.java,Lin Zhu
Thu May 10 10:29:29 2007,DimensionTest2.java,Lin Zhu
Thu May 10 10:29:29 2007,FactTableHelperTest2.java,Lin Zhu
Thu May 10 10:29:29 2007,DimensionFilterProcessorTest.java,Lin Zhu
Thu May 10 10:29:29 2007,AggregationAccessor.java,Lin Zhu
Thu May 10 10:29:29 2007,CubeQueryExecutorHelper.java,Lin Zhu
Thu May 10 10:29:29 2007,DimLevel.java,Lin Zhu
Thu May 10 10:29:29 2007,IAggregationResultSet.java,Lin Zhu
Thu May 10 10:29:29 2007,ICubeQueryExcutorHelper.java,Lin Zhu
Thu May 10 10:29:29 2007,ILevel.java,Lin Zhu
Thu May 10 10:29:29 2007,AggregationDefinition.java,Lin Zhu
Thu May 10 10:29:29 2007,AggregationResultSetSaveUtil.java,Lin Zhu
Thu May 10 10:29:29 2007,CachedAggregationResultSet.java,Lin Zhu
Thu May 10 10:29:29 2007,NamingUtil.java,Lin Zhu
Thu May 10 10:29:29 2007,AggregationCalculator.java,Lin Zhu
Thu May 10 10:29:29 2007,AggregationExecutor.java,Lin Zhu
Thu May 10 10:29:29 2007,AggregationResultSet.java,Lin Zhu
Thu May 10 10:29:29 2007,AggrSortDefinition.java,Lin Zhu
Thu May 10 10:29:29 2007,AggrSortHelper.java,Lin Zhu
Thu May 10 10:29:29 2007,AggregationSortHelper.java,Lin Zhu
Thu May 10 10:29:29 2007,Dimension.java,Lin Zhu
Thu May 10 10:29:29 2007,DimensionFactory.java,Lin Zhu
Thu May 10 10:29:29 2007,DimensionResultIterator.java,Lin Zhu
Thu May 10 10:29:29 2007,Hierarchy.java,Lin Zhu
Thu May 10 10:29:29 2007,Level.java,Lin Zhu
Thu May 10 10:29:29 2007,FactTableAccessor.java,Lin Zhu
Thu May 10 10:29:29 2007,FactTableRowIteratorWithFilter.java,Lin Zhu
Thu May 10 10:29:29 2007,EdgeAxis.java,Lin Zhu
Thu May 10 10:29:29 2007,ResultSetMetadata.java,Lin Zhu
Thu May 10 10:29:29 2007,CubeQueryDefinitionUtil.java,Lin Zhu
Thu May 10 10:29:29 2007,QueryExecutor.java,Lin Zhu
Thu May 10 10:29:29 2007,OlapExpressionUtil.java,Lin Zhu
Thu May 10 10:29:29 2007,DimensionFilterEvalHelper.java,Lin Zhu
Thu May 10 10:29:29 2007,IResultRow.java,Lin Zhu
Thu May 10 10:29:29 2007,DataRequestSessionImpl.java,Lin Zhu
Thu May 10 14:28:29 2007,SQLDataSetEditorPage.java,Lin Zhu
Fri May 11  3:47:23 2007,DummyOutputStreamTest.java,Lin Zhu
Fri May 11  3:47:23 2007,DataEngineContext.java,Lin Zhu
Fri May 11  3:47:23 2007,RDSave.java,Lin Zhu
Fri May 11  3:47:23 2007,RDSave2.java,Lin Zhu
Fri May 11  3:47:23 2007,DummyOutputStream.java,Lin Zhu
Fri May 11  3:47:23 2007,StreamManager.java,Lin Zhu
Fri May 11  3:47:23 2007,StreamWriter.java,Lin Zhu
Fri May 11  3:47:23 2007,VersionManager.java,Lin Zhu
Fri May 11  6:47:17 2007,CubeAggregationTest.java,Lin Zhu
Fri May 11  6:47:17 2007,FactTableHelperTest2.java,Lin Zhu
Fri May 11  6:47:17 2007,DimensionFilterProcessorTest.java,Lin Zhu
Fri May 11  6:47:17 2007,MANIFEST.MF,Lin Zhu
Fri May 11  6:47:17 2007,CubeQueryExecutorHelper.java,Lin Zhu
Fri May 11  6:47:17 2007,ICubeQueryExcutorHelper.java,Lin Zhu
Fri May 11  6:47:17 2007,MultiKeySelection.java,Lin Zhu
Fri May 11  6:47:17 2007,OneKeySelection.java,Lin Zhu
Fri May 11  6:47:17 2007,SelectionFactory.java,Lin Zhu
Fri May 11  6:47:17 2007,LevelFilter.java,Lin Zhu
Fri May 11  6:47:17 2007,DiskIndex.java,Lin Zhu
Fri May 11  6:47:17 2007,DimensionFilterEvalHelper.java,Lin Zhu
Fri May 11 10:18:53 2007,DataEngineContext.java,Lin Zhu
Fri May 11 10:18:53 2007,BindingColumnsEvalUtil.java,Lin Zhu
Fri May 11 10:18:53 2007,CacheResultIterator.java,Lin Zhu
Fri May 11 10:18:53 2007,CachedQueryResults.java,Lin Zhu
Fri May 11 10:18:53 2007,ColumnInfo.java,Lin Zhu
Fri May 11 10:18:53 2007,ComputedColumnHelper.java,Lin Zhu
Fri May 11 10:18:53 2007,DataEngineImpl.java,Lin Zhu
Fri May 11 10:18:53 2007,DataEngineSession.java,Lin Zhu
Fri May 11 10:18:53 2007,DataSetRuntime.java,Lin Zhu
Fri May 11 10:18:53 2007,DataSourceRuntime.java,Lin Zhu
Fri May 11 10:18:53 2007,ExecutorHelper.java,Lin Zhu
Fri May 11 10:18:53 2007,ExprManagerUtil.java,Lin Zhu
Fri May 11 10:18:53 2007,FilterByRow.java,Lin Zhu
Fri May 11 10:18:53 2007,GroupBindingColumn.java,Lin Zhu
Fri May 11 10:18:53 2007,GroupComputedColumn.java,Lin Zhu
Fri May 11 10:18:53 2007,OdaDataSetRuntime.java,Lin Zhu
Fri May 11 10:18:53 2007,OdaDataSourceRuntime.java,Lin Zhu
Fri May 11 10:18:53 2007,ParameterMetaData.java,Lin Zhu
Fri May 11 10:18:53 2007,ParameterUtil.java,Lin Zhu
Fri May 11 10:18:53 2007,PreparedDataSourceQuery.java,Lin Zhu
Fri May 11 10:18:53 2007,PreparedDummyQuery.java,Lin Zhu
Fri May 11 10:18:53 2007,PreparedIVDataSourceQuery.java,Lin Zhu
Fri May 11 10:18:53 2007,PreparedJointDataSourceQuery.java,Lin Zhu
Fri May 11 10:18:53 2007,PreparedOdaDSQuery.java,Lin Zhu
Fri May 11 10:18:53 2007,PreparedScriptDSQuery.java,Lin Zhu
Fri May 11 10:18:53 2007,PreparedSubquery.java,Lin Zhu
Fri May 11 10:18:53 2007,QueryExecutor.java,Lin Zhu
Fri May 11 10:18:53 2007,QueryResults.java,Lin Zhu
Fri May 11 10:18:53 2007,ResultIterator.java,Lin Zhu
Fri May 11 10:18:53 2007,ResultIterator2.java,Lin Zhu
Fri May 11 10:18:53 2007,ResultMetaData.java,Lin Zhu
Fri May 11 10:18:53 2007,ScriptDataSetRuntime.java,Lin Zhu
Fri May 11 10:18:53 2007,ScriptDataSourceRuntime.java,Lin Zhu
Fri May 11 10:18:53 2007,ServiceForQueryResults.java,Lin Zhu
Fri May 11 10:18:53 2007,SubqueryDataSetRuntime.java,Lin Zhu
Fri May 11 10:18:53 2007,UserDefinedParamMetaData.java,Lin Zhu
Fri May 11 10:18:53 2007,AggrRegistry.java,Lin Zhu
Fri May 11 10:18:53 2007,AggregateCalculator.java,Lin Zhu
Fri May 11 10:18:53 2007,AggregateTable.java,Lin Zhu
Fri May 11 10:18:53 2007,JSAggrValueObject.java,Lin Zhu
Fri May 11 10:18:53 2007,CubeQueryExecutorHelper.java,Lin Zhu
Fri May 11 10:18:53 2007,DimLevel.java,Lin Zhu
Fri May 11 10:18:53 2007,AggregationFunctionDefinition.java,Lin Zhu
Fri May 11 10:18:53 2007,CachedAggregationResultSet.java,Lin Zhu
Fri May 11 10:18:53 2007,Cube.java,Lin Zhu
Fri May 11 10:18:53 2007,MultiKeySelection.java,Lin Zhu
Fri May 11 10:18:53 2007,Range.java,Lin Zhu
Fri May 11 10:18:53 2007,RangeSelection.java,Lin Zhu
Fri May 11 10:18:53 2007,Traversalor.java,Lin Zhu
Fri May 11 10:18:53 2007,AggregationCalculator.java,Lin Zhu
Fri May 11 10:18:53 2007,AggregationExecutor.java,Lin Zhu
Fri May 11 10:18:53 2007,AggregationResultSet.java,Lin Zhu
Fri May 11 10:18:53 2007,LevelFilter.java,Lin Zhu
Fri May 11 10:18:53 2007,AggrSortDefinition.java,Lin Zhu
Fri May 11 10:18:53 2007,AxisQualifier.java,Lin Zhu
Fri May 11 10:18:53 2007,Dimension.java,Lin Zhu
Fri May 11 10:18:53 2007,DimensionKey.java,Lin Zhu
Fri May 11 10:18:53 2007,DimensionResultIterator.java,Lin Zhu
Fri May 11 10:18:53 2007,DimensionRow.java,Lin Zhu
Fri May 11 10:18:53 2007,Level.java,Lin Zhu
Fri May 11 10:18:53 2007,LevelDefinition.java,Lin Zhu
Fri May 11 10:18:53 2007,DimensionDivision.java,Lin Zhu
Fri May 11 10:18:53 2007,FactTable.java,Lin Zhu
Fri May 11 10:18:53 2007,FactTableAccessor.java,Lin Zhu
Fri May 11 10:18:53 2007,FactTableRowIterator.java,Lin Zhu
Fri May 11 10:31:54 2007,DataSetUIUtil.java,Lin Zhu
Fri May 11 10:31:54 2007,DataSetProvider.java,Lin Zhu
Fri May 11 13:01:15 2007,DataSetIterator.java,Lin Zhu
Mon May 14  8:02:31 2007,DataSetProvider.java,Lin Zhu
Mon May 14 11:23:40 2007,PassManager.java,Lin Zhu
Mon May 14 12:46:00 2007,ComputedColumnTest.java,Lin Zhu
Mon May 14 12:46:00 2007,ComputedColumnTest.testNewAggregationOnComputedColumn.txt,Lin Zhu
Mon May 14 12:46:00 2007,CacheComputedColumnTest.testNewAggregationOnComputedColumn.txt,Lin Zhu
Mon May 14 12:46:00 2007,IComputedColumn.java,Lin Zhu
Mon May 14 12:46:00 2007,ComputedColumn.java,Lin Zhu
Mon May 14 12:46:00 2007,AggrComputedColumnHelper.java,Lin Zhu
Mon May 14 12:46:00 2007,DataSetProcessUtil.java,Lin Zhu
Mon May 14 12:46:00 2007,PassStatusController.java,Lin Zhu
Mon May 14 12:46:00 2007,PassUtil.java,Lin Zhu
Mon May 14 12:46:00 2007,ResultSetProcessUtil.java,Lin Zhu
Mon May 14 12:46:00 2007,RowProcessUtil.java,Lin Zhu
Mon May 14 12:46:00 2007,ResultIterator.java,Lin Zhu
Tue May 15  7:31:38 2007,RADocumentManager.java,Lin Zhu
Tue May 15  9:10:51 2007,NamingUtil.java,Lin Zhu
Tue May 15 13:20:33 2007,AllTests.java,Lin Zhu
Tue May 15 13:20:33 2007,CubeFeaturesTest.java,Lin Zhu
Tue May 15 13:20:33 2007,CubeIVTest.java,Lin Zhu
Tue May 15 13:20:33 2007,CubeFeaturesTest.testSort3.txt,Lin Zhu
Tue May 15 13:20:33 2007,QueryExecutor.java,Lin Zhu
Wed May 16  9:38:12 2007,VersionManager.java,Lin Zhu
Wed May 16  9:38:12 2007,WrapperedRAInputStream.java,Lin Zhu
Thu May 17 14:03:25 2007,CubeFeaturesTest.java,Lin Zhu
Thu May 17 14:03:25 2007,CubeFeaturesTest.testAggrFilter.txt,Lin Zhu
Thu May 17 14:03:25 2007,CubeFeaturesTest.testFilter3.txt,Lin Zhu
Thu May 17 14:03:25 2007,CubeQueryExecutorHelper.java,Lin Zhu
Thu May 17 14:03:25 2007,AggregationCalculator.java,Lin Zhu
Thu May 17 14:03:25 2007,DimensionFilterEvalHelper.java,Lin Zhu
Fri May 18  2:47:16 2007,CubeFeaturesTest.java,Lin Zhu
Fri May 18  2:47:16 2007,CubeQueryExecutor.java,Lin Zhu
Fri May 18  2:47:16 2007,QueryExecutor.java,Lin Zhu
Fri May 18  7:42:52 2007,CubeFeaturesTest.java,Lin Zhu
Fri May 18  7:42:52 2007,AggregationCalculator.java,Lin Zhu
Fri May 18  7:42:52 2007,AggregationResultSet.java,Lin Zhu
Sun May 20 14:48:29 2007,OlapExpressionCompilerTest.java,Lin Zhu
Sun May 20 14:48:29 2007,MANIFEST.MF,Lin Zhu
Sun May 20 14:48:29 2007,OlapExpressionCompiler.java,Lin Zhu
Sun May 20 14:48:29 2007,OlapExpressionUtil.java,Lin Zhu
Sun May 20 14:48:29 2007,DimensionFilterEvalHelper.java,Lin Zhu
Sun May 20 14:48:29 2007,DataRequestSession.java,Lin Zhu
Sun May 20 14:48:29 2007,ICubeQueryUtil.java,Lin Zhu
Sun May 20 14:48:29 2007,CubeQueryUtil.java,Lin Zhu
Sun May 20 14:48:29 2007,DataRequestSessionImpl.java,Lin Zhu
Sun May 20 14:48:29 2007,AllTests.java,Lin Zhu
Sun May 20 14:48:29 2007,DataAdapterTopLevelScopeTest.java,Lin Zhu
Sun May 20 14:48:29 2007,DataAdapterUtilTest.java,Lin Zhu
Sun May 20 14:48:29 2007,DataRequestSessionTest.java,Lin Zhu
Mon May 21  3:47:36 2007,FactTableRowIterator.java,Lin Zhu
Mon May 21  6:38:07 2007,CubeFeaturesTest.java,Lin Zhu
Mon May 21  6:38:07 2007,CubeIVTest.java,Lin Zhu
Mon May 21  6:38:07 2007,CubeUtility.java,Lin Zhu
Mon May 21  6:38:07 2007,FileDocumentManager.java,Lin Zhu
Mon May 21  7:23:11 2007,OlapExpressionCompiler.java,Lin Zhu
Mon May 21  7:23:11 2007,ICubeQueryUtil.java,Lin Zhu
Mon May 21  7:23:11 2007,CubeQueryUtil.java,Lin Zhu
Mon May 21 11:48:40 2007,CubeFeaturesTest.java,Lin Zhu
Mon May 21 11:48:40 2007,CubeIVTest.java,Lin Zhu
Mon May 21 11:48:40 2007,CubeUtility.java,Lin Zhu
Mon May 21 11:48:40 2007,CubeAggregationTest.java,Lin Zhu
Mon May 21 11:48:40 2007,FactTableHelperTest.java,Lin Zhu
Mon May 21 11:48:40 2007,FactTableHelperTest2.java,Lin Zhu
Mon May 21 11:48:40 2007,FactTableRowIteratorWithFilterTest.java,Lin Zhu
Mon May 21 11:48:40 2007,AggregationAccessor.java,Lin Zhu
Mon May 21 11:48:40 2007,ResultSetFetcher.java,Lin Zhu
Mon May 21 11:48:40 2007,CubeMaterializer.java,Lin Zhu
Mon May 21 11:48:40 2007,Cube.java,Lin Zhu
Mon May 21 11:48:40 2007,FactTableAccessor.java,Lin Zhu
Mon May 21 11:48:40 2007,DimensionAxis.java,Lin Zhu
Mon May 21 11:48:40 2007,Messages.properties,Lin Zhu
Mon May 21 11:48:40 2007,ResourceConstants.java,Lin Zhu
Mon May 21 11:48:40 2007,DataRequestSessionImpl.java,Lin Zhu
Mon May 21 11:48:40 2007,DataSetIterator.java,Lin Zhu
Tue May 22 11:32:28 2007,DataStreamReader.java,Lin Zhu
Tue May 22 11:32:28 2007,DummyOutputStream.java,Lin Zhu
Tue May 22 11:32:28 2007,MetaStreamReader.java,Lin Zhu
Tue May 22 11:32:28 2007,StreamManager.java,Lin Zhu
Tue May 22 11:32:28 2007,StreamReader.java,Lin Zhu
Tue May 22 13:50:22 2007,FeaturesTest.java,Lin Zhu
Tue May 22 13:50:22 2007,FeaturesTest.test16.txt,Lin Zhu
Tue May 22 13:50:22 2007,ExprEvaluateUtil.java,Lin Zhu
Tue May 22 13:50:22 2007,BindingColumnsEvalUtil.java,Lin Zhu
Tue May 22 13:50:22 2007,JSResultSetRow.java,Lin Zhu
Tue May 22 14:28:51 2007,FeaturesTest.java,Lin Zhu
Tue May 22 14:28:51 2007,FeaturesTest.test16.txt,Lin Zhu
Tue May 22 14:28:51 2007,CacheFeaturesTest.test16.txt,Lin Zhu
Tue May 22 14:38:36 2007,QueryResultIDUtil.java,Lin Zhu
Wed May 23  6:02:40 2007,CubeQueryExecutorHelper.java,Lin Zhu
Wed May 23  6:02:40 2007,CubeQueryExecutor.java,Lin Zhu
Wed May 23  6:02:40 2007,BaseDimensionFilterEvalHelper.java,Lin Zhu
Wed May 23  6:02:40 2007,DimensionFilterEvalHelper.java,Lin Zhu
Wed May 23  6:02:40 2007,IJSDimensionFilterHelper.java,Lin Zhu
Wed May 23  6:02:40 2007,IJSFilterHelper.java,Lin Zhu
Wed May 23  6:02:40 2007,IJSTopBottomFilterHelper.java,Lin Zhu
Wed May 23  6:02:40 2007,TopBottomDimensionFilterEvalHelper.java,Lin Zhu
Wed May 23  8:10:57 2007,DataSetIterator.java,Lin Zhu
Wed May 23 10:03:09 2007,ICubeQueryUtil.java,Lin Zhu
Wed May 23 10:03:09 2007,CubeQueryUtil.java,Lin Zhu
Wed May 23 10:03:09 2007,DataRequestSessionImpl.java,Lin Zhu
Wed May 23 10:03:09 2007,DataSetIterator.java,Lin Zhu
Wed May 23 10:14:44 2007,IOUtilTest.java,Lin Zhu
Wed May 23 10:14:44 2007,IOUtil.java,Lin Zhu
Wed May 23 11:52:42 2007,JSDimensionObject.java,Lin Zhu
Wed May 23 11:52:42 2007,JSLevelObject.java,Lin Zhu
Wed May 23 11:52:42 2007,OlapExpressionUtil.java,Lin Zhu
Wed May 23 11:52:42 2007,DataRequestSessionImpl.java,Lin Zhu
Wed May 23 11:52:42 2007,DataSetIterator.java,Lin Zhu
Thu May 24  8:13:40 2007,IOUtil.java,Lin Zhu
Thu May 24 10:08:46 2007,messages.properties,Lin Zhu
Thu May 24 10:08:46 2007,DataAdapterUtil.java,Lin Zhu
Thu May 24 10:08:46 2007,IModelAdapter.java,Lin Zhu
Thu May 24 10:08:46 2007,ModelAdapter.java,Lin Zhu
Thu May 24 10:08:46 2007,ComputedColumnAdapter.java,Lin Zhu
Thu May 24 10:08:46 2007,DataAdapterUtil.java,Lin Zhu
Thu May 24 17:30:29 2007,NumericGroupCalculator.java,Lin Zhu
Thu May 24 17:30:29 2007,CubeQueryUtil.java,Lin Zhu
Thu May 24 17:30:29 2007,DataRequestSessionImpl.java,Lin Zhu
Thu May 24 17:30:29 2007,DataSetIterator.java,Lin Zhu
Fri May 25 10:55:59 2007,SQLUtility.java,Lin Zhu
Fri May 25 10:55:59 2007,CallStatement.java,Lin Zhu
Mon May 28  5:53:58 2007,DataSetProvider.java,Lin Zhu
Mon May 28 12:29:51 2007,CubeFeaturesTest.java,Lin Zhu
Mon May 28 12:29:51 2007,CubeFeaturesTest.testAggrFilter1.txt,Lin Zhu
Mon May 28 12:29:51 2007,CubeFeaturesTest.testAggrFilter2.txt,Lin Zhu
Mon May 28 12:29:51 2007,CubeAggregationTest.java,Lin Zhu
Mon May 28 12:29:51 2007,DimensionTest.java,Lin Zhu
Mon May 28 12:29:51 2007,DiskIndexTest.java,Lin Zhu
Mon May 28 12:29:51 2007,CubeQueryExecutorHelper.java,Lin Zhu
Mon May 28 12:29:51 2007,IAggregationResultSet.java,Lin Zhu
Mon May 28 12:29:51 2007,ICubeQueryExcutorHelper.java,Lin Zhu
Mon May 28 12:29:51 2007,CachedAggregationResultSet.java,Lin Zhu
Mon May 28 12:29:51 2007,EmptySelection.java,Lin Zhu
Mon May 28 12:29:51 2007,MultiKeySelection.java,Lin Zhu
Mon May 28 12:29:51 2007,OneKeySelection.java,Lin Zhu
Mon May 28 12:29:51 2007,RangeSelection.java,Lin Zhu
Mon May 28 12:29:51 2007,SelectionFactory.java,Lin Zhu
Mon May 28 12:29:51 2007,AggregationResultSet.java,Lin Zhu
Mon May 28 12:29:51 2007,DimensionFilterHelper.java,Lin Zhu
Mon May 28 12:29:51 2007,SelectionUtil.java,Lin Zhu
Mon May 28 12:29:51 2007,BaseDimensionFilterEvalHelper.java,Lin Zhu
Mon May 28 12:29:51 2007,IJSFilterHelper.java,Lin Zhu
Mon May 28 12:29:51 2007,IJSTopBottomFilterHelper.java,Lin Zhu
Mon May 28 12:29:51 2007,TopBottomDimensionFilterEvalHelper.java,Lin Zhu
Mon May 28 12:47:09 2007,CachedResultSet.java,Lin Zhu
Mon May 28 12:47:09 2007,PreparedDummyQuery.java,Lin Zhu
Mon May 28 12:47:09 2007,QueryResults.java,Lin Zhu
Mon May 28 12:47:09 2007,RDSaveUtil.java,Lin Zhu
Mon May 28 12:47:09 2007,StreamWrapper.java,Lin Zhu
Mon May 28 12:47:09 2007,DataStreamReader.java,Lin Zhu
Mon May 28 12:47:09 2007,StreamManager.java,Lin Zhu
Mon May 28 16:18:25 2007,CubeFeaturesTest.java,Lin Zhu
Mon May 28 16:18:25 2007,CubeIVTest.java,Lin Zhu
Mon May 28 16:18:25 2007,Messages.properties,Lin Zhu
Mon May 28 16:18:25 2007,ResourceConstants.java,Lin Zhu
Mon May 28 16:18:25 2007,ResultSetMetadata.java,Lin Zhu
Mon May 28 16:18:25 2007,CubeCursorImpl.java,Lin Zhu
Mon May 28 16:18:25 2007,CubeQueryDefinitionUtil.java,Lin Zhu
Mon May 28 16:18:25 2007,QueryExecutor.java,Lin Zhu
Mon May 28 16:18:25 2007,JSLevelObject.java,Lin Zhu
Tue May 29  4:54:00 2007,CubeQueryExecutorHelper.java,Lin Zhu
Tue May 29  9:47:12 2007,AggregationSortHelper.java,Lin Zhu
Tue May 29  9:47:12 2007,CubeQueryUtil.java,Lin Zhu
Tue May 29 15:41:57 2007,DataSetProcessUtil.java,Lin Zhu
Tue May 29 15:41:57 2007,ComputedColumnAdapter.java,Lin Zhu
Wed May 30  8:09:31 2007,DataSetIterator.java,Lin Zhu
Wed May 30  8:29:07 2007,CubeCursorImpl.java,Lin Zhu
Wed May 30 13:32:10 2007,CubeFeaturesTest.java,Lin Zhu
Wed May 30 13:32:10 2007,CubeFeaturesTest.testAggrSort6.txt,Lin Zhu
Wed May 30 13:32:10 2007,AggrSortHelper.java,Lin Zhu
Wed May 30 13:32:10 2007,AggregationSortHelper.java,Lin Zhu
Wed May 30 13:45:59 2007,CubeFeaturesTest.java,Lin Zhu
Wed May 30 13:45:59 2007,CubeIVTest.java,Lin Zhu
Wed May 30 13:45:59 2007,ICubeSortDefinition.java,Lin Zhu
Wed May 30 13:45:59 2007,CubeElementFactory.java,Lin Zhu
Wed May 30 13:45:59 2007,QueryExecutor.java,Lin Zhu
Wed May 30 14:42:10 2007,CubeFeaturesTest.java,Lin Zhu
Wed May 30 14:42:10 2007,CubeFeaturesTest.testBasic4.txt,Lin Zhu
Wed May 30 14:42:10 2007,Messages.properties,Lin Zhu
Wed May 30 14:42:10 2007,ResourceConstants.java,Lin Zhu
Wed May 30 14:42:10 2007,OlapExpressionUtil.java,Lin Zhu
Wed May 30 14:55:30 2007,OlapExpressionUtil.java,Lin Zhu
Thu May 31  8:22:27 2007,CubeCursorImpl.java,Lin Zhu
Thu May 31  8:22:27 2007,OlapQueryUtil.java,Lin Zhu
Thu May 31  8:22:27 2007,ICubeQueryUtil.java,Lin Zhu
Thu May 31  8:22:27 2007,CubeQueryUtil.java,Lin Zhu
Thu May 31  8:26:37 2007,Messages.properties,Lin Zhu
Thu May 31  8:26:37 2007,ResourceConstants.java,Lin Zhu
Thu May 31  8:26:37 2007,BaseDimensionFilterEvalHelper.java,Lin Zhu
Thu May 31  8:34:37 2007,CubeQueryExecutorHelper.java,Lin Zhu
Thu May 31  9:01:40 2007,CubeQueryExecutorHelper.java,Lin Zhu
Thu May 31  9:51:54 2007,CubeQueryExecutorHelper.java,Lin Zhu
Fri Jun  1  2:47:01 2007,CubeAggregationTest.java,Lin Zhu
Fri Jun  1  2:47:01 2007,CubeQueryExecutorHelper.java,Lin Zhu
Fri Jun  1  6:47:15 2007,RowSaveUtil.java,Lin Zhu
Fri Jun  1  6:47:15 2007,ExprDataReader1.java,Lin Zhu
Fri Jun  1  6:47:15 2007,ExprDataReader2.java,Lin Zhu
