date_time,file,committer_name
Mon Mar 26 23:41:33 2007,BuildSiteAction.java,Chris Aniszczyk
Mon Apr  2 23:37:06 2007,TracingBlock.java,Chris Aniszczyk
Wed Apr  4 19:37:40 2007,IPDEUIConstants.java,Chris Aniszczyk
Wed Apr  4 19:37:40 2007,PDEUIMessages.java,Chris Aniszczyk
Wed Apr  4 19:37:40 2007,LaunchAction.java,Chris Aniszczyk
Wed Apr  4 19:37:40 2007,LauncherUtils.java,Chris Aniszczyk
Wed Apr  4 19:37:40 2007,WorkspaceDataBlock.java,Chris Aniszczyk
Wed Apr  4 19:37:40 2007,pderesources.properties,Chris Aniszczyk
Wed Apr  4 22:54:27 2007,BuildSiteAction.java,Chris Aniszczyk
Wed Apr  4 23:05:29 2007,BuildSiteAction.java,Chris Aniszczyk
Wed Apr  4 23:05:29 2007,PDEModelUtility.java,Chris Aniszczyk
Mon Apr  9 16:05:39 2007,ContentSection.java,Chris Aniszczyk
Wed Apr 11  2:18:28 2007,PluginSection.java,Chris Aniszczyk
Wed Apr 11  2:18:28 2007,RequiresSection.java,Chris Aniszczyk
Wed Apr 11  3:37:21 2007,DataPortabilitySection.java,Chris Aniszczyk
Wed Apr 11  3:37:21 2007,PluginDetailsSection.java,Chris Aniszczyk
