date_time,file,committer_name
Wed Nov 22 16:27:50 2023,ArtifactKeyImpl.java,Ed Merks
Wed Nov 22 16:27:50 2023,pom.xml,Ed Merks
Wed Nov 22 16:27:50 2023,org.eclipse.cbi.p2repo.p2.tests.launch,Ed Merks
