date_time,file,committer_name
Fri Nov 19 20:52:11 2021,regression-wally.py,bbracker
Sat Nov 20  4:25:00 2021,buildrootBugFinder.py,bbracker
Sun Nov 21  3:42:53 2021,linux-wave.do,bbracker
Sun Nov 21  3:42:53 2021,regression-wally.py,bbracker
Thu Nov 25  0:52:51 2021,parseState.py,bbracker
Thu Nov 25  0:52:51 2021,linux-wave.do,bbracker
Mon Dec  6 22:13:58 2021,regression-wally.py,bbracker
Mon Dec  6 23:37:33 2021,make-tests.sh,bbracker
Mon Dec  6 23:37:33 2021,regression-wally.py,bbracker
Tue Dec  7  3:32:38 2021,regression-wally.py,bbracker
Tue Dec  7 19:16:43 2021,regression-wally.py,bbracker
Tue Dec  7 21:13:30 2021,regression-wally.py,bbracker
Wed Dec  8 15:01:22 2021,regression-wally.py,bbracker
