date_time,file,committer_name
Sat May  8 10:42:52 2010,_header.php,estepper
Sat May  8 10:42:52 2010,relnotes-3.0.html,estepper
Sat May  8 10:42:52 2010,relnotes-3.0.textile,estepper
Sat May  8 10:43:29 2010,_header.php,estepper
Sat May  8 10:55:58 2010,relnotes.php,estepper
Sat May  8 10:57:15 2010,relnotes.php,estepper
Sat May  8 11:00:43 2010,index.php,estepper
Sat May  8 11:00:43 2010,relnotes.php,estepper
Sat May  8 11:03:52 2010,org.eclipse.core.resources.prefs,estepper
Sat May  8 11:03:52 2010,_header.php,estepper
Sat May  8 11:03:52 2010,relnotes-3.0.php,estepper
Sat May  8 11:05:31 2010,relnotes.php,estepper
Sat May  8 11:05:58 2010,relnotes.php,estepper
Sat May  8 11:06:59 2010,relnotes.php,estepper
Sat May  8 11:09:11 2010,relnotes.php,estepper
Sat May  8 11:09:55 2010,relnotes.php,estepper
Sat May  8 11:16:45 2010,relnotes.php,estepper
Sat May  8 11:17:41 2010,relnotes.php,estepper
Sat May  8 11:20:48 2010,relnotes.php,estepper
Sat May  8 11:21:44 2010,relnotes.php,estepper
Sat May  8 11:22:06 2010,relnotes.php,estepper
Sat May  8 11:23:26 2010,relnotes.php,estepper
Sat May  8 11:30:11 2010,relnotes-3.0.html,estepper
Sat May  8 11:30:11 2010,relnotes-3.0.textile,estepper
Sat May  8 11:30:11 2010,relnotes.php,estepper
Mon May 10  9:37:36 2010,org.eclipse.core.resources.prefs,estepper
Mon May 10  9:37:36 2010,relnotes-3.0.html,estepper
Mon May 10  9:37:36 2010,relnotes-3.0.php,estepper
Mon May 10  9:40:52 2010,_header.php,estepper
Mon May 10  9:40:52 2010,relnotes-3.0.html,estepper
Mon May 10  9:40:52 2010,relnotes-3.0.textile,estepper
Mon May 10  9:42:00 2010,relnotes-3.0.php,estepper
Mon May 10  9:42:55 2010,relnotes-3.0.php,estepper
Wed May 12  7:15:21 2010,_header.php,estepper
