date/time,link,type,status
Sat May 05 12:28:55 2018,https://github.com/eclipse/microprofile-config/issues/360,issue,closed
Fri Apr 20 07:57:48 2018,https://github.com/eclipse/microprofile-config/issues/352,issue,closed
Fri Apr 20 07:58:36 2018,https://github.com/eclipse/microprofile-config/issues/352,comment,NA
