date/time,link,type,status
Wed Jul 04 03:56:25 2018,https://github.com/eclipse/microprofile-reactive-streams-operators/issues/59,issue,open
Wed Jul 04 03:59:23 2018,https://github.com/eclipse/microprofile-reactive-streams-operators/issues/53,comment,NA
Tue Jul 03 06:56:08 2018,https://github.com/eclipse/microprofile-reactive-streams-operators/issues/52,issue,closed
Tue Jul 03 00:35:09 2018,https://github.com/eclipse/microprofile-reactive-streams-operators/issues/51,comment,NA
Wed Jul 04 03:45:30 2018,https://github.com/eclipse/microprofile-reactive-streams-operators/issues/51,comment,NA
Wed Jul 04 10:58:54 2018,https://github.com/eclipse/microprofile-reactive-streams-operators/issues/51,comment,NA
Mon Jul 02 03:45:36 2018,https://github.com/eclipse/microprofile-reactive-streams-operators/issues/49,comment,NA
Fri Jun 22 18:07:35 2018,https://github.com/eclipse/microprofile-reactive-streams-operators/issues/44,comment,NA
Thu Jun 21 15:51:19 2018,https://github.com/eclipse/microprofile-reactive-streams-operators/issues/43,issue,closed
Thu Jun 21 15:44:51 2018,https://github.com/eclipse/microprofile-reactive-streams-operators/issues/42,issue,closed
Thu Jun 28 15:30:03 2018,https://github.com/eclipse/microprofile-reactive-streams-operators/issues/42,comment,NA
Tue Jul 03 12:22:01 2018,https://github.com/eclipse/microprofile-reactive-streams-operators/issues/42,comment,NA
Wed Jul 04 03:29:17 2018,https://github.com/eclipse/microprofile-reactive-streams-operators/issues/42,comment,NA
Tue Jun 19 14:59:56 2018,https://github.com/eclipse/microprofile-reactive-streams-operators/issues/41,issue,closed
Tue Jun 19 03:30:25 2018,https://github.com/eclipse/microprofile-reactive-streams-operators/issues/40,comment,NA
Wed Jun 20 14:34:31 2018,https://github.com/eclipse/microprofile-reactive-streams-operators/issues/40,comment,NA
Wed Jun 20 16:25:53 2018,https://github.com/eclipse/microprofile-reactive-streams-operators/issues/40,comment,NA
Fri Jun 22 00:01:38 2018,https://github.com/eclipse/microprofile-reactive-streams-operators/issues/40,comment,NA
Tue Jun 19 14:15:18 2018,https://github.com/eclipse/microprofile-reactive-streams-operators/issues/38,comment,NA
Fri Jun 15 15:06:09 2018,https://github.com/eclipse/microprofile-reactive-streams-operators/issues/37,issue,closed
Fri Jun 15 09:42:04 2018,https://github.com/eclipse/microprofile-reactive-streams-operators/issues/36,issue,closed
Fri Jun 15 09:25:38 2018,https://github.com/eclipse/microprofile-reactive-streams-operators/issues/35,issue,closed
Fri Jun 15 09:30:36 2018,https://github.com/eclipse/microprofile-reactive-streams-operators/issues/35,comment,NA
Fri Jun 15 09:23:42 2018,https://github.com/eclipse/microprofile-reactive-streams-operators/issues/34,issue,closed
Fri Jun 15 09:13:59 2018,https://github.com/eclipse/microprofile-reactive-streams-operators/issues/33,issue,closed
Fri Jun 15 09:15:46 2018,https://github.com/eclipse/microprofile-reactive-streams-operators/issues/33,comment,NA
Fri Jun 15 09:08:26 2018,https://github.com/eclipse/microprofile-reactive-streams-operators/issues/32,issue,closed
Fri Jun 15 09:10:21 2018,https://github.com/eclipse/microprofile-reactive-streams-operators/issues/32,comment,NA
Fri Jun 15 09:11:52 2018,https://github.com/eclipse/microprofile-reactive-streams-operators/issues/32,comment,NA
Fri Jun 15 09:05:57 2018,https://github.com/eclipse/microprofile-reactive-streams-operators/issues/31,issue,open
Fri Jun 15 09:07:08 2018,https://github.com/eclipse/microprofile-reactive-streams-operators/issues/31,comment,NA
Fri Jun 15 15:18:53 2018,https://github.com/eclipse/microprofile-reactive-streams-operators/issues/30,comment,NA
Tue Jun 19 12:24:51 2018,https://github.com/eclipse/microprofile-reactive-streams-operators/issues/30,comment,NA
Tue Jun 19 12:27:19 2018,https://github.com/eclipse/microprofile-reactive-streams-operators/issues/30,comment,NA
Tue Jun 19 14:40:04 2018,https://github.com/eclipse/microprofile-reactive-streams-operators/issues/30,comment,NA
Tue Jun 12 13:57:01 2018,https://github.com/eclipse/microprofile-reactive-streams-operators/issues/26,issue,closed
Tue Jun 12 13:57:46 2018,https://github.com/eclipse/microprofile-reactive-streams-operators/issues/26,comment,NA
Wed Jun 13 11:39:00 2018,https://github.com/eclipse/microprofile-reactive-streams-operators/issues/26,comment,NA
Tue Jun 19 12:27:44 2018,https://github.com/eclipse/microprofile-reactive-streams-operators/issues/26,comment,NA
Tue Jun 12 13:51:08 2018,https://github.com/eclipse/microprofile-reactive-streams-operators/issues/25,issue,closed
Tue Jun 19 12:23:55 2018,https://github.com/eclipse/microprofile-reactive-streams-operators/issues/25,comment,NA
Tue Jul 03 12:12:36 2018,https://github.com/eclipse/microprofile-reactive-streams-operators/issues/25,comment,NA
Tue Jun 12 13:44:22 2018,https://github.com/eclipse/microprofile-reactive-streams-operators/issues/24,issue,closed
Tue Jun 12 13:42:29 2018,https://github.com/eclipse/microprofile-reactive-streams-operators/issues/23,issue,closed
Tue Jun 19 12:19:38 2018,https://github.com/eclipse/microprofile-reactive-streams-operators/issues/23,comment,NA
Tue Jun 12 13:26:11 2018,https://github.com/eclipse/microprofile-reactive-streams-operators/issues/20,issue,closed
Tue Jun 12 13:20:57 2018,https://github.com/eclipse/microprofile-reactive-streams-operators/issues/18,issue,open
Tue Jun 12 13:15:16 2018,https://github.com/eclipse/microprofile-reactive-streams-operators/issues/17,issue,closed
Tue Jun 12 13:13:28 2018,https://github.com/eclipse/microprofile-reactive-streams-operators/issues/16,issue,closed
Tue Jun 12 20:52:17 2018,https://github.com/eclipse/microprofile-reactive-streams-operators/issues/16,comment,NA
Tue Jun 12 13:07:37 2018,https://github.com/eclipse/microprofile-reactive-streams-operators/issues/15,issue,closed
Wed Jun 13 08:20:34 2018,https://github.com/eclipse/microprofile-reactive-streams-operators/issues/15,comment,NA
Wed Jun 13 08:42:19 2018,https://github.com/eclipse/microprofile-reactive-streams-operators/issues/15,comment,NA
Fri Jun 15 09:04:17 2018,https://github.com/eclipse/microprofile-reactive-streams-operators/issues/15,comment,NA
Tue Jun 19 12:18:15 2018,https://github.com/eclipse/microprofile-reactive-streams-operators/issues/15,comment,NA
Tue Jun 12 14:09:20 2018,https://github.com/eclipse/microprofile-reactive-streams-operators/issues/14,comment,NA
Tue Jun 19 12:31:03 2018,https://github.com/eclipse/microprofile-reactive-streams-operators/issues/14,comment,NA
