date_time,file,committer_name
Mon Feb  6 18:36:47 2023,temurin.json,Bethany Nicolle Griggs
Mon Feb  6 18:36:47 2023,temurin.json,Bethany Nicolle Griggs
Mon Feb  6 18:36:47 2023,temurin.json,Bethany Nicolle Griggs
Mon Feb  6 18:36:47 2023,hooks.tsx,Bethany Nicolle Griggs
Mon Feb  6 18:36:47 2023,ReleaseNotesRender.test.tsx,Bethany Nicolle Griggs
Mon Feb  6 18:36:47 2023,ReleaseNotesRender.test.tsx.snap,Bethany Nicolle Griggs
Mon Feb  6 18:36:47 2023,index.tsx,Bethany Nicolle Griggs
Mon Feb  6 18:36:47 2023,TemurinArchiveTable.test.tsx.snap,Bethany Nicolle Griggs
Mon Feb  6 18:36:47 2023,index.tsx,Bethany Nicolle Griggs
Mon Feb  6 18:36:47 2023,TemurinDownloadTable.test.tsx.snap,Bethany Nicolle Griggs
Mon Feb  6 18:36:47 2023,index.tsx,Bethany Nicolle Griggs
Mon Feb  6 18:36:47 2023,fetchReleaseNotes.test.tsx.snap,Bethany Nicolle Griggs
Mon Feb  6 18:36:47 2023,fetchTemurinArchive.test.tsx.snap,Bethany Nicolle Griggs
Mon Feb  6 18:36:47 2023,fetchReleaseNotes.test.tsx,Bethany Nicolle Griggs
Mon Feb  6 18:36:47 2023,fetchTemurinArchive.test.tsx,Bethany Nicolle Griggs
Mon Feb  6 18:36:47 2023,fetchReleaseNotes.tsx,Bethany Nicolle Griggs
Mon Feb  6 18:36:47 2023,fetchTemurinArchive.tsx,Bethany Nicolle Griggs
Mon Feb  6 18:36:47 2023,index.tsx,Bethany Nicolle Griggs
Mon Feb  6 18:36:47 2023,release-notes.test.tsx.snap,Bethany Nicolle Griggs
Mon Feb  6 18:36:47 2023,index.test.tsx,Bethany Nicolle Griggs
Mon Feb  6 18:36:47 2023,release-notes.test.tsx,Bethany Nicolle Griggs
Mon Feb  6 18:36:47 2023,release-notes.tsx,Bethany Nicolle Griggs
Mon Feb  6 18:36:47 2023,releases.js,Bethany Nicolle Griggs
