date_time,file,committer_name
Sun Apr 27 18:32:14 2014,eclipseGtkInit.c,Arun Thondapu
