date_time,file,committer_name
Fri Feb 17  9:22:13 2023,OpenTracingTracer.java,Julien Viet
Fri Feb 17  9:22:13 2023,HttpTest.java,Julien Viet
