date_time,file,committer_name
Wed Nov 30 10:40:34 2011,.classpath,frieger
Wed Nov 30 10:40:34 2011,.project,frieger
Wed Nov 30 10:40:34 2011,MANIFEST.MF,frieger
Wed Nov 30 10:40:34 2011,build.properties,frieger
Wed Nov 30 10:40:34 2011,plugin.properties,frieger
Wed Nov 30 10:40:34 2011,plugin.xml,frieger
Wed Nov 30 10:40:34 2011,GenHenshinEditPlugin.java,frieger
Wed Nov 30 10:40:34 2011,GenHenshinItemProvider.java,frieger
Wed Nov 30 10:40:34 2011,GenHenshinItemProviderAdapterFactory.java,frieger
Wed Nov 30 10:40:34 2011,GenParameterItemProvider.java,frieger
Wed Nov 30 10:40:34 2011,GenRuleItemProvider.java,frieger
Wed Nov 30 10:40:34 2011,GenTransformationItemProvider.java,frieger
Wed Nov 30 10:40:34 2011,GenUnitItemProvider.java,frieger
Wed Nov 30 10:40:36 2011,.classpath,frieger
Wed Nov 30 10:40:36 2011,.project,frieger
Wed Nov 30 10:40:36 2011,MANIFEST.MF,frieger
Wed Nov 30 10:40:36 2011,build.properties,frieger
Wed Nov 30 10:40:36 2011,plugin.properties,frieger
Wed Nov 30 10:40:36 2011,plugin.xml,frieger
Wed Nov 30 10:40:36 2011,GenHenshinActionBarContributor.java,frieger
Wed Nov 30 10:40:36 2011,GenHenshinEditor.java,frieger
Wed Nov 30 10:40:36 2011,GenHenshinEditorPlugin.java,frieger
Wed Nov 30 10:40:36 2011,GenHenshinGeneratorAction.java,frieger
Wed Nov 30 10:40:36 2011,GenHenshinModelWizard.java,frieger
Wed Nov 30 10:40:36 2011,GenHenshinUpdateAction.java,frieger
Wed Nov 30 10:40:38 2011,.classpath,frieger
Wed Nov 30 10:40:38 2011,org.eclipse.gmf.xpand.xpandBuilder.launch,frieger
Wed Nov 30 10:40:38 2011,.jetproperties,frieger
Wed Nov 30 10:40:38 2011,.project,frieger
Wed Nov 30 10:40:38 2011,org.eclipse.jdt.core.prefs,frieger
Wed Nov 30 10:40:38 2011,org.eclipse.xtend.shared.ui.prefs,frieger
Wed Nov 30 10:40:38 2011,MANIFEST.MF,frieger
Wed Nov 30 10:40:38 2011,build.properties,frieger
Wed Nov 30 10:40:38 2011,emf-merge.xml,frieger
Wed Nov 30 10:40:38 2011,HenshinCodeGenerator.java,frieger
Wed Nov 30 10:40:38 2011,CodeGenFileUtil.java,frieger
Wed Nov 30 10:40:38 2011,CodeGenJavaUtil.java,frieger
Wed Nov 30 10:40:38 2011,CodeGenPluginUtil.java,frieger
Wed Nov 30 10:40:38 2011,CodeGenProjectUtil.java,frieger
Wed Nov 30 10:40:38 2011,CodeGenStringUtil.java,frieger
Wed Nov 30 10:40:38 2011,UnitModelCodeGenerator.java,frieger
Wed Nov 30 10:40:38 2011,GenTransformationInterface.jet,frieger
Wed Nov 30 10:40:38 2011,GenTransformationInterpreter.jet,frieger
Wed Nov 30 10:40:38 2011,GenUnitInterpreter.jet,frieger
Wed Nov 30 10:40:40 2011,.classpath,frieger
Wed Nov 30 10:40:40 2011,.project,frieger
Wed Nov 30 10:40:40 2011,org.eclipse.core.resources.prefs,frieger
Wed Nov 30 10:40:40 2011,MANIFEST.MF,frieger
Wed Nov 30 10:40:40 2011,build.properties,frieger
Wed Nov 30 10:40:40 2011,genHenshin.ecore,frieger
Wed Nov 30 10:40:40 2011,genHenshin.genmodel,frieger
Wed Nov 30 10:40:40 2011,plugin.properties,frieger
Wed Nov 30 10:40:40 2011,plugin.xml,frieger
Wed Nov 30 10:40:40 2011,GenHenshin.java,frieger
Wed Nov 30 10:40:40 2011,GenHenshinFactory.java,frieger
Wed Nov 30 10:40:40 2011,GenHenshinPackage.java,frieger
Wed Nov 30 10:40:40 2011,GenParameter.java,frieger
Wed Nov 30 10:40:40 2011,GenRule.java,frieger
Wed Nov 30 10:40:40 2011,GenTransformation.java,frieger
Wed Nov 30 10:40:40 2011,GenUnit.java,frieger
Wed Nov 30 10:40:40 2011,TransformationEngine.java,frieger
Wed Nov 30 10:40:40 2011,GenHenshinFactoryImpl.java,frieger
Wed Nov 30 10:40:40 2011,GenHenshinImpl.java,frieger
Wed Nov 30 10:40:40 2011,GenHenshinPackageImpl.java,frieger
Wed Nov 30 10:40:40 2011,GenParameterImpl.java,frieger
Wed Nov 30 10:40:40 2011,GenRuleImpl.java,frieger
Wed Nov 30 10:40:40 2011,GenTransformationImpl.java,frieger
Wed Nov 30 10:40:40 2011,GenUnitImpl.java,frieger
Wed Nov 30 10:40:40 2011,GenHenshinAdapterFactory.java,frieger
Wed Nov 30 10:40:40 2011,GenHenshinSwitch.java,frieger
Wed Nov 30 10:40:40 2011,genHenshin.henshin,frieger
Wed Nov 30 10:40:40 2011,genHenshin.henshin_diagram,frieger
Wed Nov 30 10:40:40 2011,genHenshin.henshin_generator,frieger
Wed Nov 30 10:40:43 2011,.classpath,frieger
Wed Nov 30 10:40:43 2011,.options,frieger
Wed Nov 30 10:40:43 2011,.project,frieger
Wed Nov 30 10:40:43 2011,org.eclipse.jdt.ui.prefs,frieger
Wed Nov 30 10:40:43 2011,MANIFEST.MF,frieger
Wed Nov 30 10:40:43 2011,build.properties,frieger
Wed Nov 30 10:40:43 2011,messages.properties,frieger
Wed Nov 30 10:40:43 2011,plugin.properties,frieger
Wed Nov 30 10:40:43 2011,plugin.xml,frieger
Wed Nov 30 10:40:43 2011,Action.java,frieger
Wed Nov 30 10:40:43 2011,ActionACUtil.java,frieger
Wed Nov 30 10:40:43 2011,ActionElementFinder.java,frieger
Wed Nov 30 10:40:43 2011,ActionHelper.java,frieger
Wed Nov 30 10:40:43 2011,ActionType.java,frieger
Wed Nov 30 10:40:43 2011,AttributeActionHelper.java,frieger
Wed Nov 30 10:40:43 2011,EdgeActionHelper.java,frieger
Wed Nov 30 10:40:43 2011,GenericActionHelper.java,frieger
Wed Nov 30 10:40:43 2011,NodeActionHelper.java,frieger
Wed Nov 30 10:40:43 2011,AttributeCreateCommand.java,frieger
Wed Nov 30 10:40:43 2011,AttributeDeleteCommand.java,frieger
Wed Nov 30 10:40:43 2011,EdgeCreateCommand.java,frieger
Wed Nov 30 10:40:43 2011,EdgeDeleteCommand.java,frieger
Wed Nov 30 10:40:43 2011,EdgeReorientCommand.java,frieger
Wed Nov 30 10:40:43 2011,HenshinReorientConnectionViewCommand.java,frieger
Wed Nov 30 10:40:43 2011,InvocationCreateCommand.java,frieger
Wed Nov 30 10:40:43 2011,InvocationDeleteCommand.java,frieger
Wed Nov 30 10:40:43 2011,NodeCreateCommand.java,frieger
Wed Nov 30 10:40:43 2011,NodeDeleteCommand.java,frieger
Wed Nov 30 10:40:43 2011,RuleCreateCommand.java,frieger
Wed Nov 30 10:40:43 2011,RuleDeleteCommand.java,frieger
Wed Nov 30 10:40:43 2011,UnitCreateCommand.java,frieger
Wed Nov 30 10:40:43 2011,UnitDeleteCommand.java,frieger
Wed Nov 30 10:40:43 2011,AmalgamationEditHelper.java,frieger
Wed Nov 30 10:40:43 2011,AttributeEditHelper.java,frieger
Wed Nov 30 10:40:43 2011,EClassComparator.java,frieger
Wed Nov 30 10:40:43 2011,EdgeEditHelper.java,frieger
Wed Nov 30 10:40:43 2011,HenshinBaseEditHelper.java,frieger
Wed Nov 30 10:40:43 2011,NodeEditHelper.java,frieger
Wed Nov 30 10:40:43 2011,RootObjectEditHelper.java,frieger
Wed Nov 30 10:40:43 2011,RuleEditHelper.java,frieger
Wed Nov 30 10:40:43 2011,TransformationSystemEditHelper.java,frieger
Wed Nov 30 10:40:43 2011,UnitEditHelper.java,frieger
Wed Nov 30 10:40:43 2011,AbstractMapEditor.java,frieger
Wed Nov 30 10:40:43 2011,AttributeMapEditor.java,frieger
Wed Nov 30 10:40:43 2011,EdgeMapEditor.java,frieger
Wed Nov 30 10:40:43 2011,MapEditor.java,frieger
Wed Nov 30 10:40:43 2011,MappingMapEditor.java,frieger
Wed Nov 30 10:40:43 2011,NodeMapEditor.java,frieger
Wed Nov 30 10:40:43 2011,AttributeEditPart.java,frieger
Wed Nov 30 10:40:43 2011,EdgeActionEditPart.java,frieger
Wed Nov 30 10:40:43 2011,EdgeEditPart.java,frieger
Wed Nov 30 10:40:43 2011,EdgeTypeEditPart.java,frieger
Wed Nov 30 10:40:43 2011,HenshinEditPartFactory.java,frieger
Wed Nov 30 10:40:43 2011,InvocationEditPart.java,frieger
Wed Nov 30 10:40:43 2011,InvocationNameEditPart.java,frieger
Wed Nov 30 10:40:43 2011,LinkEditPart.java,frieger
Wed Nov 30 10:40:43 2011,NodeActionEditPart.java,frieger
Wed Nov 30 10:40:43 2011,NodeCompartmentEditPart.java,frieger
Wed Nov 30 10:40:43 2011,NodeEditPart.java,frieger
Wed Nov 30 10:40:43 2011,NodeTypeEditPart.java,frieger
Wed Nov 30 10:40:43 2011,RuleCompartmentEditPart.java,frieger
Wed Nov 30 10:40:43 2011,RuleEditPart.java,frieger
Wed Nov 30 10:40:43 2011,RuleNameEditPart.java,frieger
Wed Nov 30 10:40:43 2011,SymbolEditPart.java,frieger
Wed Nov 30 10:40:43 2011,SymbolType.java,frieger
Wed Nov 30 10:40:43 2011,TransformationSystemEditPart.java,frieger
Wed Nov 30 10:40:43 2011,TransformationSystemListener.java,frieger
Wed Nov 30 10:40:43 2011,UnitCompartmentEditPart.java,frieger
Wed Nov 30 10:40:43 2011,UnitEditPart.java,frieger
Wed Nov 30 10:40:43 2011,UnitNameEditPart.java,frieger
Wed Nov 30 10:40:43 2011,ActionLabelDirectEditPolicy.java,frieger
Wed Nov 30 10:40:43 2011,AttributeItemSemanticEditPolicy.java,frieger
Wed Nov 30 10:40:43 2011,EdgeItemSemanticEditPolicy.java,frieger
Wed Nov 30 10:40:43 2011,HenshinBaseItemSemanticEditPolicy.java,frieger
Wed Nov 30 10:40:43 2011,HenshinTextNonResizableEditPolicy.java,frieger
Wed Nov 30 10:40:43 2011,HenshinTextSelectionEditPolicy.java,frieger
Wed Nov 30 10:40:43 2011,InvocationItemSemanticEditPolicy.java,frieger
Wed Nov 30 10:40:43 2011,NodeCompartmentCanonicalEditPolicy.java,frieger
Wed Nov 30 10:40:43 2011,NodeCompartmentItemSemanticEditPolicy.java,frieger
Wed Nov 30 10:40:43 2011,NodeGraphicalEditPolicy.java,frieger
Wed Nov 30 10:40:43 2011,NodeItemSemanticEditPolicy.java,frieger
Wed Nov 30 10:40:43 2011,RuleCompartmentCanonicalEditPolicy.java,frieger
Wed Nov 30 10:40:43 2011,RuleCompartmentItemSemanticEditPolicy.java,frieger
Wed Nov 30 10:40:43 2011,RuleItemSemanticEditPolicy.java,frieger
Wed Nov 30 10:40:43 2011,TransformationSystemCanonicalEditPolicy.java,frieger
Wed Nov 30 10:40:43 2011,TransformationSystemItemSemanticEditPolicy.java,frieger
Wed Nov 30 10:40:43 2011,UnitCompartmentCanonicalEditPolicy.java,frieger
Wed Nov 30 10:40:43 2011,UnitCompartmentItemSemanticEditPolicy.java,frieger
Wed Nov 30 10:40:43 2011,UnitItemSemanticEditPolicy.java,frieger
Wed Nov 30 10:40:43 2011,HenshinAbstractNavigatorItem.java,frieger
Wed Nov 30 10:40:43 2011,HenshinDomainNavigatorContentProvider.java,frieger
Wed Nov 30 10:40:43 2011,HenshinDomainNavigatorItem.java,frieger
Wed Nov 30 10:40:43 2011,HenshinDomainNavigatorLabelProvider.java,frieger
Wed Nov 30 10:40:43 2011,HenshinNavigatorActionProvider.java,frieger
Wed Nov 30 10:40:43 2011,HenshinNavigatorContentProvider.java,frieger
Wed Nov 30 10:40:43 2011,HenshinNavigatorGroup.java,frieger
Wed Nov 30 10:40:43 2011,HenshinNavigatorItem.java,frieger
Wed Nov 30 10:40:43 2011,HenshinNavigatorLabelProvider.java,frieger
Wed Nov 30 10:40:43 2011,HenshinNavigatorLinkHelper.java,frieger
Wed Nov 30 10:40:43 2011,HenshinNavigatorSorter.java,frieger
Wed Nov 30 10:40:43 2011,AbstractParser.java,frieger
Wed Nov 30 10:40:43 2011,AttributeParser.java,frieger
Wed Nov 30 10:40:43 2011,EdgeActionParser.java,frieger
Wed Nov 30 10:40:43 2011,EdgeTypeParser.java,frieger
Wed Nov 30 10:40:43 2011,InvocationNameParser.java,frieger
Wed Nov 30 10:40:43 2011,MessageFormatParser.java,frieger
Wed Nov 30 10:40:43 2011,NodeActionParser.java,frieger
Wed Nov 30 10:40:43 2011,NodeTypeParser.java,frieger
Wed Nov 30 10:40:43 2011,NodeTypeParserHelper.java,frieger
Wed Nov 30 10:40:43 2011,RuleNameParser.java,frieger
Wed Nov 30 10:40:43 2011,UnitNameParser.java,frieger
Wed Nov 30 10:40:43 2011,DeleteElementAction.java,frieger
Wed Nov 30 10:40:43 2011,DiagramEditorContextMenuProvider.java,frieger
Wed Nov 30 10:40:43 2011,HenshinCreationWizard.java,frieger
Wed Nov 30 10:40:43 2011,HenshinCreationWizardPage.java,frieger
Wed Nov 30 10:40:43 2011,HenshinDiagramActionBarContributor.java,frieger
Wed Nov 30 10:40:43 2011,HenshinDiagramEditor.java,frieger
Wed Nov 30 10:40:43 2011,HenshinDiagramEditorPlugin.java,frieger
Wed Nov 30 10:40:43 2011,HenshinDiagramEditorUtil.java,frieger
Wed Nov 30 10:40:43 2011,HenshinDiagramUpdateCommand.java,frieger
Wed Nov 30 10:40:43 2011,HenshinDiagramUpdater.java,frieger
Wed Nov 30 10:40:43 2011,HenshinDocumentProvider.java,frieger
Wed Nov 30 10:40:43 2011,HenshinInitDiagramFileAction.java,frieger
Wed Nov 30 10:40:43 2011,HenshinLinkDescriptor.java,frieger
Wed Nov 30 10:40:43 2011,HenshinLinkUpdater.java,frieger
Wed Nov 30 10:40:43 2011,HenshinMatchingStrategy.java,frieger
Wed Nov 30 10:40:43 2011,HenshinNewDiagramFileWizard.java,frieger
Wed Nov 30 10:40:43 2011,HenshinNodeDescriptor.java,frieger
Wed Nov 30 10:40:43 2011,HenshinPaletteFactory.java,frieger
Wed Nov 30 10:40:43 2011,HenshinPaletteTools.java,frieger
Wed Nov 30 10:40:43 2011,HenshinPaletteUpdater.java,frieger
Wed Nov 30 10:40:43 2011,HenshinSymbolUpdater.java,frieger
Wed Nov 30 10:40:43 2011,HenshinUriEditorInputTester.java,frieger
Wed Nov 30 10:40:43 2011,HenshinVisualIDRegistry.java,frieger
Wed Nov 30 10:40:43 2011,ImportPackageAction.java,frieger
Wed Nov 30 10:40:43 2011,LoadResourceAction.java,frieger
Wed Nov 30 10:40:43 2011,Messages.java,frieger
Wed Nov 30 10:40:43 2011,ModelElementSelectionPage.java,frieger
Wed Nov 30 10:40:43 2011,ValidateAction.java,frieger
Wed Nov 30 10:40:43 2011,DiagramAppearancePreferencePage.java,frieger
Wed Nov 30 10:40:43 2011,DiagramConnectionsPreferencePage.java,frieger
Wed Nov 30 10:40:43 2011,DiagramGeneralPreferencePage.java,frieger
Wed Nov 30 10:40:43 2011,DiagramPreferenceInitializer.java,frieger
Wed Nov 30 10:40:43 2011,DiagramPrintingPreferencePage.java,frieger
Wed Nov 30 10:40:43 2011,DiagramRulersAndGridPreferencePage.java,frieger
Wed Nov 30 10:40:43 2011,ElementInitializers.java,frieger
Wed Nov 30 10:40:43 2011,HenshinEditPartProvider.java,frieger
Wed Nov 30 10:40:43 2011,HenshinElementTypes.java,frieger
Wed Nov 30 10:40:43 2011,HenshinIconProvider.java,frieger
Wed Nov 30 10:40:43 2011,HenshinMarkerNavigationProvider.java,frieger
Wed Nov 30 10:40:43 2011,HenshinModelingAssistantProvider.java,frieger
Wed Nov 30 10:40:43 2011,HenshinParserProvider.java,frieger
Wed Nov 30 10:40:43 2011,HenshinValidationDecoratorProvider.java,frieger
Wed Nov 30 10:40:43 2011,HenshinValidationProvider.java,frieger
Wed Nov 30 10:40:43 2011,HenshinViewProvider.java,frieger
Wed Nov 30 10:40:43 2011,HenshinPropertySection.java,frieger
Wed Nov 30 10:40:43 2011,HenshinSheetLabelProvider.java,frieger
Wed Nov 30 10:40:46 2011,.classpath,frieger
Wed Nov 30 10:40:46 2011,.project,frieger
Wed Nov 30 10:40:46 2011,org.eclipse.jdt.core.prefs,frieger
Wed Nov 30 10:40:46 2011,MANIFEST.MF,frieger
Wed Nov 30 10:40:46 2011,build.properties,frieger
Wed Nov 30 10:40:46 2011,plugin.properties,frieger
Wed Nov 30 10:40:46 2011,plugin.xml,frieger
Wed Nov 30 10:40:46 2011,AddRuleCommand.java,frieger
Wed Nov 30 10:40:46 2011,GraphComplexUnsetCommand.java,frieger
Wed Nov 30 10:40:46 2011,HenshinModelUtils.java,frieger
Wed Nov 30 10:40:46 2011,NegligentRemoveCommand.java,frieger
Wed Nov 30 10:40:46 2011,NodeComplexRemoveCommand.java,frieger
Wed Nov 30 10:40:46 2011,SetNestedConditionCommand.java,frieger
Wed Nov 30 10:40:46 2011,DelegatingWrapperFeatureDragAndDropCommand.java,frieger
Wed Nov 30 10:40:46 2011,NonContainmentTransientIPDragAndDropCommand.java,frieger
Wed Nov 30 10:40:46 2011,AmalgamationUnitItemProvider.java,frieger
Wed Nov 30 10:40:46 2011,AndItemProvider.java,frieger
Wed Nov 30 10:40:46 2011,AttributeConditionItemProvider.java,frieger
Wed Nov 30 10:40:46 2011,AttributeItemProvider.java,frieger
Wed Nov 30 10:40:46 2011,BinaryFormulaItemProvider.java,frieger
Wed Nov 30 10:40:46 2011,ConditionalUnitItemProvider.java,frieger
Wed Nov 30 10:40:46 2011,CountedUnitItemProvider.java,frieger
Wed Nov 30 10:40:46 2011,DelegatingWrapperTrafoUnitItemProvider.java,frieger
Wed Nov 30 10:40:46 2011,DescribedElementItemProvider.java,frieger
Wed Nov 30 10:40:46 2011,EdgeItemProvider.java,frieger
Wed Nov 30 10:40:46 2011,FormulaItemProvider.java,frieger
Wed Nov 30 10:40:46 2011,GraphItemProvider.java,frieger
Wed Nov 30 10:40:46 2011,HenshinEditPlugin.java,frieger
Wed Nov 30 10:40:46 2011,HenshinItemProviderAdapterFactory.java,frieger
Wed Nov 30 10:40:46 2011,IndependentUnitItemProvider.java,frieger
Wed Nov 30 10:40:46 2011,MappingItemProvider.java,frieger
Wed Nov 30 10:40:46 2011,NamedElementItemProvider.java,frieger
Wed Nov 30 10:40:46 2011,NestedConditionItemProvider.java,frieger
Wed Nov 30 10:40:46 2011,NodeItemProvider.java,frieger
Wed Nov 30 10:40:46 2011,NotItemProvider.java,frieger
Wed Nov 30 10:40:46 2011,OrItemProvider.java,frieger
Wed Nov 30 10:40:46 2011,ParameterItemProvider.java,frieger
Wed Nov 30 10:40:46 2011,ParameterMappingItemProvider.java,frieger
Wed Nov 30 10:40:46 2011,PriorityUnitItemProvider.java,frieger
Wed Nov 30 10:40:46 2011,RuleItemProvider.java,frieger
Wed Nov 30 10:40:46 2011,SequentialUnitItemProvider.java,frieger
Wed Nov 30 10:40:46 2011,TransformationSystemItemProvider.java,frieger
Wed Nov 30 10:40:46 2011,TransformationUnitItemProvider.java,frieger
Wed Nov 30 10:40:46 2011,UnaryFormulaItemProvider.java,frieger
Wed Nov 30 10:40:46 2011,XorItemProvider.java,frieger
Wed Nov 30 10:40:46 2011,AttributePropertyDescriptor.java,frieger
Wed Nov 30 10:40:46 2011,EdgeSourcePropertyDescriptor.java,frieger
Wed Nov 30 10:40:46 2011,EdgeTargetPropertyDescriptor.java,frieger
Wed Nov 30 10:40:46 2011,EdgeTypePropertyDescriptor.java,frieger
Wed Nov 30 10:40:46 2011,MappingImagePropertyDescriptor.java,frieger
Wed Nov 30 10:40:46 2011,MappingOriginPropertyDescriptor.java,frieger
Wed Nov 30 10:40:46 2011,NodeTypePropertyDescriptor.java,frieger
Wed Nov 30 10:40:46 2011,ParameterMappingPropertyDescriptor.java,frieger
Wed Nov 30 10:40:46 2011,BaseFilterProvider.java,frieger
Wed Nov 30 10:40:46 2011,FilterProvider.java,frieger
Wed Nov 30 10:40:46 2011,IFilterChangeListener.java,frieger
Wed Nov 30 10:40:46 2011,IFilterStore.java,frieger
Wed Nov 30 10:40:46 2011,ElseItemProvider.java,frieger
Wed Nov 30 10:40:46 2011,IfItemProvider.java,frieger
Wed Nov 30 10:40:46 2011,KernelRuleItemProvider.java,frieger
Wed Nov 30 10:40:46 2011,LhsMappingItemProvider.java,frieger
Wed Nov 30 10:40:46 2011,MultiRuleItemProvider.java,frieger
Wed Nov 30 10:40:46 2011,NestedConditionMappingItemProvider.java,frieger
Wed Nov 30 10:40:46 2011,RhsMappingItemProvider.java,frieger
Wed Nov 30 10:40:46 2011,RuleMappingItemProvider.java,frieger
Wed Nov 30 10:40:46 2011,ThenItemProvider.java,frieger
Wed Nov 30 10:40:46 2011,TrafoUnitParameterItemProvider.java,frieger
Wed Nov 30 10:40:46 2011,TrafoUnitParameterMappingItemProvider.java,frieger
Wed Nov 30 10:40:46 2011,TransientItemProvider.java,frieger
Wed Nov 30 10:40:46 2011,FilteringItemProviderAdapter.java,frieger
Wed Nov 30 10:40:46 2011,IconUtil.java,frieger
Wed Nov 30 10:40:49 2011,.classpath,frieger
Wed Nov 30 10:40:49 2011,.project,frieger
Wed Nov 30 10:40:49 2011,org.eclipse.jdt.core.prefs,frieger
Wed Nov 30 10:40:49 2011,MANIFEST.MF,frieger
Wed Nov 30 10:40:49 2011,build.properties,frieger
Wed Nov 30 10:40:49 2011,plugin.properties,frieger
Wed Nov 30 10:40:49 2011,plugin.xml,frieger
Wed Nov 30 10:40:49 2011,HighlightingTreeViewer.java,frieger
Wed Nov 30 10:40:49 2011,DeleteAction.java,frieger
Wed Nov 30 10:40:49 2011,EcoreSelectionDialogUtil.java,frieger
Wed Nov 30 10:40:49 2011,ImportPackageAction.java,frieger
Wed Nov 30 10:40:49 2011,ChangeUnitTypeCommand.java,frieger
Wed Nov 30 10:40:49 2011,CopyKernelToMultiRulesAndCreateMappingCommand.java,frieger
Wed Nov 30 10:40:49 2011,CopySubGraphToNestedConditionsCommand.java,frieger
Wed Nov 30 10:40:49 2011,CopySubgraphCommand.java,frieger
Wed Nov 30 10:40:49 2011,CreateEdgeCommand.java,frieger
Wed Nov 30 10:40:49 2011,CreateMappedNodeCommand.java,frieger
Wed Nov 30 10:40:49 2011,CreateMappingCommand.java,frieger
Wed Nov 30 10:40:49 2011,CreateOppositeEdgeCommand.java,frieger
Wed Nov 30 10:40:49 2011,CreateParameterMappingCommand.java,frieger
Wed Nov 30 10:40:49 2011,DiscardInFavorOfChildFormulaCommand.java,frieger
Wed Nov 30 10:40:49 2011,MenuContributor.java,frieger
Wed Nov 30 10:40:49 2011,NegateFormulaCommand.java,frieger
Wed Nov 30 10:40:49 2011,PropagateImportsCommand.java,frieger
Wed Nov 30 10:40:49 2011,QuantUtil.java,frieger
Wed Nov 30 10:40:49 2011,RemoveNegationCommand.java,frieger
Wed Nov 30 10:40:49 2011,ToggleJunctionCommand.java,frieger
Wed Nov 30 10:40:49 2011,WrapFormulaInJunctionCommand.java,frieger
Wed Nov 30 10:40:49 2011,BaseFilterControlsViewer.java,frieger
Wed Nov 30 10:40:49 2011,FilterControlsViewer.java,frieger
Wed Nov 30 10:40:49 2011,CopySubgraphMenuContributor.java,frieger
Wed Nov 30 10:40:49 2011,CreateDynamicMC.java,frieger
Wed Nov 30 10:40:49 2011,CreateEdgeCommandMenuContributor.java,frieger
Wed Nov 30 10:40:49 2011,CreateMappingCommandMenuContributor.java,frieger
Wed Nov 30 10:40:49 2011,CreateNestedConditionMenuContributor.java,frieger
Wed Nov 30 10:40:49 2011,CreateOppositeEdgeCommandMenuContributor.java,frieger
Wed Nov 30 10:40:49 2011,FormulaCommandMenuContributor.java,frieger
Wed Nov 30 10:40:49 2011,RemoveMappedNodesMenuContributor.java,frieger
Wed Nov 30 10:40:49 2011,SimpleCommandMenuContributor.java,frieger
Wed Nov 30 10:40:49 2011,TransformationUnitCommandMenuContributor.java,frieger
Wed Nov 30 10:40:49 2011,CustomizedHenshinActionBarContributor.java,frieger
Wed Nov 30 10:40:49 2011,HenshinActionBarContributor.java,frieger
Wed Nov 30 10:40:49 2011,HenshinEditor.java,frieger
Wed Nov 30 10:40:49 2011,HenshinEditorPlugin.java,frieger
Wed Nov 30 10:40:49 2011,HenshinIcons.java,frieger
Wed Nov 30 10:40:49 2011,HenshinModelWizard.java,frieger
Wed Nov 30 10:40:49 2011,HenshinPropertySheetPage.java,frieger
Wed Nov 30 10:40:51 2011,.classpath,frieger
Wed Nov 30 10:40:51 2011,.project,frieger
Wed Nov 30 10:40:51 2011,org.eclipse.core.resources.prefs,frieger
Wed Nov 30 10:40:51 2011,org.eclipse.jdt.core.prefs,frieger
Wed Nov 30 10:40:51 2011,org.eclipse.pde.core.prefs,frieger
Wed Nov 30 10:40:51 2011,MANIFEST.MF,frieger
Wed Nov 30 10:40:51 2011,build.properties,frieger
Wed Nov 30 10:40:51 2011,plugin.properties,frieger
Wed Nov 30 10:40:51 2011,UIElements.ecore,frieger
Wed Nov 30 10:40:51 2011,UIElements.ecorediag,frieger
Wed Nov 30 10:40:51 2011,workbench.henshin,frieger
Wed Nov 30 10:40:51 2011,workbench.henshin_diagram,frieger
Wed Nov 30 10:40:51 2011,workbench.svg,frieger
Wed Nov 30 10:40:51 2011,Ecore2GenmodelTrafo.java,frieger
Wed Nov 30 10:40:51 2011,Ecore2Genmodel.henshin,frieger
Wed Nov 30 10:40:51 2011,Ecore2Genmodel.henshin_diagram,frieger
Wed Nov 30 10:40:51 2011,ecore2gen.ecore,frieger
Wed Nov 30 10:40:51 2011,flowchartdsl.ecore,frieger
Wed Nov 30 10:40:51 2011,descriptors.ecore,frieger
Wed Nov 30 10:40:51 2011,gmf-views.henshin,frieger
Wed Nov 30 10:40:51 2011,gmf-views.henshin_diagram,frieger
Wed Nov 30 10:40:51 2011,gmf-views.svg,frieger
Wed Nov 30 10:40:51 2011,gmf-views2.svg,frieger
Wed Nov 30 10:40:51 2011,Evolution1.java,frieger
Wed Nov 30 10:40:51 2011,Net1.xmi,frieger
Wed Nov 30 10:40:51 2011,petri.ecore,frieger
Wed Nov 30 10:40:51 2011,petri.ecorediag,frieger
Wed Nov 30 10:40:51 2011,petriM.henshin,frieger
Wed Nov 30 10:40:51 2011,petriM.henshin_diagram,frieger
Wed Nov 30 10:40:51 2011,readme.txt,frieger
Wed Nov 30 10:40:51 2011,Net1.xmi,frieger
Wed Nov 30 10:40:51 2011,petri.ecore,frieger
Wed Nov 30 10:40:51 2011,petriM.henshin,frieger
Wed Nov 30 10:40:51 2011,petriM.henshin_diagram,frieger
Wed Nov 30 10:40:51 2011,readme.txt,frieger
Wed Nov 30 10:40:51 2011,philosophers.ecore,frieger
Wed Nov 30 10:40:51 2011,philosophers.henshin,frieger
Wed Nov 30 10:40:51 2011,philosophers.henshin_diagram,frieger
Wed Nov 30 10:40:51 2011,ten.philosophers,frieger
Wed Nov 30 10:40:51 2011,three.philosophers,frieger
Wed Nov 30 10:40:51 2011,SierpinskiBenchmark.java,frieger
Wed Nov 30 10:40:51 2011,sierpinski.ecore,frieger
Wed Nov 30 10:40:51 2011,sierpinski.henshin,frieger
Wed Nov 30 10:40:51 2011,start.sierpinski,frieger
Wed Nov 30 10:40:53 2011,.classpath,frieger
Wed Nov 30 10:40:53 2011,.project,frieger
Wed Nov 30 10:40:53 2011,org.eclipse.jdt.core.prefs,frieger
Wed Nov 30 10:40:53 2011,MANIFEST.MF,frieger
Wed Nov 30 10:40:53 2011,build.properties,frieger
Wed Nov 30 10:40:53 2011,plugin.properties,frieger
Wed Nov 30 10:40:53 2011,AmalgamationInfo.java,frieger
Wed Nov 30 10:40:53 2011,ChangeInfo.java,frieger
Wed Nov 30 10:40:53 2011,ConditionInfo.java,frieger
Wed Nov 30 10:40:53 2011,RuleInfo.java,frieger
Wed Nov 30 10:40:53 2011,VariableInfo.java,frieger
Wed Nov 30 10:40:53 2011,EmfEngine.java,frieger
Wed Nov 30 10:40:53 2011,HenshinGraph.java,frieger
Wed Nov 30 10:40:53 2011,RuleApplication.java,frieger
Wed Nov 30 10:40:53 2011,UnitApplication.java,frieger
Wed Nov 30 10:40:53 2011,InterpreterEngine.java,frieger
Wed Nov 30 10:40:53 2011,HenshinRegistry.java,frieger
Wed Nov 30 10:40:53 2011,Match.java,frieger
Wed Nov 30 10:40:53 2011,ModelChange.java,frieger
Wed Nov 30 10:40:53 2011,ModelHelper.java,frieger
Wed Nov 30 10:40:55 2011,.classpath,frieger
Wed Nov 30 10:40:55 2011,.project,frieger
Wed Nov 30 10:40:55 2011,org.eclipse.jdt.core.prefs,frieger
Wed Nov 30 10:40:55 2011,MANIFEST.MF,frieger
Wed Nov 30 10:40:55 2011,build.properties,frieger
Wed Nov 30 10:40:55 2011,plugin.properties,frieger
Wed Nov 30 10:40:55 2011,plugin.xml,frieger
Wed Nov 30 10:40:55 2011,ApplyTrafoUnit.java,frieger
Wed Nov 30 10:40:55 2011,HenshinMenu.java,frieger
Wed Nov 30 10:40:55 2011,InterpreterUIPlugin.java,frieger
Wed Nov 30 10:40:55 2011,RegisterEcore.java,frieger
Wed Nov 30 10:40:55 2011,RegisterTrafoSystem.java,frieger
Wed Nov 30 10:40:55 2011,UnitParameterValues.java,frieger
Wed Nov 30 10:40:55 2011,Capsule.java,frieger
Wed Nov 30 10:40:55 2011,Tuple.java,frieger
Wed Nov 30 10:40:55 2011,Tuples.java,frieger
Wed Nov 30 10:40:55 2011,HenshinWizard.java,frieger
Wed Nov 30 10:40:55 2011,HenshinWizardDialog.java,frieger
Wed Nov 30 10:40:55 2011,HenshinateHenshinFileHandler.java,frieger
Wed Nov 30 10:40:55 2011,HenshinateSystemActionDelegate.java,frieger
Wed Nov 30 10:40:55 2011,HenshinateUnitActionDelegate.java,frieger
Wed Nov 30 10:40:55 2011,Henshination.java,frieger
Wed Nov 30 10:40:55 2011,HenshinationException.java,frieger
Wed Nov 30 10:40:55 2011,HenshinationPreview.java,frieger
Wed Nov 30 10:40:55 2011,HenshinationResult.java,frieger
Wed Nov 30 10:40:55 2011,HenshinationResultView.java,frieger
Wed Nov 30 10:40:55 2011,ParameterConfiguration.java,frieger
Wed Nov 30 10:40:55 2011,ModelSelector.java,frieger
Wed Nov 30 10:40:55 2011,ParameterEditTable.java,frieger
Wed Nov 30 10:40:55 2011,UnitSelector.java,frieger
Wed Nov 30 10:40:57 2011,.classpath,frieger
Wed Nov 30 10:40:57 2011,.project,frieger
Wed Nov 30 10:40:57 2011,org.eclipse.jdt.core.prefs,frieger
Wed Nov 30 10:40:57 2011,MANIFEST.MF,frieger
Wed Nov 30 10:40:57 2011,build.properties,frieger
Wed Nov 30 10:40:57 2011,plugin.properties,frieger
Wed Nov 30 10:40:57 2011,plugin.xml,frieger
Wed Nov 30 10:40:57 2011,EmfGraph.java,frieger
Wed Nov 30 10:40:57 2011,AttributeCondition.java,frieger
Wed Nov 30 10:40:57 2011,AttributeConditionHandler.java,frieger
Wed Nov 30 10:40:57 2011,AndFormula.java,frieger
Wed Nov 30 10:40:57 2011,ApplicationCondition.java,frieger
Wed Nov 30 10:40:57 2011,IFormula.java,frieger
Wed Nov 30 10:40:57 2011,NotFormula.java,frieger
Wed Nov 30 10:40:57 2011,OrFormula.java,frieger
Wed Nov 30 10:40:57 2011,TrueFormula.java,frieger
Wed Nov 30 10:40:57 2011,XorFormula.java,frieger
Wed Nov 30 10:40:57 2011,AttributeConstraint.java,frieger
Wed Nov 30 10:40:57 2011,BinaryConstraint.java,frieger
Wed Nov 30 10:40:57 2011,Constraint.java,frieger
Wed Nov 30 10:40:57 2011,ContainmentConstraint.java,frieger
Wed Nov 30 10:40:57 2011,DanglingConstraint.java,frieger
Wed Nov 30 10:40:57 2011,DomainChange.java,frieger
Wed Nov 30 10:40:57 2011,DomainSlot.java,frieger
Wed Nov 30 10:40:57 2011,Matchfinder.java,frieger
Wed Nov 30 10:40:57 2011,ParameterConstraint.java,frieger
Wed Nov 30 10:40:57 2011,ReferenceConstraint.java,frieger
Wed Nov 30 10:40:57 2011,Solution.java,frieger
Wed Nov 30 10:40:57 2011,TypeConstraint.java,frieger
Wed Nov 30 10:40:57 2011,UnaryConstraint.java,frieger
Wed Nov 30 10:40:57 2011,Variable.java,frieger
Wed Nov 30 10:40:57 2011,GraphIsomorphyChecker.java,frieger
Wed Nov 30 10:40:57 2011,TransformationOptions.java,frieger
Wed Nov 30 10:41:00 2011,.classpath,frieger
Wed Nov 30 10:41:00 2011,.project,frieger
Wed Nov 30 10:41:00 2011,org.eclipse.core.resources.prefs,frieger
Wed Nov 30 10:41:00 2011,org.eclipse.gmf.bridge.ui.dashboard.prefs,frieger
Wed Nov 30 10:41:00 2011,org.eclipse.jdt.core.prefs,frieger
Wed Nov 30 10:41:00 2011,MANIFEST.MF,frieger
Wed Nov 30 10:41:00 2011,build.properties,frieger
Wed Nov 30 10:41:00 2011,constraintsToImplement.txt,frieger
Wed Nov 30 10:41:00 2011,henshin.ecore,frieger
Wed Nov 30 10:41:00 2011,henshin.ecore_diagram,frieger
Wed Nov 30 10:41:00 2011,henshin.ecorediag,frieger
Wed Nov 30 10:41:00 2011,henshin.genmodel,frieger
Wed Nov 30 10:41:00 2011,henshin.gmfgen,frieger
Wed Nov 30 10:41:00 2011,henshin.gmfgraph,frieger
Wed Nov 30 10:41:00 2011,henshin.gmfmap,frieger
Wed Nov 30 10:41:00 2011,henshin.gmftool,frieger
Wed Nov 30 10:41:00 2011,henshin.trace,frieger
Wed Nov 30 10:41:00 2011,Class.javajet,frieger
Wed Nov 30 10:41:00 2011,basicGetGenFeature.TODO.override.javajetinc,frieger
Wed Nov 30 10:41:00 2011,declaredFieldGenFeature.insert.javajetinc,frieger
Wed Nov 30 10:41:00 2011,getGenFeature.TODO.override.javajetinc,frieger
Wed Nov 30 10:41:00 2011,implementedGenOperation.TODO.override.javajetinc,frieger
Wed Nov 30 10:41:00 2011,ValidatorClass.javajet,frieger
Wed Nov 30 10:41:00 2011,readme.txt,frieger
Wed Nov 30 10:41:00 2011,plugin.properties,frieger
Wed Nov 30 10:41:00 2011,plugin.xml,frieger
Wed Nov 30 10:41:00 2011,HenshinModelPlugin.java,frieger
Wed Nov 30 10:41:00 2011,AmalgamationUnit.java,frieger
Wed Nov 30 10:41:00 2011,And.java,frieger
Wed Nov 30 10:41:00 2011,Attribute.java,frieger
Wed Nov 30 10:41:00 2011,AttributeCondition.java,frieger
Wed Nov 30 10:41:00 2011,BinaryFormula.java,frieger
Wed Nov 30 10:41:00 2011,ConditionalUnit.java,frieger
Wed Nov 30 10:41:00 2011,CountedUnit.java,frieger
Wed Nov 30 10:41:00 2011,DescribedElement.java,frieger
Wed Nov 30 10:41:00 2011,Edge.java,frieger
Wed Nov 30 10:41:00 2011,Formula.java,frieger
Wed Nov 30 10:41:00 2011,Graph.java,frieger
Wed Nov 30 10:41:00 2011,GraphElement.java,frieger
Wed Nov 30 10:41:00 2011,HenshinFactory.java,frieger
Wed Nov 30 10:41:00 2011,HenshinPackage.java,frieger
Wed Nov 30 10:41:00 2011,IndependentUnit.java,frieger
Wed Nov 30 10:41:00 2011,Mapping.java,frieger
Wed Nov 30 10:41:00 2011,NamedElement.java,frieger
Wed Nov 30 10:41:00 2011,NestedCondition.java,frieger
Wed Nov 30 10:41:00 2011,Node.java,frieger
Wed Nov 30 10:41:00 2011,Not.java,frieger
Wed Nov 30 10:41:00 2011,Or.java,frieger
Wed Nov 30 10:41:00 2011,Parameter.java,frieger
Wed Nov 30 10:41:00 2011,ParameterMapping.java,frieger
Wed Nov 30 10:41:00 2011,PriorityUnit.java,frieger
Wed Nov 30 10:41:00 2011,Rule.java,frieger
Wed Nov 30 10:41:00 2011,SequentialUnit.java,frieger
Wed Nov 30 10:41:00 2011,TransformationSystem.java,frieger
Wed Nov 30 10:41:00 2011,TransformationUnit.java,frieger
Wed Nov 30 10:41:00 2011,UnaryFormula.java,frieger
Wed Nov 30 10:41:00 2011,Xor.java,frieger
Wed Nov 30 10:41:00 2011,AmalgamationUnitImpl.java,frieger
Wed Nov 30 10:41:00 2011,AndImpl.java,frieger
Wed Nov 30 10:41:00 2011,AttributeConditionImpl.java,frieger
Wed Nov 30 10:41:00 2011,AttributeImpl.java,frieger
Wed Nov 30 10:41:00 2011,BinaryFormulaImpl.java,frieger
Wed Nov 30 10:41:00 2011,ConditionalUnitImpl.java,frieger
Wed Nov 30 10:41:00 2011,CountedUnitImpl.java,frieger
Wed Nov 30 10:41:00 2011,DescribedElementImpl.java,frieger
Wed Nov 30 10:41:00 2011,EdgeImpl.java,frieger
Wed Nov 30 10:41:00 2011,FormulaImpl.java,frieger
Wed Nov 30 10:41:00 2011,GraphImpl.java,frieger
Wed Nov 30 10:41:00 2011,HenshinFactoryImpl.java,frieger
Wed Nov 30 10:41:00 2011,HenshinPackageImpl.java,frieger
Wed Nov 30 10:41:00 2011,IndependentUnitImpl.java,frieger
Wed Nov 30 10:41:00 2011,MappingImpl.java,frieger
Wed Nov 30 10:41:00 2011,NamedElementImpl.java,frieger
Wed Nov 30 10:41:00 2011,NestedConditionImpl.java,frieger
Wed Nov 30 10:41:00 2011,NodeImpl.java,frieger
Wed Nov 30 10:41:00 2011,NotImpl.java,frieger
Wed Nov 30 10:41:00 2011,OrImpl.java,frieger
Wed Nov 30 10:41:00 2011,ParameterImpl.java,frieger
Wed Nov 30 10:41:00 2011,ParameterMappingImpl.java,frieger
Wed Nov 30 10:41:00 2011,PriorityUnitImpl.java,frieger
Wed Nov 30 10:41:00 2011,RuleImpl.java,frieger
Wed Nov 30 10:41:00 2011,SequentialUnitImpl.java,frieger
Wed Nov 30 10:41:00 2011,TransformationSystemImpl.java,frieger
Wed Nov 30 10:41:00 2011,TransformationUnitImpl.java,frieger
Wed Nov 30 10:41:00 2011,UnaryFormulaImpl.java,frieger
Wed Nov 30 10:41:00 2011,XorImpl.java,frieger
Wed Nov 30 10:41:00 2011,HenshinResource.java,frieger
Wed Nov 30 10:41:00 2011,HenshinResourceFactory.java,frieger
Wed Nov 30 10:41:00 2011,HenshinACUtil.java,frieger
Wed Nov 30 10:41:00 2011,HenshinAdapterFactory.java,frieger
Wed Nov 30 10:41:00 2011,HenshinMappingUtil.java,frieger
Wed Nov 30 10:41:00 2011,HenshinRuleAnalysisUtil.java,frieger
Wed Nov 30 10:41:00 2011,HenshinSwitch.java,frieger
Wed Nov 30 10:41:00 2011,HenshinValidator.java,frieger
Wed Nov 30 10:41:04 2011,.classpath,frieger
Wed Nov 30 10:41:04 2011,.project,frieger
Wed Nov 30 10:41:04 2011,org.eclipse.jdt.core.prefs,frieger
Wed Nov 30 10:41:04 2011,MANIFEST.MF,frieger
Wed Nov 30 10:41:04 2011,build.properties,frieger
Wed Nov 30 10:41:04 2011,statespace.ecore,frieger
Wed Nov 30 10:41:04 2011,statespace.genmodel,frieger
Wed Nov 30 10:41:04 2011,plugin.properties,frieger
Wed Nov 30 10:41:04 2011,plugin.xml,frieger
Wed Nov 30 10:41:04 2011,exporters.exsd,frieger
Wed Nov 30 10:41:04 2011,properties.exsd,frieger
Wed Nov 30 10:41:04 2011,validators.exsd,frieger
Wed Nov 30 10:41:04 2011,Model.java,frieger
Wed Nov 30 10:41:04 2011,State.java,frieger
Wed Nov 30 10:41:04 2011,StateEqualityHelper.java,frieger
Wed Nov 30 10:41:04 2011,StateSpace.java,frieger
Wed Nov 30 10:41:04 2011,StateSpaceException.java,frieger
Wed Nov 30 10:41:04 2011,StateSpaceExporter.java,frieger
Wed Nov 30 10:41:04 2011,StateSpaceFactory.java,frieger
Wed Nov 30 10:41:04 2011,StateSpaceIndex.java,frieger
Wed Nov 30 10:41:04 2011,StateSpaceManager.java,frieger
Wed Nov 30 10:41:04 2011,StateSpacePackage.java,frieger
Wed Nov 30 10:41:04 2011,StateSpacePlugin.java,frieger
Wed Nov 30 10:41:04 2011,Storage.java,frieger
Wed Nov 30 10:41:04 2011,Trace.java,frieger
Wed Nov 30 10:41:04 2011,Transition.java,frieger
Wed Nov 30 10:41:04 2011,AbstractStateSpaceManager.java,frieger
Wed Nov 30 10:41:04 2011,ModelImpl.java,frieger
Wed Nov 30 10:41:04 2011,MultiThreadedStateSpaceManager.java,frieger
Wed Nov 30 10:41:04 2011,ObjectIdentityImpl.java,frieger
Wed Nov 30 10:41:04 2011,StateEqualityHelperImpl.java,frieger
Wed Nov 30 10:41:04 2011,StateImpl.java,frieger
Wed Nov 30 10:41:04 2011,StateSpaceFactoryImpl.java,frieger
Wed Nov 30 10:41:04 2011,StateSpaceImpl.java,frieger
Wed Nov 30 10:41:04 2011,StateSpaceIndexImpl.java,frieger
Wed Nov 30 10:41:04 2011,StateSpaceManagerImpl.java,frieger
Wed Nov 30 10:41:04 2011,StateSpacePackageImpl.java,frieger
Wed Nov 30 10:41:04 2011,StorageImpl.java,frieger
Wed Nov 30 10:41:04 2011,TransitionImpl.java,frieger
Wed Nov 30 10:41:04 2011,StateSpaceSpringLayouter.java,frieger
Wed Nov 30 10:41:04 2011,TransitionBendpointHelper.java,frieger
Wed Nov 30 10:41:04 2011,CompoundPropertiesManager.java,frieger
Wed Nov 30 10:41:04 2011,ParametersPropertiesManager.java,frieger
Wed Nov 30 10:41:04 2011,StateSpacePropertiesManager.java,frieger
Wed Nov 30 10:41:04 2011,StateSpaceDeserializer.java,frieger
Wed Nov 30 10:41:04 2011,StateSpaceResource.java,frieger
Wed Nov 30 10:41:04 2011,StateSpaceResourceFactory.java,frieger
Wed Nov 30 10:41:04 2011,StateSpaceResourceWorker.java,frieger
Wed Nov 30 10:41:04 2011,StateSpaceSerializer.java,frieger
Wed Nov 30 10:41:04 2011,EcoreEqualityHelper.java,frieger
Wed Nov 30 10:41:04 2011,HashCodeCollisionCounter.java,frieger
Wed Nov 30 10:41:04 2011,ObjectIdentityHelper.java,frieger
Wed Nov 30 10:41:04 2011,StateDistanceMonitor.java,frieger
Wed Nov 30 10:41:04 2011,StateSpaceAdapterFactory.java,frieger
Wed Nov 30 10:41:04 2011,StateSpaceExplorationHelper.java,frieger
Wed Nov 30 10:41:04 2011,StateSpaceHashCodeHelper.java,frieger
Wed Nov 30 10:41:04 2011,StateSpaceMonitor.java,frieger
Wed Nov 30 10:41:04 2011,StateSpacePlatformHelper.java,frieger
Wed Nov 30 10:41:04 2011,StateSpaceSearch.java,frieger
Wed Nov 30 10:41:04 2011,StateSpaceSwitch.java,frieger
Wed Nov 30 10:41:04 2011,AbstractStateSpaceValidator.java,frieger
Wed Nov 30 10:41:04 2011,InvariantStateSpaceValidator.java,frieger
Wed Nov 30 10:41:04 2011,SingleRootStateValidator.java,frieger
Wed Nov 30 10:41:04 2011,StateSpaceValidator.java,frieger
Wed Nov 30 10:41:04 2011,StateSpaceXYPlot.java,frieger
Wed Nov 30 10:41:04 2011,StateValidator.java,frieger
Wed Nov 30 10:41:04 2011,ValidationResult.java,frieger
Wed Nov 30 10:41:04 2011,Validator.java,frieger
Wed Nov 30 10:41:06 2011,.classpath,frieger
Wed Nov 30 10:41:06 2011,.project,frieger
Wed Nov 30 10:41:06 2011,org.eclipse.jdt.core.prefs,frieger
Wed Nov 30 10:41:06 2011,MANIFEST.MF,frieger
Wed Nov 30 10:41:06 2011,build.properties,frieger
Wed Nov 30 10:41:06 2011,plugin.properties,frieger
Wed Nov 30 10:41:06 2011,plugin.xml,frieger
Wed Nov 30 10:41:06 2011,StateSpaceExplorerPlugin.java,frieger
Wed Nov 30 10:41:06 2011,AbstractStateSpaceAction.java,frieger
Wed Nov 30 10:41:06 2011,AbstractStateSpaceFileAction.java,frieger
Wed Nov 30 10:41:06 2011,CreateInitialStateAction.java,frieger
Wed Nov 30 10:41:06 2011,CreateStateSpacePage.java,frieger
Wed Nov 30 10:41:06 2011,CreateStateSpaceWizard.java,frieger
Wed Nov 30 10:41:06 2011,EditPropertiesAction.java,frieger
Wed Nov 30 10:41:06 2011,EditPropertiesPage.java,frieger
Wed Nov 30 10:41:06 2011,EditPropertiesWizard.java,frieger
Wed Nov 30 10:41:06 2011,ExploreStateSpaceFileAction.java,frieger
Wed Nov 30 10:41:06 2011,ExportStateSpaceAction.java,frieger
Wed Nov 30 10:41:06 2011,ExportStateSpaceFileAction.java,frieger
Wed Nov 30 10:41:06 2011,ExportStateSpaceWizard.java,frieger
Wed Nov 30 10:41:06 2011,ImportRulesAction.java,frieger
Wed Nov 30 10:41:06 2011,ImportRulesPage.java,frieger
Wed Nov 30 10:41:06 2011,ImportRulesWizard.java,frieger
Wed Nov 30 10:41:06 2011,OpenStateModelAction.java,frieger
Wed Nov 30 10:41:06 2011,ResetStateSpaceAction.java,frieger
Wed Nov 30 10:41:06 2011,ResetStateSpaceFileAction.java,frieger
Wed Nov 30 10:41:06 2011,AbstractStateSpaceCommand.java,frieger
Wed Nov 30 10:41:06 2011,CreateInitialStateCommand.java,frieger
Wed Nov 30 10:41:06 2011,DeleteStateCommand.java,frieger
Wed Nov 30 10:41:06 2011,ExploreStatesCommand.java,frieger
Wed Nov 30 10:41:06 2011,IrreversibleCommand.java,frieger
Wed Nov 30 10:41:06 2011,MoveStateCommand.java,frieger
Wed Nov 30 10:41:06 2011,ResetStateSpaceCommand.java,frieger
Wed Nov 30 10:41:06 2011,SetGraphEqualityCommand.java,frieger
Wed Nov 30 10:41:06 2011,SetPropertiesCommand.java,frieger
Wed Nov 30 10:41:06 2011,SetRulesCommand.java,frieger
Wed Nov 30 10:41:06 2011,StateComponentEditPolicy.java,frieger
Wed Nov 30 10:41:06 2011,StateEditPart.java,frieger
Wed Nov 30 10:41:06 2011,StateSpaceEditPart.java,frieger
Wed Nov 30 10:41:06 2011,StateSpaceEditPartFactory.java,frieger
Wed Nov 30 10:41:06 2011,StateSpaceLayoutEditPolicy.java,frieger
Wed Nov 30 10:41:06 2011,TransitionEditPart.java,frieger
Wed Nov 30 10:41:06 2011,TransitionLabelLocator.java,frieger
Wed Nov 30 10:41:06 2011,AbstractStateSpaceJob.java,frieger
Wed Nov 30 10:41:06 2011,ExploreStateSpaceJob.java,frieger
Wed Nov 30 10:41:06 2011,ExploreStateSpaceJobWithDisplay.java,frieger
Wed Nov 30 10:41:06 2011,LayoutStateSpaceJob.java,frieger
Wed Nov 30 10:41:06 2011,ReloadStateSpaceJob.java,frieger
Wed Nov 30 10:41:06 2011,StateSpaceJobManager.java,frieger
Wed Nov 30 10:41:06 2011,ValidateStateSpaceJob.java,frieger
Wed Nov 30 10:41:06 2011,StateSpaceActionBarContributor.java,frieger
Wed Nov 30 10:41:06 2011,StateSpaceContextMenuProvider.java,frieger
Wed Nov 30 10:41:06 2011,StateSpaceExplorer.java,frieger
Wed Nov 30 10:41:06 2011,StateSpacePropertyPage.java,frieger
Wed Nov 30 10:41:06 2011,StateSpaceToolsMenu.java,frieger
Wed Nov 30 10:41:06 2011,StateSpaceToolsMenuFactory.java,frieger
Wed Nov 30 10:41:06 2011,StateSpaceXYPlotDialog.java,frieger
Wed Nov 30 10:41:09 2011,.classpath,frieger
Wed Nov 30 10:41:09 2011,.project,frieger
Wed Nov 30 10:41:09 2011,org.eclipse.jdt.core.prefs,frieger
Wed Nov 30 10:41:09 2011,MANIFEST.MF,frieger
Wed Nov 30 10:41:09 2011,build.properties,frieger
Wed Nov 30 10:41:09 2011,plugin.xml,frieger
Wed Nov 30 10:41:09 2011,AbstractFileBasedValidator.java,frieger
Wed Nov 30 10:41:09 2011,AUTStateSpaceExporter.java,frieger
Wed Nov 30 10:41:09 2011,CADPStateSpaceValidator.java,frieger
Wed Nov 30 10:41:09 2011,MCRL2StateSpaceValidator.java,frieger
Wed Nov 30 10:41:09 2011,AbstractPRISMTool.java,frieger
Wed Nov 30 10:41:09 2011,PRISMStateSpaceExporter.java,frieger
Wed Nov 30 10:41:09 2011,PRISMStateSpaceValidator.java,frieger
Wed Nov 30 10:41:09 2011,PRISMSteadyStateTool.java,frieger
Wed Nov 30 10:41:09 2011,RatesPropertiesManager.java,frieger
Wed Nov 30 10:41:09 2011,TikZStateSpaceExporter.java,frieger
Wed Nov 30 10:41:10 2011,.classpath,frieger
Wed Nov 30 10:41:10 2011,.project,frieger
Wed Nov 30 10:41:10 2011,org.eclipse.jdt.core.prefs,frieger
Wed Nov 30 10:41:10 2011,MANIFEST.MF,frieger
Wed Nov 30 10:41:10 2011,build.properties,frieger
Wed Nov 30 10:41:10 2011,plugin.xml,frieger
Wed Nov 30 10:41:10 2011,OCLStateValidator.java,frieger
Wed Nov 30 10:41:12 2011,.classpath,frieger
Wed Nov 30 10:41:12 2011,.project,frieger
Wed Nov 30 10:41:12 2011,org.eclipse.jdt.core.prefs,frieger
Wed Nov 30 10:41:12 2011,MANIFEST.MF,frieger
Wed Nov 30 10:41:12 2011,build.properties,frieger
Wed Nov 30 10:41:12 2011,henshintest-documentation.html,frieger
Wed Nov 30 10:41:12 2011,testframework-documentation.html,frieger
Wed Nov 30 10:41:12 2011,plugin.properties,frieger
Wed Nov 30 10:41:12 2011,Activator.java,frieger
Wed Nov 30 10:41:12 2011,ElementGroups.java,frieger
Wed Nov 30 10:41:12 2011,GraphTransformations.java,frieger
Wed Nov 30 10:41:12 2011,Graphs.java,frieger
Wed Nov 30 10:41:12 2011,HenshinLoaders.java,frieger
Wed Nov 30 10:41:12 2011,HenshinTest.java,frieger
Wed Nov 30 10:41:12 2011,Matches.java,frieger
Wed Nov 30 10:41:12 2011,OclQueries.java,frieger
Wed Nov 30 10:41:12 2011,Parameters.java,frieger
Wed Nov 30 10:41:12 2011,Rules.java,frieger
Wed Nov 30 10:41:12 2011,Tools.java,frieger
Wed Nov 30 10:41:12 2011,TransformationUnits.java,frieger
Wed Nov 30 10:41:15 2011,.classpath,frieger
Wed Nov 30 10:41:15 2011,.project,frieger
Wed Nov 30 10:41:15 2011,org.eclipse.core.resources.prefs,frieger
Wed Nov 30 10:41:15 2011,MANIFEST.MF,frieger
Wed Nov 30 10:41:15 2011,graphAfter_edgesCreateBidirectionalEdge.testmodel,frieger
Wed Nov 30 10:41:15 2011,graphAfter_edgesCreateUnidirectionalEdge.testmodel,frieger
Wed Nov 30 10:41:15 2011,graphBefore_edgesCreateBidirectionalEdge.testmodel,frieger
Wed Nov 30 10:41:15 2011,graphBefore_edgesCreateUnidirectionalEdge.testmodel,frieger
Wed Nov 30 10:41:15 2011,graphAfter_createNodeWithBidirectionalEdge.testmodel,frieger
Wed Nov 30 10:41:15 2011,graphAfter_createNodeWithUnidirectionalEdge.testmodel,frieger
Wed Nov 30 10:41:15 2011,graphAfter_edgeCtest.testmodel,frieger
Wed Nov 30 10:41:15 2011,graphWithCont.testmodel,frieger
Wed Nov 30 10:41:15 2011,graphWithOneNode.testmodel,frieger
Wed Nov 30 10:41:15 2011,graphAfter_deleteNodeWithBidirectionalEdge.testmodel,frieger
Wed Nov 30 10:41:15 2011,graphAfter_deleteNodeWithUnidirectionalEdge1.testmodel,frieger
Wed Nov 30 10:41:15 2011,graphAfter_deleteNodeWithUnidirectionalEdge2.testmodel,frieger
Wed Nov 30 10:41:15 2011,graphBefore_deleteNodeWithBidirectionalEdge.testmodel,frieger
Wed Nov 30 10:41:15 2011,graphBefore_deleteNodeWithUnidirectionalEdge.testmodel,frieger
Wed Nov 30 10:41:15 2011,graphBefore_deleteNodesEdgeOrder.testmodel,frieger
Wed Nov 30 10:41:15 2011,graphWithCont.testmodel,frieger
Wed Nov 30 10:41:15 2011,graphWithOneNode.testmodel,frieger
Wed Nov 30 10:41:15 2011,graphWithRootNode.testmodel,frieger
Wed Nov 30 10:41:15 2011,nonInjective1.testmodel,frieger
Wed Nov 30 10:41:15 2011,nonInjective2.testmodel,frieger
Wed Nov 30 10:41:15 2011,manyNodes.testmodel,frieger
Wed Nov 30 10:41:15 2011,nestedACTests.testmodel,frieger
Wed Nov 30 10:41:15 2011,nodesAndVals.testmodel,frieger
Wed Nov 30 10:41:15 2011,graphAfter_attribCond1.testmodel,frieger
Wed Nov 30 10:41:15 2011,graphAfter_multipleAttribCond2.testmodel,frieger
Wed Nov 30 10:41:15 2011,graphBefore_multipleAttribCond1.testmodel,frieger
Wed Nov 30 10:41:15 2011,paramTest.testmodel,frieger
Wed Nov 30 10:41:15 2011,Copy of graphBefore_amu_attributeInKernelNac.testmodel,frieger
Wed Nov 30 10:41:15 2011,graphAfter_amalgamationUnit.testmodel,frieger
Wed Nov 30 10:41:15 2011,graphAfter_conditionalUnit1.testmodel,frieger
Wed Nov 30 10:41:15 2011,graphAfter_conditionalUnit2.testmodel,frieger
Wed Nov 30 10:41:15 2011,graphAfter_countedUnit.testmodel,frieger
Wed Nov 30 10:41:15 2011,graphAfter_independentUnit1a.testmodel,frieger
Wed Nov 30 10:41:15 2011,graphAfter_independentUnit1b.testmodel,frieger
Wed Nov 30 10:41:15 2011,graphAfter_independentUnit2a.testmodel,frieger
Wed Nov 30 10:41:15 2011,graphAfter_independentUnit2b.testmodel,frieger
Wed Nov 30 10:41:15 2011,graphAfter_priorityUnit_1.testmodel,frieger
Wed Nov 30 10:41:15 2011,graphAfter_priorityUnit_2.testmodel,frieger
Wed Nov 30 10:41:15 2011,graphAfter_priorityUnit_3.testmodel,frieger
Wed Nov 30 10:41:15 2011,graphAfter_sequentialUnit.testmodel,frieger
Wed Nov 30 10:41:15 2011,graphBefore_amalgamationUnit.testmodel,frieger
Wed Nov 30 10:41:15 2011,graphBefore_amu_attributeInKernelNac.testmodel,frieger
Wed Nov 30 10:41:15 2011,graphBefore_countedUnit.testmodel,frieger
Wed Nov 30 10:41:15 2011,graphBefore_priorityUnit.testmodel,frieger
Wed Nov 30 10:41:15 2011,graphBefore_sequentialUnitUndo.testmodel,frieger
Wed Nov 30 10:41:15 2011,graphWithCont.testmodel,frieger
Wed Nov 30 10:41:15 2011,basicMatchingTests.henshin,frieger
Wed Nov 30 10:41:15 2011,basicTests.henshin,frieger
Wed Nov 30 10:41:15 2011,engineOptionsTests.henshin,frieger
Wed Nov 30 10:41:15 2011,parameterTests.henshin,frieger
Wed Nov 30 10:41:15 2011,transformationUnitTests.henshin,frieger
Wed Nov 30 10:41:15 2011,build.properties,frieger
Wed Nov 30 10:41:15 2011,test-documentation.html,frieger
Wed Nov 30 10:41:15 2011,testmodel.ecore,frieger
Wed Nov 30 10:41:15 2011,testmodel.ecorediag,frieger
Wed Nov 30 10:41:15 2011,testmodel.genmodel,frieger
Wed Nov 30 10:41:15 2011,plugin.properties,frieger
Wed Nov 30 10:41:15 2011,plugin.xml,frieger
Wed Nov 30 10:41:15 2011,BasicTests.java,frieger
Wed Nov 30 10:41:15 2011,CreateDeleteEdges.java,frieger
Wed Nov 30 10:41:15 2011,CreateNodes.java,frieger
Wed Nov 30 10:41:15 2011,DeleteNodes.java,frieger
Wed Nov 30 10:41:15 2011,EngineOptionsTests.java,frieger
Wed Nov 30 10:41:15 2011,MatchTests.java,frieger
Wed Nov 30 10:41:15 2011,ParameterTests.java,frieger
Wed Nov 30 10:41:15 2011,TransformationUnitTests.java,frieger
Wed Nov 30 10:41:15 2011,Node.java,frieger
Wed Nov 30 10:41:15 2011,TestmodelFactory.java,frieger
Wed Nov 30 10:41:15 2011,TestmodelPackage.java,frieger
Wed Nov 30 10:41:15 2011,Val.java,frieger
Wed Nov 30 10:41:15 2011,cont.java,frieger
Wed Nov 30 10:41:15 2011,NodeImpl.java,frieger
Wed Nov 30 10:41:15 2011,TestmodelFactoryImpl.java,frieger
Wed Nov 30 10:41:15 2011,TestmodelPackageImpl.java,frieger
Wed Nov 30 10:41:15 2011,ValImpl.java,frieger
Wed Nov 30 10:41:15 2011,contImpl.java,frieger
Wed Nov 30 10:41:15 2011,TestmodelAdapterFactory.java,frieger
Wed Nov 30 10:41:15 2011,TestmodelSwitch.java,frieger
Wed Nov 30 10:41:17 2011,.classpath,frieger
Wed Nov 30 10:41:17 2011,.project,frieger
Wed Nov 30 10:41:17 2011,MANIFEST.MF,frieger
Wed Nov 30 10:41:17 2011,build.properties,frieger
Wed Nov 30 10:41:17 2011,trace.ecore,frieger
Wed Nov 30 10:41:17 2011,trace.ecorediag,frieger
Wed Nov 30 10:41:17 2011,trace.genmodel,frieger
Wed Nov 30 10:41:17 2011,plugin.properties,frieger
Wed Nov 30 10:41:17 2011,plugin.xml,frieger
Wed Nov 30 10:41:17 2011,Trace.java,frieger
Wed Nov 30 10:41:17 2011,TraceFactory.java,frieger
Wed Nov 30 10:41:17 2011,TracePackage.java,frieger
Wed Nov 30 10:41:17 2011,TraceFactoryImpl.java,frieger
Wed Nov 30 10:41:17 2011,TraceImpl.java,frieger
Wed Nov 30 10:41:17 2011,TracePackageImpl.java,frieger
Wed Nov 30 10:41:17 2011,TraceAdapterFactory.java,frieger
Wed Nov 30 10:41:17 2011,TraceSwitch.java,frieger
Fri Dec  2 14:47:17 2011,.classpath,frieger
Fri Dec  2 14:47:17 2011,.project,frieger
Fri Dec  2 14:47:17 2011,org.eclipse.jdt.core.prefs,frieger
Fri Dec  2 14:47:17 2011,MANIFEST.MF,frieger
Fri Dec  2 14:47:17 2011,build.properties,frieger
Fri Dec  2 14:47:17 2011,newHenshin.henshin,frieger
Fri Dec  2 14:47:17 2011,petriM.henshin,frieger
Fri Dec  2 14:47:17 2011,philNew.henshin,frieger
Fri Dec  2 14:47:17 2011,philosophers.henshin,frieger
Fri Dec  2 14:47:17 2011,r1.henshin,frieger
Fri Dec  2 14:47:17 2011,henshin-080.ecore,frieger
Fri Dec  2 14:47:17 2011,Transformation.java,frieger
