date_time,file,committer_name
Fri Apr 28  4:19:50 2023,RMIConnectorStarter.java,kaido207
