date_time,file,committer_name
Thu Jun 28 23:57:23 2007,HelpView.java,Chris Goldthorpe
Fri Jun 29 18:20:43 2007,MANIFEST.MF,Chris Goldthorpe
Fri Jun 29 18:20:43 2007,EnabledTopicUtils.java,Chris Goldthorpe
Fri Jun 29 18:20:43 2007,TocFragmentServlet.java,Chris Goldthorpe
Fri Jun 29 18:20:43 2007,MANIFEST.MF,Chris Goldthorpe
Fri Jun 29 18:20:43 2007,EnabledTopicTest.java,Chris Goldthorpe
Tue Jul  3 16:56:38 2007,MANIFEST.MF,Chris Goldthorpe
Tue Jul  3 16:56:38 2007,TocValidator.java,Chris Goldthorpe
Tue Jul  3 16:56:38 2007,AllTocTests.java,Chris Goldthorpe
Tue Jul  3 16:57:12 2007,MANIFEST.MF,Chris Goldthorpe
Tue Jul  3 16:57:12 2007,TocLinkChecker.java,Chris Goldthorpe
Tue Jul  3 17:27:22 2007,StringUtil.java,Chris Goldthorpe
Tue Jul  3 18:45:27 2007,Eclipse.java,Chris Goldthorpe
Tue Jul  3 20:45:29 2007,TocData.java,Chris Goldthorpe
Tue Jul  3 20:45:29 2007,WebappPreferences.java,Chris Goldthorpe
Tue Jul  3 21:23:49 2007,LinkUtil.java,Chris Goldthorpe
Tue Jul  3 21:23:49 2007,BrowserPart.java,Chris Goldthorpe
Tue Jul  3 21:23:49 2007,ReusableHelpPart.java,Chris Goldthorpe
Tue Jul  3 21:23:49 2007,AllHelpTests.java,Chris Goldthorpe
Tue Jul  3 21:23:49 2007,AllOtherHelpTests.java,Chris Goldthorpe
Tue Jul  3 21:23:49 2007,LinkUtilTest.java,Chris Goldthorpe
Tue Jul  3 21:57:11 2007,navActions.js,Chris Goldthorpe
Tue Jul  3 21:57:11 2007,searchScoped.jsp,Chris Goldthorpe
Mon Jul  9 18:55:11 2007,CachedEntityResolver.java,Chris Goldthorpe
Mon Jul  9 18:55:11 2007,HelpPlugin.java,Chris Goldthorpe
Mon Jul  9 18:55:11 2007,UAElement.java,Chris Goldthorpe
Mon Jul  9 18:55:11 2007,DocumentReader.java,Chris Goldthorpe
Mon Jul  9 20:58:34 2007,CachedEntityResolver.java,Chris Goldthorpe
Mon Jul  9 20:58:34 2007,HelpPlugin.java,Chris Goldthorpe
Mon Jul  9 20:58:34 2007,UAElement.java,Chris Goldthorpe
Mon Jul  9 20:58:34 2007,DocumentReader.java,Chris Goldthorpe
Tue Jul 10 17:23:53 2007,CachedEntityResolver.java,Chris Goldthorpe
Tue Jul 10 17:23:53 2007,HelpPlugin.java,Chris Goldthorpe
Tue Jul 10 17:23:53 2007,UAElement.java,Chris Goldthorpe
Tue Jul 10 17:23:53 2007,DocumentReader.java,Chris Goldthorpe
Tue Jul 10 17:23:53 2007,xhtml.xml,Chris Goldthorpe
Tue Jul 10 17:23:53 2007,xhtml_expected.txt,Chris Goldthorpe
Tue Jul 10 18:52:43 2007,AllTests.java,Chris Goldthorpe
Tue Jul 10 18:52:43 2007,AllFormsTests.java,Chris Goldthorpe
Tue Jul 10 18:52:43 2007,AllLayoutTests.java,Chris Goldthorpe
Tue Jul 10 18:52:43 2007,TestTableWrapLayout.java,Chris Goldthorpe
Wed Jul 11 20:03:12 2007,SearchPart.java,Chris Goldthorpe
