date_time,file,committer_name
Fri May 22 10:18:47 2020,pom.xml,Gaurav Gupta
Fri May 22 10:18:47 2020,BeanManagerInstanceCreator.java,Gaurav Gupta
Fri May 22 10:18:47 2020,JsonbComponentInstanceCreatorFactory.java,Gaurav Gupta
Fri May 22 10:18:47 2020,CalledMethods.java,Gaurav Gupta
Fri May 22 10:18:47 2020,CdiDependentAdapter.java,Gaurav Gupta
Fri May 22 10:18:47 2020,CdiInjectionTest.java,Gaurav Gupta
Fri May 22 10:18:47 2020,CdiTestService.java,Gaurav Gupta
Fri May 22 10:18:47 2020,Hello1.java,Gaurav Gupta
Fri May 22 10:18:47 2020,Hello2.java,Gaurav Gupta
Fri May 22 10:18:47 2020,HelloService1.java,Gaurav Gupta
Fri May 22 10:18:47 2020,HelloService2.java,Gaurav Gupta
Fri May 22 10:18:47 2020,JndiBeanManager.java,Gaurav Gupta
Fri May 22 10:18:47 2020,MockInjectionTarget.java,Gaurav Gupta
Fri May 22 10:18:47 2020,CollectionsTest.java,Gaurav Gupta
Fri May 22 10:18:47 2020,ScalarDataTest.java,Gaurav Gupta
Fri May 22 10:18:47 2020,TenPropertySerializationTest.java,Gaurav Gupta
