date_time,file,committer_name
Tue Mar  8  8:31:35 2005,FileDelta.java,csalter
Tue Mar  8  8:31:35 2005,IFileDelta.java,csalter
Tue Mar  8  8:31:35 2005,IHelper.java,csalter
Tue Mar  8  8:31:35 2005,IMessage.java,csalter
Tue Mar  8  8:31:35 2005,IMessageAccess.java,csalter
Tue Mar  8  8:31:35 2005,IReporter.java,csalter
Tue Mar  8  8:31:35 2005,IValidator.java,csalter
Tue Mar  8  8:31:35 2005,Message.java,csalter
Tue Mar  8  8:31:35 2005,MessageFilter.java,csalter
Tue Mar  8  8:31:35 2005,SeverityEnum.java,csalter
Tue Mar  8  8:31:35 2005,ValidationException.java,csalter
Tue Mar  8  8:31:35 2005,ValidatorLauncher.java,csalter
Tue Mar  8  8:49:34 2005,IMessage.java,csalter
Tue Mar  8  8:49:34 2005,SeverityEnum.java,csalter
Tue Mar  8  9:01:26 2005,IValidator.java,csalter
