date/time,link,type,status
Fri Dec 15 08:23:01 2017,https://github.com/eclipse/xsemantics/issues/100,comment,NA
