date_time,file,committer_name
Tue Oct 28 19:36:06 2003,AbstractScriptGenerator.java,DJ Houghton
Tue Oct 28 19:36:06 2003,BuildScriptGenerator.java,DJ Houghton
Tue Oct 28 19:36:06 2003,ClasspathComputer.java,DJ Houghton
Tue Oct 28 19:36:06 2003,FeatureBuildScriptGenerator.java,DJ Houghton
Tue Oct 28 19:36:06 2003,PackagerBuildScriptGenerator.java,DJ Houghton
Thu Nov 20 17:05:52 2003,ModelBuildScriptGenerator.java,DJ Houghton
