date_time,file,committer_name
Thu Apr  3  1:05:19 2014,A.java,Manju Mathew
Thu Apr  3  1:05:19 2014,A.java,Manju Mathew
Thu Apr  3  1:05:19 2014,B.java,Manju Mathew
Thu Apr  3  1:05:19 2014,A.java,Manju Mathew
Thu Apr  3  1:05:19 2014,A.java,Manju Mathew
Thu Apr  3  1:05:19 2014,B.java,Manju Mathew
Thu Apr  3  1:05:19 2014,A.java,Manju Mathew
Thu Apr  3  1:05:19 2014,A.java,Manju Mathew
Thu Apr  3  1:05:19 2014,B.java,Manju Mathew
Thu Apr  3  1:05:19 2014,A.java,Manju Mathew
Thu Apr  3  1:05:19 2014,I1.java,Manju Mathew
Thu Apr  3  1:05:19 2014,I2.java,Manju Mathew
Thu Apr  3  1:05:19 2014,A.java,Manju Mathew
Thu Apr  3  1:05:19 2014,B.java,Manju Mathew
Thu Apr  3  1:05:19 2014,I1.java,Manju Mathew
Thu Apr  3  1:05:19 2014,I2.java,Manju Mathew
Thu Apr  3  1:05:19 2014,AllRefactoringTests.java,Manju Mathew
Thu Apr  3  1:05:19 2014,ExtractInterfaceTests.java,Manju Mathew
Thu Apr  3  1:05:19 2014,ExtractInterfaceTests18.java,Manju Mathew
Thu Apr  3  1:05:19 2014,ExtractInterfaceProcessor.java,Manju Mathew
Sun Apr  6 21:03:17 2014,QuickFixTest18.java,Manju Mathew
Thu Apr 10  3:16:17 2014,A.java,Manju Mathew
Thu Apr 10  3:16:17 2014,B.java,Manju Mathew
Thu Apr 10  3:16:17 2014,A.java,Manju Mathew
Thu Apr 10  3:16:17 2014,B.java,Manju Mathew
Thu Apr 10  3:16:17 2014,AllRefactoringTests.java,Manju Mathew
Thu Apr 10  3:16:17 2014,PullUpTests.java,Manju Mathew
Thu Apr 10  3:16:17 2014,PullUpTests18.java,Manju Mathew
Thu Apr 10  3:16:17 2014,PullUpRefactoringProcessor.java,Manju Mathew
Fri Apr 11  5:41:21 2014,AssistQuickFixTest.java,Manju Mathew
Mon Apr 14  2:09:23 2014,QuickFixTest18.java,Manju Mathew
Mon Apr 14  2:09:23 2014,ModifierCorrectionSubProcessor.java,Manju Mathew
Mon Apr 14  2:09:23 2014,QuickFixProcessor.java,Manju Mathew
Tue Apr 15 15:24:36 2014,Test_416198.java,Manju Mathew
Tue Apr 15 15:24:36 2014,Test_416198.java,Manju Mathew
Tue Apr 15 15:24:36 2014,InlineMethodTests.java,Manju Mathew
Tue Apr 15 15:24:36 2014,CallInliner.java,Manju Mathew
Tue Apr 15 15:24:36 2014,TargetProvider.java,Manju Mathew
Wed Apr 16 23:03:30 2014,QuickFixTest18.java,Manju Mathew
Wed Apr 16 23:03:30 2014,CorrectionMessages.java,Manju Mathew
Wed Apr 16 23:03:30 2014,CorrectionMessages.properties,Manju Mathew
Wed Apr 16 23:03:30 2014,IProposalRelevance.java,Manju Mathew
Wed Apr 16 23:03:30 2014,ModifierCorrectionSubProcessor.java,Manju Mathew
Tue Apr 22 18:57:34 2014,RefactoringAvailabilityTester.java,Manju Mathew
Tue Apr 22 18:57:34 2014,ReorgUtils.java,Manju Mathew
Tue Apr 22 18:57:34 2014,AbstractHierarchyViewerSorter.java,Manju Mathew
Tue Apr 22 18:57:34 2014,TypeHierarchyContentProvider.java,Manju Mathew
Tue Apr 22 18:57:34 2014,JavaElementLabelComposer.java,Manju Mathew
Tue Apr 22 18:57:34 2014,JavaElementLinks.java,Manju Mathew
Tue Apr 22 18:57:34 2014,AddJavaDocStubAction.java,Manju Mathew
Tue Apr 29  1:48:11 2014,QuickFixTest18.java,Manju Mathew
