date_time,file,committer_name
Fri Feb 25  7:14:45 2022,IdsMultipartApiServiceExtension.java,ppuetsch
Fri Feb 25  7:14:45 2022,ControlApiServiceExtension.java,ppuetsch
Fri Feb 25  7:14:45 2022,ObservabilityApiExtension.java,ppuetsch
Fri Feb 25  7:14:45 2022,ObservabilityApiExtensionTest.java,ppuetsch
Fri Feb 25  7:14:45 2022,FederatedCatalogCacheExtension.java,ppuetsch
Fri Feb 25  7:14:45 2022,JerseyRestService.java,ppuetsch
Fri Feb 25  7:14:45 2022,IdentityDidCoreExtension.java,ppuetsch
Fri Feb 25  7:14:45 2022,IdentityDidCoreExtensionTest.java,ppuetsch
Fri Feb 25  7:14:45 2022,RegistrationServiceApiExtension.java,ppuetsch
Fri Feb 25  7:14:45 2022,HealthEndpointExtension.java,ppuetsch
Fri Feb 25  7:14:45 2022,HealthEndpointExtension.java,ppuetsch
Fri Feb 25  7:14:45 2022,ApiEndpointExtension.java,ppuetsch
Fri Feb 25  7:14:45 2022,build.gradle.kts,ppuetsch
Fri Feb 25  7:14:45 2022,ApiEndpointExtension.java,ppuetsch
Fri Feb 25  7:14:45 2022,DemoProtocolsTransferExtension.java,ppuetsch
Fri Feb 25  7:14:45 2022,WebService.java,ppuetsch
