date_time,file,committer_name
Thu Feb  1 23:14:47 2024,HttpServer.java,Saranya Krishnakumar
Thu Feb  1 23:14:47 2024,NetServer.java,Saranya Krishnakumar
Thu Feb  1 23:14:47 2024,TrafficShapingOptions.java,Saranya Krishnakumar
Thu Feb  1 23:14:47 2024,TCPServerBase.java,Saranya Krishnakumar
Thu Feb  1 23:14:47 2024,HttpBandwidthLimitingTest.java,Saranya Krishnakumar
Thu Feb  1 23:14:47 2024,NetBandwidthLimitingTest.java,Saranya Krishnakumar
