date_time,file,committer_name
Wed Mar 21 18:03:22 2007,CDebugElementAdapterFactory.java,Vivian Kong
Wed Mar 21 18:03:22 2007,ModuleProxyFactory.java,Vivian Kong
Wed Mar 21 19:24:35 2007,CElementGrouping.java,Vivian Kong
Wed Mar 21 19:24:35 2007,Messages.java,Vivian Kong
Wed Mar 21 19:24:35 2007,messages.properties,Vivian Kong
