date_time,file,committer_name
Mon Apr 11 12:20:01 2016,LifxLightHandler.java,Karel Goderis
Mon Apr 11 12:26:49 2016,LifxLightHandler.java,Karel Goderis
Mon Apr 11 13:44:44 2016,ZonePlayerHandler.java,Karel Goderis
Tue Apr 26  6:47:37 2016,CronExpressionTest.java,Karel Goderis
Tue Apr 26  6:47:37 2016,DateExpressionTest.java,Karel Goderis
Tue Apr 26  6:47:37 2016,RecurrenceExpressionTest.java,Karel Goderis
Tue Apr 26  6:47:37 2016,MANIFEST.MF,Karel Goderis
Tue Apr 26  6:47:37 2016,ThreadPoolManager.java,Karel Goderis
Tue Apr 26  6:47:37 2016,CoreActivator.java,Karel Goderis
Tue Apr 26  6:47:37 2016,AbstractExpression.java,Karel Goderis
Tue Apr 26  6:47:37 2016,AbstractExpressionPart.java,Karel Goderis
Tue Apr 26  6:47:37 2016,CronExpression.java,Karel Goderis
Tue Apr 26  6:47:37 2016,DateExpression.java,Karel Goderis
Tue Apr 26  6:47:37 2016,Expression.java,Karel Goderis
Tue Apr 26  6:47:37 2016,ExpressionPart.java,Karel Goderis
Tue Apr 26  6:47:37 2016,ExpressionThreadPoolManager.java,Karel Goderis
Tue Apr 26  6:47:37 2016,RecurrenceExpression.java,Karel Goderis
