date_time,file,committer_name
Sun Sep 10  9:35:53 2023,ThisCreationSupport.java,Patrick Ziegler
Mon Sep 11 17:00:46 2023,XmlTests.java,Patrick Ziegler
Mon Sep 11 17:00:46 2023,DeleteActionTest.java,Patrick Ziegler
Mon Sep 11 17:00:46 2023,TopSelectionEditPolicyTest.java,Patrick Ziegler
Mon Sep 11 17:00:46 2023,XmlDesignPageTest.java,Patrick Ziegler
Mon Sep 11 17:00:46 2023,XmlPropertiesToolBarContributorTest.java,Patrick Ziegler
Mon Sep 11 17:00:46 2023,ElementCreationSupportTest.java,Patrick Ziegler
Mon Sep 11 17:00:46 2023,MethodExpressionAccessorTest.java,Patrick Ziegler
Mon Sep 11 17:00:46 2023,FlowContainerModelTest.java,Patrick Ziegler
Mon Sep 11 17:00:46 2023,SimpleContainerModelTest.java,Patrick Ziegler
Mon Sep 11 17:00:46 2023,PropertyTest.java,Patrick Ziegler
Mon Sep 11 17:00:46 2023,ChooseComponentEntryInfoTest.java,Patrick Ziegler
Mon Sep 11 17:00:46 2023,XwtGefTest.java,Patrick Ziegler
Mon Sep 11 17:00:46 2023,XwtModelTest.java,Patrick Ziegler
Sun Sep 17  8:19:25 2023,MANIFEST.MF,Patrick Ziegler
Sun Sep 17  8:19:25 2023,pom.xml,Patrick Ziegler
Sun Sep 17  8:19:25 2023,UiContext.java,Patrick Ziegler
Wed Sep 20 18:50:06 2023,MANIFEST.MF,Patrick Ziegler
Wed Sep 20 18:50:06 2023,pom.xml,Patrick Ziegler
Wed Sep 20 18:50:06 2023,PaletteUiTest.java,Patrick Ziegler
Wed Sep 20 18:50:06 2023,UiContext.java,Patrick Ziegler
Thu Sep 21  4:05:31 2023,TabOrderProperty.java,Patrick Ziegler
Thu Sep 21  4:05:31 2023,FocusTraversalOnArray.java,Patrick Ziegler
Thu Sep 21  4:05:31 2023,TabOrderProperty.java,Patrick Ziegler
Thu Sep 21  4:05:31 2023,TabOrderProperty.java,Patrick Ziegler
Thu Sep 21  4:05:31 2023,TabOrderPropertyTest.java,Patrick Ziegler
Thu Sep 21  4:05:31 2023,TabOrderPropertyTest.java,Patrick Ziegler
Thu Sep 21  4:05:31 2023,TabOrderPropertyTest.java,Patrick Ziegler
Fri Sep 22  4:53:57 2023,ObserveElementsWizardPage.java,Patrick Ziegler
Fri Sep 22  4:53:57 2023,LabelUiContentProvider.java,Patrick Ziegler
Fri Sep 22  4:53:57 2023,MultipleConstructorsComposite.java,Patrick Ziegler
Fri Sep 22  4:53:57 2023,NoEntryPointComposite.java,Patrick Ziegler
Fri Sep 22  4:53:57 2023,ComponentClassPropertyEditor.java,Patrick Ziegler
Fri Sep 22  4:53:57 2023,CustomTooltipProvider.java,Patrick Ziegler
Fri Sep 22  4:53:57 2023,JustifyPaletteTooltipProvider.java,Patrick Ziegler
Fri Sep 22  4:53:57 2023,TopResizeFigure.java,Patrick Ziegler
Fri Sep 22  4:53:57 2023,WarningComposite.java,Patrick Ziegler
Fri Sep 22  4:53:57 2023,KeywordsRule.java,Patrick Ziegler
Tue Sep 26 16:45:49 2023,EventManager.java,Patrick Ziegler
Tue Sep 26 16:45:49 2023,EditEventManager.java,Patrick Ziegler
Tue Sep 26 16:45:49 2023,TreeEventManager.java,Patrick Ziegler
Fri Sep 29  5:06:00 2023,JavaInfoDeleteManager.java,Patrick Ziegler
Fri Sep 29  5:06:00 2023,SynchronizeManager.java,Patrick Ziegler
Fri Sep 29  5:06:00 2023,AbstractParser.java,Patrick Ziegler
Fri Sep 29  5:06:00 2023,EditSelection.java,Patrick Ziegler
Fri Sep 29  5:06:00 2023,ObserveElementsComposite.java,Patrick Ziegler
Fri Sep 29  5:06:00 2023,ChooseClassAndPropertiesConfiguration.java,Patrick Ziegler
Fri Sep 29  5:06:00 2023,ChooseClassAndPropertiesUiContentProvider.java,Patrick Ziegler
Fri Sep 29  5:06:00 2023,ChooseClassConfiguration.java,Patrick Ziegler
Fri Sep 29  5:06:00 2023,ChooseClassUiContentProvider.java,Patrick Ziegler
Fri Sep 29  5:06:00 2023,MultiTargetRunnable.java,Patrick Ziegler
Fri Sep 29  5:06:00 2023,TabContainerUiContentProvider.java,Patrick Ziegler
Fri Sep 29  5:06:00 2023,UIContentContainer.java,Patrick Ziegler
Fri Sep 29  5:06:00 2023,AbstractObserveProperty.java,Patrick Ziegler
Fri Sep 29  5:06:00 2023,ObservePropertyEditor.java,Patrick Ziegler
Fri Sep 29  5:06:00 2023,CoreUtils.java,Patrick Ziegler
Fri Sep 29  5:06:00 2023,AbstractDescriptor.java,Patrick Ziegler
Fri Sep 29  5:06:00 2023,DescriptorContainer.java,Patrick Ziegler
Fri Sep 29  5:06:00 2023,CategoryInfo.java,Patrick Ziegler
Fri Sep 29  5:06:00 2023,PaletteInfo.java,Patrick Ziegler
Fri Sep 29  5:06:00 2023,ComponentEntryInfo.java,Patrick Ziegler
Fri Sep 29  5:06:00 2023,EvaluationContext.java,Patrick Ziegler
Fri Sep 29  5:06:00 2023,ExecutionFlowDescription.java,Patrick Ziegler
Fri Sep 29  5:06:00 2023,ExecutionFlowUtils.java,Patrick Ziegler
Fri Sep 29  5:06:00 2023,TabOrderContainerEditPolicy.java,Patrick Ziegler
Fri Sep 29  5:06:00 2023,LayoutPolicyUtils2.java,Patrick Ziegler
Fri Sep 29  5:06:00 2023,TopSelectionEditPolicy.java,Patrick Ziegler
Fri Sep 29  5:06:00 2023,JavaInfo.java,Patrick Ziegler
Fri Sep 29  5:06:00 2023,ArrayAssociation.java,Patrick Ziegler
Fri Sep 29  5:06:00 2023,CompoundAssociation.java,Patrick Ziegler
Fri Sep 29  5:06:00 2023,InvocationChildAssociation.java,Patrick Ziegler
Fri Sep 29  5:06:00 2023,DesignContextMenuProvider.java,Patrick Ziegler
Fri Sep 29  5:06:00 2023,UndoManager.java,Patrick Ziegler
Fri Sep 29  5:06:00 2023,CopyAction.java,Patrick Ziegler
Fri Sep 29  5:06:00 2023,ErrorsAction.java,Patrick Ziegler
Fri Sep 29  5:06:00 2023,DesignerEditor.java,Patrick Ziegler
Fri Sep 29  5:06:00 2023,MultiMode.java,Patrick Ziegler
Fri Sep 29  5:06:00 2023,VisitedLinesHighlighter.java,Patrick Ziegler
Fri Sep 29  5:06:00 2023,DesignerPalette.java,Patrick Ziegler
Fri Sep 29  5:06:00 2023,PaletteManager.java,Patrick Ziegler
Fri Sep 29  5:06:00 2023,ImportArchiveDialog.java,Patrick Ziegler
Fri Sep 29  5:06:00 2023,PaletteManagerDialog.java,Patrick Ziegler
Fri Sep 29  5:06:00 2023,FactoriesAddDialog.java,Patrick Ziegler
Fri Sep 29  5:06:00 2023,DesignRootObject.java,Patrick Ziegler
Fri Sep 29  5:06:00 2023,JavaInfoEvaluationHelper.java,Patrick Ziegler
Fri Sep 29  5:06:00 2023,JavaInfoUtils.java,Patrick Ziegler
Fri Sep 29  5:06:00 2023,ImplicitChildCommand.java,Patrick Ziegler
Fri Sep 29  5:06:00 2023,JavaInfoMemento.java,Patrick Ziegler
Fri Sep 29  5:06:00 2023,ConstructorCreationSupport.java,Patrick Ziegler
Fri Sep 29  5:06:00 2023,ThisCreationSupport.java,Patrick Ziegler
Fri Sep 29  5:06:00 2023,AbstractFactoryCreationSupport.java,Patrick Ziegler
Fri Sep 29  5:06:00 2023,InstanceFactoryInfo.java,Patrick Ziegler
Fri Sep 29  5:06:00 2023,AbstractInvocationDescription.java,Patrick Ziegler
Fri Sep 29  5:06:00 2023,ComponentDescription.java,Patrick Ziegler
Fri Sep 29  5:06:00 2023,CreationDescription.java,Patrick Ziegler
Fri Sep 29  5:06:00 2023,GenericPropertyDescription.java,Patrick Ziegler
Fri Sep 29  5:06:00 2023,LayoutDescription.java,Patrick Ziegler
Fri Sep 29  5:06:00 2023,FactoryMethodDescription.java,Patrick Ziegler
Fri Sep 29  5:06:00 2023,ComponentDescriptionHelper.java,Patrick Ziegler
Fri Sep 29  5:06:00 2023,ComponentPresentationHelper.java,Patrick Ziegler
Fri Sep 29  5:06:00 2023,DescriptionHelper.java,Patrick Ziegler
Fri Sep 29  5:06:00 2023,FactoryDescriptionHelper.java,Patrick Ziegler
Fri Sep 29  5:06:00 2023,LayoutDescriptionHelper.java,Patrick Ziegler
Fri Sep 29  5:06:00 2023,AbstractConfigurableDescription.java,Patrick Ziegler
Fri Sep 29  5:06:00 2023,FromListDescriptionVersionsProvider.java,Patrick Ziegler
Fri Sep 29  5:06:00 2023,MethodOrderMethodsRule.java,Patrick Ziegler
Fri Sep 29  5:06:00 2023,MethodPropertyRule.java,Patrick Ziegler
Fri Sep 29  5:06:00 2023,GenerationSettings.java,Patrick Ziegler
Fri Sep 29  5:06:00 2023,AbstractInsideStatementGenerator.java,Patrick Ziegler
Fri Sep 29  5:06:00 2023,FlowContainerConfigurable.java,Patrick Ziegler
Fri Sep 29  5:06:00 2023,FlowContainerFactory.java,Patrick Ziegler
Fri Sep 29  5:06:00 2023,SimpleContainerFactory.java,Patrick Ziegler
Fri Sep 29  5:06:00 2023,FlowContainerGroupInfo.java,Patrick Ziegler
Fri Sep 29  5:06:00 2023,ItemCollectorObjectInfo.java,Patrick Ziegler
Fri Sep 29  5:06:00 2023,NonVisualBeanRootProcessor.java,Patrick Ziegler
Fri Sep 29  5:06:00 2023,MethodOrder.java,Patrick Ziegler
Fri Sep 29  5:06:00 2023,MethodOrderChildren.java,Patrick Ziegler
Fri Sep 29  5:06:00 2023,GenericPropertyImpl.java,Patrick Ziegler
Fri Sep 29  5:06:00 2023,FieldAccessor.java,Patrick Ziegler
Fri Sep 29  5:06:00 2023,StringsAddPropertyEditor.java,Patrick Ziegler
Fri Sep 29  5:06:00 2023,ConstantSelectionPropertyEditor.java,Patrick Ziegler
Fri Sep 29  5:06:00 2023,StaticFieldPropertyEditor.java,Patrick Ziegler
Fri Sep 29  5:06:00 2023,AbstractStylePropertyEditor.java,Patrick Ziegler
Fri Sep 29  5:06:00 2023,EventsPropertyEditor.java,Patrick Ziegler
Fri Sep 29  5:06:00 2023,ListenerInfo.java,Patrick Ziegler
Fri Sep 29  5:06:00 2023,ListenerMethodProperty.java,Patrick Ziegler
Fri Sep 29  5:06:00 2023,ComponentClassPropertyEditor.java,Patrick Ziegler
Fri Sep 29  5:06:00 2023,TabOrderInfo.java,Patrick Ziegler
Fri Sep 29  5:06:00 2023,GlobalStateJava.java,Patrick Ziegler
Fri Sep 29  5:06:00 2023,ImportantPropertiesDialog.java,Patrick Ziegler
Fri Sep 29  5:06:00 2023,PlaceholderUtils.java,Patrick Ziegler
Fri Sep 29  5:06:00 2023,TemplateUtils.java,Patrick Ziegler
Fri Sep 29  5:06:00 2023,FactoryApplyAction.java,Patrick Ziegler
Fri Sep 29  5:06:00 2023,FactoryCreateAction.java,Patrick Ziegler
Fri Sep 29  5:06:00 2023,SurroundSupport.java,Patrick Ziegler
Fri Sep 29  5:06:00 2023,AbstractNamedVariableSupport.java,Patrick Ziegler
Fri Sep 29  5:06:00 2023,AbstractSimpleVariableSupport.java,Patrick Ziegler
Fri Sep 29  5:06:00 2023,FieldInitializerVariableSupport.java,Patrick Ziegler
Fri Sep 29  5:06:00 2023,LazyVariableSupport.java,Patrick Ziegler
Fri Sep 29  5:06:00 2023,LazyVariableSupportUtils.java,Patrick Ziegler
Fri Sep 29  5:06:00 2023,LocalVariableSupport.java,Patrick Ziegler
Fri Sep 29  5:06:00 2023,NamesManager.java,Patrick Ziegler
Fri Sep 29  5:06:00 2023,NlsSupport.java,Patrick Ziegler
Fri Sep 29  5:06:00 2023,AbstractBundleSource.java,Patrick Ziegler
Fri Sep 29  5:06:00 2023,ModernEclipseSource.java,Patrick Ziegler
Fri Sep 29  5:06:00 2023,EclipseSource.java,Patrick Ziegler
Fri Sep 29  5:06:00 2023,ActivatorSource.java,Patrick Ziegler
Fri Sep 29  5:06:00 2023,DirectSource.java,Patrick Ziegler
Fri Sep 29  5:06:00 2023,FieldSource.java,Patrick Ziegler
Fri Sep 29  5:06:00 2023,EditableSource.java,Patrick Ziegler
Fri Sep 29  5:06:00 2023,EditableSupport.java,Patrick Ziegler
Fri Sep 29  5:06:00 2023,FlagImagesRepository.java,Patrick Ziegler
Fri Sep 29  5:06:00 2023,NlsDialog.java,Patrick Ziegler
Fri Sep 29  5:06:00 2023,PropertiesComposite.java,Patrick Ziegler
Fri Sep 29  5:06:00 2023,SourceComposite.java,Patrick Ziegler
Fri Sep 29  5:06:00 2023,JavaInfoParser.java,Patrick Ziegler
Fri Sep 29  5:06:00 2023,JavaInfoResolver.java,Patrick Ziegler
Fri Sep 29  5:06:00 2023,AstEditor.java,Patrick Ziegler
Fri Sep 29  5:06:00 2023,AstNodeUtils.java,Patrick Ziegler
Fri Sep 29  5:06:00 2023,AstParser.java,Patrick Ziegler
Fri Sep 29  5:06:00 2023,DomGenerics.java,Patrick Ziegler
Fri Sep 29  5:06:00 2023,ListGatherer.java,Patrick Ziegler
Fri Sep 29  5:06:00 2023,CodeUtils.java,Patrick Ziegler
Fri Sep 29  5:06:00 2023,ProjectUtils.java,Patrick Ziegler
Fri Sep 29  5:06:00 2023,PackageSelectionDialogField.java,Patrick Ziegler
Fri Sep 29  5:06:00 2023,ProjectClassLoader.java,Patrick Ziegler
Fri Sep 29  5:06:00 2023,EditorState.java,Patrick Ziegler
Fri Sep 29  5:06:00 2023,ClasspathImageRoot.java,Patrick Ziegler
Fri Sep 29  5:06:00 2023,JarPackageImageContainer.java,Patrick Ziegler
Fri Sep 29  5:06:00 2023,SrcImageContainer.java,Patrick Ziegler
Fri Sep 29  5:06:00 2023,SrcPackageImageContainer.java,Patrick Ziegler
Fri Sep 29  5:06:00 2023,NewProjectPalettePage.java,Patrick Ziegler
Fri Sep 29  5:06:00 2023,AbstractXmlEditor.java,Patrick Ziegler
Fri Sep 29  5:06:00 2023,DesignContextMenuProvider.java,Patrick Ziegler
Fri Sep 29  5:06:00 2023,UndoManager.java,Patrick Ziegler
Fri Sep 29  5:06:00 2023,CopyAction.java,Patrick Ziegler
Fri Sep 29  5:06:00 2023,DesignerPalette.java,Patrick Ziegler
Fri Sep 29  5:06:00 2023,PaletteManager.java,Patrick Ziegler
Fri Sep 29  5:06:00 2023,PaletteManagerDialog.java,Patrick Ziegler
Fri Sep 29  5:06:00 2023,CategoryInfo.java,Patrick Ziegler
Fri Sep 29  5:06:00 2023,ComponentEntryInfo.java,Patrick Ziegler
Fri Sep 29  5:06:00 2023,PaletteInfo.java,Patrick Ziegler
Fri Sep 29  5:06:00 2023,TopSelectionEditPolicy.java,Patrick Ziegler
Fri Sep 29  5:06:00 2023,EditorContext.java,Patrick Ziegler
Fri Sep 29  5:06:00 2023,XmlObjectInfo.java,Patrick Ziegler
Fri Sep 29  5:06:00 2023,XmlObjectMemento.java,Patrick Ziegler
Fri Sep 29  5:06:00 2023,ComponentDescription.java,Patrick Ziegler
Fri Sep 29  5:06:00 2023,ComponentPresentationHelper.java,Patrick Ziegler
Fri Sep 29  5:06:00 2023,CreationDescription.java,Patrick Ziegler
Fri Sep 29  5:06:00 2023,AbstractConfigurableDescription.java,Patrick Ziegler
Fri Sep 29  5:06:00 2023,FlowContainerConfigurable.java,Patrick Ziegler
Fri Sep 29  5:06:00 2023,FlowContainerFactory.java,Patrick Ziegler
Fri Sep 29  5:06:00 2023,SimpleContainerFactory.java,Patrick Ziegler
Fri Sep 29  5:06:00 2023,GenericPropertyImpl.java,Patrick Ziegler
Fri Sep 29  5:06:00 2023,StaticFieldPropertyEditor.java,Patrick Ziegler
Fri Sep 29  5:06:00 2023,EventsPropertyEditor.java,Patrick Ziegler
Fri Sep 29  5:06:00 2023,CopyPropertyTopAbstractSupport.java,Patrick Ziegler
Fri Sep 29  5:06:00 2023,GlobalStateXml.java,Patrick Ziegler
Fri Sep 29  5:06:00 2023,Figure.java,Patrick Ziegler
Fri Sep 29  5:06:00 2023,JustifyLabel.java,Patrick Ziegler
Fri Sep 29  5:06:00 2023,RootFigure.java,Patrick Ziegler
Fri Sep 29  5:06:00 2023,ScrollModel.java,Patrick Ziegler
Fri Sep 29  5:06:00 2023,EditPart.java,Patrick Ziegler
Fri Sep 29  5:06:00 2023,GroupRequest.java,Patrick Ziegler
Fri Sep 29  5:06:00 2023,PasteRequest.java,Patrick Ziegler
Fri Sep 29  5:06:00 2023,DragEditPartTracker.java,Patrick Ziegler
Fri Sep 29  5:06:00 2023,PasteTool.java,Patrick Ziegler
Fri Sep 29  5:06:00 2023,ToolUtilities.java,Patrick Ziegler
Fri Sep 29  5:06:00 2023,CompoundSelectionEditPolicy.java,Patrick Ziegler
Fri Sep 29  5:06:00 2023,MarqueeSelectionTool.java,Patrick Ziegler
Fri Sep 29  5:06:00 2023,ResizeTracker.java,Patrick Ziegler
Fri Sep 29  5:06:00 2023,LayoutEditPolicy.java,Patrick Ziegler
Fri Sep 29  5:06:00 2023,AbstractEditPartViewer.java,Patrick Ziegler
Fri Sep 29  5:06:00 2023,CompoundCommand.java,Patrick Ziegler
Fri Sep 29  5:06:00 2023,MultiSelectionContextMenuProvider.java,Patrick Ziegler
Fri Sep 29  5:06:00 2023,TreeViewer.java,Patrick Ziegler
Fri Sep 29  5:06:00 2023,TreeDropListener.java,Patrick Ziegler
Fri Sep 29  5:06:00 2023,CComboBox.java,Patrick Ziegler
Fri Sep 29  5:06:00 2023,FieldLayoutPreferencePage.java,Patrick Ziegler
Fri Sep 29  5:06:00 2023,PaletteTest.java,Patrick Ziegler
Fri Sep 29  5:06:00 2023,AbstractAssistantPage.java,Patrick Ziegler
Fri Sep 29  5:06:00 2023,AbstractFlowLayoutEditPolicy.java,Patrick Ziegler
Fri Sep 29  5:06:00 2023,AbstractColumnSelectionEditPolicy.java,Patrick Ziegler
Fri Sep 29  5:06:00 2023,AbstractGridSelectionEditPolicy.java,Patrick Ziegler
Fri Sep 29  5:06:00 2023,AbstractPositionLayoutEditPolicy.java,Patrick Ziegler
Fri Sep 29  5:06:00 2023,MoveSelectionEditPolicy.java,Patrick Ziegler
Fri Sep 29  5:06:00 2023,NonResizableSelectionEditPolicy.java,Patrick Ziegler
Fri Sep 29  5:06:00 2023,ObjectEditPart.java,Patrick Ziegler
Fri Sep 29  5:06:00 2023,ObjectLayoutEditPolicy.java,Patrick Ziegler
Fri Sep 29  5:06:00 2023,ObjectInfo.java,Patrick Ziegler
Fri Sep 29  5:06:00 2023,BroadcastSupport.java,Patrick Ziegler
Fri Sep 29  5:06:00 2023,DesignToolbarHelper.java,Patrick Ziegler
Fri Sep 29  5:06:00 2023,DeleteAction.java,Patrick Ziegler
Fri Sep 29  5:06:00 2023,SelectSupport.java,Patrick Ziegler
Fri Sep 29  5:06:00 2023,LayoutAssistantAction.java,Patrick Ziegler
Fri Sep 29  5:06:00 2023,LayoutAssistantWindow.java,Patrick Ziegler
Fri Sep 29  5:06:00 2023,JavaSourceUiDescriber.java,Patrick Ziegler
Fri Sep 29  5:06:00 2023,EclipseLogEntryFileReportInfo.java,Patrick Ziegler
Fri Sep 29  5:06:00 2023,PreferencesFileReportEntry.java,Patrick Ziegler
Fri Sep 29  5:06:00 2023,ZipFileErrorReport.java,Patrick Ziegler
Fri Sep 29  5:06:00 2023,ComponentsTreePage.java,Patrick Ziegler
Fri Sep 29  5:06:00 2023,PropertyListIntersector.java,Patrick Ziegler
Fri Sep 29  5:06:00 2023,MenuEditPart.java,Patrick Ziegler
Fri Sep 29  5:06:00 2023,AbsoluteBasedLayoutEditPolicy.java,Patrick Ziegler
Fri Sep 29  5:06:00 2023,AbsoluteBasedSelectionEditPolicy.java,Patrick Ziegler
Fri Sep 29  5:06:00 2023,AbsoluteComplexSelectionEditPolicy.java,Patrick Ziegler
Fri Sep 29  5:06:00 2023,AbstractAlignmentActionsSupport.java,Patrick Ziegler
Fri Sep 29  5:06:00 2023,PlacementInfo.java,Patrick Ziegler
Fri Sep 29  5:06:00 2023,PlacementsSupport.java,Patrick Ziegler
Fri Sep 29  5:06:00 2023,SnapPoints.java,Patrick Ziegler
Fri Sep 29  5:06:00 2023,DefaultObjectPresentation.java,Patrick Ziegler
Fri Sep 29  5:06:00 2023,CompoundPropertyEditorPresentation.java,Patrick Ziegler
Fri Sep 29  5:06:00 2023,PropertyTable.java,Patrick Ziegler
Fri Sep 29  5:06:00 2023,PropertyUtils.java,Patrick Ziegler
Fri Sep 29  5:06:00 2023,AbstractGridConverter.java,Patrick Ziegler
Fri Sep 29  5:06:00 2023,GridConvertionHelper.java,Patrick Ziegler
Fri Sep 29  5:06:00 2023,GenericTypeResolver.java,Patrick Ziegler
Fri Sep 29  5:06:00 2023,GenericsUtils.java,Patrick Ziegler
Fri Sep 29  5:06:00 2023,ExternalFactoriesHelper.java,Patrick Ziegler
Fri Sep 29  5:06:00 2023,EditPartsContentProvider.java,Patrick Ziegler
Fri Sep 29  5:06:00 2023,EditPartsSelectionProvider.java,Patrick Ziegler
Fri Sep 29  5:06:00 2023,CompositeClassLoader.java,Patrick Ziegler
Fri Sep 29  5:06:00 2023,IntrospectionHelper.java,Patrick Ziegler
Fri Sep 29  5:06:00 2023,ReflectionUtils.java,Patrick Ziegler
Fri Sep 29  5:06:00 2023,AbstractBindingComposite.java,Patrick Ziegler
Fri Sep 29  5:06:00 2023,ImageDisposer.java,Patrick Ziegler
Fri Sep 29  5:06:00 2023,MenuIntersector.java,Patrick Ziegler
Fri Sep 29  5:06:00 2023,UiUtils.java,Patrick Ziegler
Fri Sep 29  5:06:00 2023,StringsDialog.java,Patrick Ziegler
Fri Sep 29  5:06:00 2023,AbstractColorsGridComposite.java,Patrick Ziegler
Fri Sep 29  5:06:00 2023,DocumentElement.java,Patrick Ziegler
Fri Sep 29  5:06:00 2023,Model.java,Patrick Ziegler
Fri Sep 29  5:06:00 2023,FeedbacksDrawer.java,Patrick Ziegler
Fri Sep 29  5:06:00 2023,GroupSelectionEditPolicy2.java,Patrick Ziegler
Fri Sep 29  5:06:00 2023,GroupLayoutCodeSupport.java,Patrick Ziegler
Fri Sep 29  5:06:00 2023,GroupLayoutUtils.java,Patrick Ziegler
Fri Sep 29  5:06:00 2023,GroupLayoutAlignmentPage.java,Patrick Ziegler
Fri Sep 29  5:06:00 2023,EmfObserveTypeContainer.java,Patrick Ziegler
Fri Sep 29  5:06:00 2023,GlobalObservableFactory.java,Patrick Ziegler
Fri Sep 29  5:06:00 2023,EObjectBindableInfo.java,Patrick Ziegler
Fri Sep 29  5:06:00 2023,EPropertyBindableInfo.java,Patrick Ziegler
Fri Sep 29  5:06:00 2023,HierarchySupport.java,Patrick Ziegler
Fri Sep 29  5:06:00 2023,PropertiesSupport.java,Patrick Ziegler
Fri Sep 29  5:06:00 2023,DetailEmfObservableInfo.java,Patrick Ziegler
Fri Sep 29  5:06:00 2023,MapsEmfObservableInfo.java,Patrick Ziegler
Fri Sep 29  5:06:00 2023,DatabindingsProvider.java,Patrick Ziegler
Fri Sep 29  5:06:00 2023,ConverterInfo.java,Patrick Ziegler
Fri Sep 29  5:06:00 2023,ElementDocumentEditor.java,Patrick Ziegler
Fri Sep 29  5:06:00 2023,ValidationInfo.java,Patrick Ziegler
Fri Sep 29  5:06:00 2023,BeansObserveTypeContainer.java,Patrick Ziegler
Fri Sep 29  5:06:00 2023,WidgetBindableInfo.java,Patrick Ziegler
Fri Sep 29  5:06:00 2023,WidgetsObserveTypeContainer.java,Patrick Ziegler
Fri Sep 29  5:06:00 2023,DatabindingParser.java,Patrick Ziegler
Fri Sep 29  5:06:00 2023,ValidationUiContentProvider.java,Patrick Ziegler
Fri Sep 29  5:06:00 2023,DatabindingsProvider.java,Patrick Ziegler
Fri Sep 29  5:06:00 2023,BindableInfo.java,Patrick Ziegler
Fri Sep 29  5:06:00 2023,ControllerSupport.java,Patrick Ziegler
Fri Sep 29  5:06:00 2023,DataBindingsCodeUtils.java,Patrick Ziegler
Fri Sep 29  5:06:00 2023,DataBindingsRootInfo.java,Patrick Ziegler
Fri Sep 29  5:06:00 2023,BeansObserveTypeContainer.java,Patrick Ziegler
Fri Sep 29  5:06:00 2023,BeanSupport.java,Patrick Ziegler
Fri Sep 29  5:06:00 2023,FieldBeanBindableInfo.java,Patrick Ziegler
Fri Sep 29  5:06:00 2023,DataBindingContextInfo.java,Patrick Ziegler
Fri Sep 29  5:06:00 2023,StrategyModelSupport.java,Patrick Ziegler
Fri Sep 29  5:06:00 2023,WidgetsObserveTypeContainer.java,Patrick Ziegler
Fri Sep 29  5:06:00 2023,PropertiesSupport.java,Patrick Ziegler
Fri Sep 29  5:06:00 2023,SwtProperties.java,Patrick Ziegler
Fri Sep 29  5:06:00 2023,WidgetBindableInfo.java,Patrick Ziegler
Fri Sep 29  5:06:00 2023,AbstractViewerInputBindingInfo.java,Patrick Ziegler
Fri Sep 29  5:06:00 2023,VirtualEditingSupportInfo.java,Patrick Ziegler
Fri Sep 29  5:06:00 2023,TextSwtObservableInfo.java,Patrick Ziegler
Fri Sep 29  5:06:00 2023,ChooseClassAndPropertiesUiContentProvider.java,Patrick Ziegler
Fri Sep 29  5:06:00 2023,ChooseClassAndTreePropertiesUiContentProvider.java,Patrick Ziegler
Fri Sep 29  5:06:00 2023,InputElementUiContentProvider.java,Patrick Ziegler
Fri Sep 29  5:06:00 2023,TreeContentLabelProvidersUiContentProvider.java,Patrick Ziegler
Fri Sep 29  5:06:00 2023,TreeInputElementUiContentProvider.java,Patrick Ziegler
Fri Sep 29  5:06:00 2023,UpdateStrategyPropertiesUiContentProvider.java,Patrick Ziegler
Fri Sep 29  5:06:00 2023,ViewerColumnsConfiguration.java,Patrick Ziegler
Fri Sep 29  5:06:00 2023,ViewerColumnsUiContentProvider.java,Patrick Ziegler
Fri Sep 29  5:06:00 2023,SwtDatabindingProvider.java,Patrick Ziegler
Fri Sep 29  5:06:00 2023,RcpToolkitDescription.java,Patrick Ziegler
Fri Sep 29  5:06:00 2023,LayoutEditPolicyFactory.java,Patrick Ziegler
Fri Sep 29  5:06:00 2023,ColumnLayoutSelectionEditPolicy.java,Patrick Ziegler
Fri Sep 29  5:06:00 2023,TableWrapSelectionEditPolicy.java,Patrick Ziegler
Fri Sep 29  5:06:00 2023,DimensionHeaderAction.java,Patrick Ziegler
Fri Sep 29  5:06:00 2023,DimensionSelectionEditPolicy.java,Patrick Ziegler
Fri Sep 29  5:06:00 2023,StackLayoutSelectionEditPolicy.java,Patrick Ziegler
Fri Sep 29  5:06:00 2023,AbstractPartSelectionEditPolicy.java,Patrick Ziegler
Fri Sep 29  5:06:00 2023,SashFormSelectionEditPolicy.java,Patrick Ziegler
Fri Sep 29  5:06:00 2023,TreeTreeColumnSelectionEditPolicy.java,Patrick Ziegler
Fri Sep 29  5:06:00 2023,ColumnLayoutSelectionActionsSupport.java,Patrick Ziegler
Fri Sep 29  5:06:00 2023,TableWrapDimensionInfo.java,Patrick Ziegler
Fri Sep 29  5:06:00 2023,TableWrapLayoutConverter.java,Patrick Ziegler
Fri Sep 29  5:06:00 2023,TableWrapLayoutInfo.java,Patrick Ziegler
Fri Sep 29  5:06:00 2023,SelectionActionsSupport.java,Patrick Ziegler
Fri Sep 29  5:06:00 2023,DialogButtonIdPropertyEditor.java,Patrick Ziegler
Fri Sep 29  5:06:00 2023,FieldEditorInfo.java,Patrick Ziegler
Fri Sep 29  5:06:00 2023,FieldEditorLabelsConstantsPropertyEditor.java,Patrick Ziegler
Fri Sep 29  5:06:00 2023,ContributionManagerInfo.java,Patrick Ziegler
Fri Sep 29  5:06:00 2023,MenuManagerInfo.java,Patrick Ziegler
Fri Sep 29  5:06:00 2023,CursorPropertyEditor.java,Patrick Ziegler
Fri Sep 29  5:06:00 2023,CategoriesAndViewsDialog.java,Patrick Ziegler
Fri Sep 29  5:06:00 2023,PdeUtils.java,Patrick Ziegler
Fri Sep 29  5:06:00 2023,WorkbenchWindowAdvisorPropertiesProvider.java,Patrick Ziegler
Fri Sep 29  5:06:00 2023,ParseFactory.java,Patrick Ziegler
Fri Sep 29  5:06:00 2023,ToolkitSupportImpl.java,Patrick Ziegler
Fri Sep 29  5:06:00 2023,FormSelectionEditPolicy.java,Patrick Ziegler
Fri Sep 29  5:06:00 2023,DimensionHeaderAction.java,Patrick Ziegler
Fri Sep 29  5:06:00 2023,DimensionSelectionEditPolicy.java,Patrick Ziegler
Fri Sep 29  5:06:00 2023,DimensionsProperty.java,Patrick Ziegler
Fri Sep 29  5:06:00 2023,FormDimensionInfo.java,Patrick Ziegler
Fri Sep 29  5:06:00 2023,FormDimensionUtils.java,Patrick Ziegler
Fri Sep 29  5:06:00 2023,FormLayoutInfo.java,Patrick Ziegler
Fri Sep 29  5:06:00 2023,FormLayoutSurroundProcessor.java,Patrick Ziegler
Fri Sep 29  5:06:00 2023,SelectionActionsSupport.java,Patrick Ziegler
Fri Sep 29  5:06:00 2023,ColumnsDialog.java,Patrick Ziegler
Fri Sep 29  5:06:00 2023,RowsDialog.java,Patrick Ziegler
Fri Sep 29  5:06:00 2023,MigSelectionEditPolicy.java,Patrick Ziegler
Fri Sep 29  5:06:00 2023,DimensionHeaderAction.java,Patrick Ziegler
Fri Sep 29  5:06:00 2023,DimensionSelectionEditPolicy.java,Patrick Ziegler
Fri Sep 29  5:06:00 2023,DimensionsProperty.java,Patrick Ziegler
Fri Sep 29  5:06:00 2023,MigLayoutInfo.java,Patrick Ziegler
Fri Sep 29  5:06:00 2023,MigLayoutSurroundProcessor.java,Patrick Ziegler
Fri Sep 29  5:06:00 2023,SelectionActionsSupport.java,Patrick Ziegler
Fri Sep 29  5:06:00 2023,ColumnEditDialog.java,Patrick Ziegler
Fri Sep 29  5:06:00 2023,DimensionEditDialog.java,Patrick Ziegler
Fri Sep 29  5:06:00 2023,RowEditDialog.java,Patrick Ziegler
Fri Sep 29  5:06:00 2023,DatabindingsProvider.java,Patrick Ziegler
Fri Sep 29  5:06:00 2023,DataBindingsRootInfo.java,Patrick Ziegler
Fri Sep 29  5:06:00 2023,ObserveInfo.java,Patrick Ziegler
Fri Sep 29  5:06:00 2023,BeanSupport.java,Patrick Ziegler
Fri Sep 29  5:06:00 2023,BeansObserveTypeContainer.java,Patrick Ziegler
Fri Sep 29  5:06:00 2023,ColumnBindingModelSupport.java,Patrick Ziegler
Fri Sep 29  5:06:00 2023,JTableBindingInfo.java,Patrick Ziegler
Fri Sep 29  5:06:00 2023,VirtualParser.java,Patrick Ziegler
Fri Sep 29  5:06:00 2023,ComponentObserveInfo.java,Patrick Ziegler
Fri Sep 29  5:06:00 2023,ComponentsObserveTypeContainer.java,Patrick Ziegler
Fri Sep 29  5:06:00 2023,GenericTypeContainer.java,Patrick Ziegler
Fri Sep 29  5:06:00 2023,ChooseClassAndPropertiesUiContentProvider.java,Patrick Ziegler
Fri Sep 29  5:06:00 2023,ColumnBindingUiContentProvider.java,Patrick Ziegler
Fri Sep 29  5:06:00 2023,JListDetailContainerUiContentProvider.java,Patrick Ziegler
Fri Sep 29  5:06:00 2023,JTableColumnContainerUiContentProvider.java,Patrick Ziegler
Fri Sep 29  5:06:00 2023,SwingDatabindingProvider.java,Patrick Ziegler
Fri Sep 29  5:06:00 2023,GroupInfo.java,Patrick Ziegler
Fri Sep 29  5:06:00 2023,SwingToolkitDescription.java,Patrick Ziegler
Fri Sep 29  5:06:00 2023,JTabbedPaneEditPart.java,Patrick Ziegler
Fri Sep 29  5:06:00 2023,GlueSelectionEditPolicy.java,Patrick Ziegler
Fri Sep 29  5:06:00 2023,StrutSelectionEditPolicy.java,Patrick Ziegler
Fri Sep 29  5:06:00 2023,StrutSelectionHorizontalEditPolicy.java,Patrick Ziegler
Fri Sep 29  5:06:00 2023,StrutSelectionRigidEditPolicy.java,Patrick Ziegler
Fri Sep 29  5:06:00 2023,StrutSelectionVerticalEditPolicy.java,Patrick Ziegler
Fri Sep 29  5:06:00 2023,AbsoluteBasedLayoutEditPolicySwing.java,Patrick Ziegler
Fri Sep 29  5:06:00 2023,AbsoluteLayoutEditPolicy.java,Patrick Ziegler
Fri Sep 29  5:06:00 2023,CardLayoutSelectionEditPolicy.java,Patrick Ziegler
Fri Sep 29  5:06:00 2023,GridBagSelectionEditPolicy.java,Patrick Ziegler
Fri Sep 29  5:06:00 2023,DimensionHeaderAction.java,Patrick Ziegler
Fri Sep 29  5:06:00 2023,DimensionSelectionEditPolicy.java,Patrick Ziegler
Fri Sep 29  5:06:00 2023,LafSupport.java,Patrick Ziegler
Fri Sep 29  5:06:00 2023,LafUtils.java,Patrick Ziegler
Fri Sep 29  5:06:00 2023,CategoryInfo.java,Patrick Ziegler
Fri Sep 29  5:06:00 2023,AbstractCustomLookAndFeelDialog.java,Patrick Ziegler
Fri Sep 29  5:06:00 2023,AbstractActionInfo.java,Patrick Ziegler
Fri Sep 29  5:06:00 2023,ActionAbstractCreationSupport.java,Patrick Ziegler
Fri Sep 29  5:06:00 2023,ActionInnerCreationSupport.java,Patrick Ziegler
Fri Sep 29  5:06:00 2023,ButtonGroupInfo.java,Patrick Ziegler
Fri Sep 29  5:06:00 2023,JLayeredPaneInfo.java,Patrick Ziegler
Fri Sep 29  5:06:00 2023,JTabbedPaneInfo.java,Patrick Ziegler
Fri Sep 29  5:06:00 2023,JMenuBarInfo.java,Patrick Ziegler
Fri Sep 29  5:06:00 2023,JMenuInfo.java,Patrick Ziegler
Fri Sep 29  5:06:00 2023,JMenuPolicyImpl.java,Patrick Ziegler
Fri Sep 29  5:06:00 2023,JPopupMenuAssociation.java,Patrick Ziegler
Fri Sep 29  5:06:00 2023,MenuUtils.java,Patrick Ziegler
Fri Sep 29  5:06:00 2023,GridLayoutConverter.java,Patrick Ziegler
Fri Sep 29  5:06:00 2023,LayoutInfo.java,Patrick Ziegler
Fri Sep 29  5:06:00 2023,GridBagLayoutConverter.java,Patrick Ziegler
Fri Sep 29  5:06:00 2023,SelectionActionsSupport.java,Patrick Ziegler
Fri Sep 29  5:06:00 2023,ColumnEditDialog.java,Patrick Ziegler
Fri Sep 29  5:06:00 2023,DimensionEditDialog.java,Patrick Ziegler
Fri Sep 29  5:06:00 2023,RowEditDialog.java,Patrick Ziegler
Fri Sep 29  5:06:00 2023,SpringAttachmentInfo.java,Patrick Ziegler
Fri Sep 29  5:06:00 2023,TabOrderProperty.java,Patrick Ziegler
Fri Sep 29  5:06:00 2023,DisplayedMnemonicKeyPropertyEditor.java,Patrick Ziegler
Fri Sep 29  5:06:00 2023,KeyStrokePropertyEditor.java,Patrick Ziegler
Fri Sep 29  5:06:00 2023,BorderDialog.java,Patrick Ziegler
Fri Sep 29  5:06:00 2023,SwingBorderComposite.java,Patrick Ziegler
Fri Sep 29  5:06:00 2023,AwtColors.java,Patrick Ziegler
Fri Sep 29  5:06:00 2023,CursorPropertyEditor.java,Patrick Ziegler
Fri Sep 29  5:06:00 2023,FontDialog.java,Patrick Ziegler
Fri Sep 29  5:06:00 2023,UiManagerFontPage.java,Patrick Ziegler
Fri Sep 29  5:06:00 2023,ComboBoxModelDialog.java,Patrick Ziegler
Fri Sep 29  5:06:00 2023,ComboBoxModelPropertyEditor.java,Patrick Ziegler
Fri Sep 29  5:06:00 2023,ListModelPropertyEditor.java,Patrick Ziegler
Fri Sep 29  5:06:00 2023,SpinnerModelDialog.java,Patrick Ziegler
Fri Sep 29  5:06:00 2023,TableColumnDescription.java,Patrick Ziegler
Fri Sep 29  5:06:00 2023,TableModelDescription.java,Patrick Ziegler
Fri Sep 29  5:06:00 2023,TreeModelDialog.java,Patrick Ziegler
Fri Sep 29  5:06:00 2023,TreeModelPropertyEditor.java,Patrick Ziegler
Fri Sep 29  5:06:00 2023,ParseFactory.java,Patrick Ziegler
Fri Sep 29  5:06:00 2023,LafPreferencePage.java,Patrick Ziegler
Fri Sep 29  5:06:00 2023,SwingImageUtils.java,Patrick Ziegler
Fri Sep 29  5:06:00 2023,AwtDialogListener.java,Patrick Ziegler
Fri Sep 29  5:06:00 2023,AwtFocusHandler.java,Patrick Ziegler
Fri Sep 29  5:06:00 2023,LayoutEditPolicyFactory.java,Patrick Ziegler
Fri Sep 29  5:06:00 2023,TableTableColumnSelectionEditPolicy.java,Patrick Ziegler
Fri Sep 29  5:06:00 2023,AbsoluteBasedLayoutEditPolicySWT.java,Patrick Ziegler
Fri Sep 29  5:06:00 2023,AbsoluteLayoutEditPolicy.java,Patrick Ziegler
Fri Sep 29  5:06:00 2023,RowLayoutSelectionEditPolicy.java,Patrick Ziegler
Fri Sep 29  5:06:00 2023,AnchorFiguresClassic.java,Patrick Ziegler
Fri Sep 29  5:06:00 2023,FormHeaderSelectionEditPolicy.java,Patrick Ziegler
Fri Sep 29  5:06:00 2023,FormLayoutEditPolicy2.java,Patrick Ziegler
Fri Sep 29  5:06:00 2023,FormLayoutEditPolicyClassic.java,Patrick Ziegler
Fri Sep 29  5:06:00 2023,FormLayoutSnapPointsProvider.java,Patrick Ziegler
Fri Sep 29  5:06:00 2023,FormSelectionEditPolicy2.java,Patrick Ziegler
Fri Sep 29  5:06:00 2023,FormSelectionEditPolicyClassic.java,Patrick Ziegler
Fri Sep 29  5:06:00 2023,GridSelectionEditPolicy.java,Patrick Ziegler
Fri Sep 29  5:06:00 2023,DimensionHeaderAction.java,Patrick Ziegler
Fri Sep 29  5:06:00 2023,DimensionSelectionEditPolicy.java,Patrick Ziegler
Fri Sep 29  5:06:00 2023,LayoutEditPolicyFactory.java,Patrick Ziegler
Fri Sep 29  5:06:00 2023,ResourceRegistryInfo.java,Patrick Ziegler
Fri Sep 29  5:06:00 2023,LayoutDataInfo.java,Patrick Ziegler
Fri Sep 29  5:06:00 2023,LayoutInfo.java,Patrick Ziegler
Fri Sep 29  5:06:00 2023,ControlSelectionPropertyEditor.java,Patrick Ziegler
Fri Sep 29  5:06:00 2023,FormDataInfo.java,Patrick Ziegler
Fri Sep 29  5:06:00 2023,FormLayoutInfoImplAutomatic.java,Patrick Ziegler
Fri Sep 29  5:06:00 2023,FormLayoutInfoImplClassic.java,Patrick Ziegler
Fri Sep 29  5:06:00 2023,LayoutAssistantPage.java,Patrick Ziegler
Fri Sep 29  5:06:00 2023,GridDimensionInfo.java,Patrick Ziegler
Fri Sep 29  5:06:00 2023,GridLayoutConverter.java,Patrick Ziegler
Fri Sep 29  5:06:00 2023,GridLayoutInfo.java,Patrick Ziegler
Fri Sep 29  5:06:00 2023,SelectionActionsSupport.java,Patrick Ziegler
Fri Sep 29  5:06:00 2023,TabOrderProperty.java,Patrick Ziegler
Fri Sep 29  5:06:00 2023,AcceleratorPropertyEditor.java,Patrick Ziegler
Fri Sep 29  5:06:00 2023,ColorPropertyEditor.java,Patrick Ziegler
Fri Sep 29  5:06:00 2023,SwtColors.java,Patrick Ziegler
Fri Sep 29  5:06:00 2023,FontDialog.java,Patrick Ziegler
Fri Sep 29  5:06:00 2023,BundleImageContainer.java,Patrick Ziegler
Fri Sep 29  5:06:00 2023,FileImageContainer.java,Patrick Ziegler
Fri Sep 29  5:06:00 2023,PluginBundleContainer.java,Patrick Ziegler
Fri Sep 29  5:06:00 2023,ProjectImageContainer.java,Patrick Ziegler
Fri Sep 29  5:06:00 2023,WidgetInfo.java,Patrick Ziegler
Fri Sep 29  5:06:00 2023,ItemsHierarchyProvider.java,Patrick Ziegler
Fri Sep 29  5:06:00 2023,MenuInfo.java,Patrick Ziegler
Fri Sep 29  5:06:00 2023,JFaceSupport.java,Patrick Ziegler
Fri Sep 29  5:06:00 2023,TestUtils.java,Patrick Ziegler
Fri Sep 29  5:06:00 2023,AbstractXmlObjectTest.java,Patrick Ziegler
Fri Sep 29  5:06:00 2023,NameSupportTest.java,Patrick Ziegler
Fri Sep 29  5:06:00 2023,LayoutTest.java,Patrick Ziegler
Fri Sep 29  5:06:00 2023,ColorPropertyEditorTest.java,Patrick Ziegler
Fri Sep 29  5:06:00 2023,PdeProjectConversionUtils.java,Patrick Ziegler
Fri Sep 29  5:06:00 2023,TestBundle.java,Patrick Ziegler
Fri Sep 29  5:06:00 2023,TestProject.java,Patrick Ziegler
Fri Sep 29  5:06:00 2023,ExecutionFlowUtilsTest.java,Patrick Ziegler
Fri Sep 29  5:06:00 2023,ObjectInfoTest.java,Patrick Ziegler
Fri Sep 29  5:06:00 2023,StaticFactoryCreationSupportTest.java,Patrick Ziegler
Fri Sep 29  5:06:00 2023,AbstractJavaInfoRelatedTest.java,Patrick Ziegler
Fri Sep 29  5:06:00 2023,TabOrderPropertyTest.java,Patrick Ziegler
Fri Sep 29  5:06:00 2023,JavaInfoUtilsTest.java,Patrick Ziegler
Fri Sep 29  5:06:00 2023,StackContainerSupportTest.java,Patrick Ziegler
Fri Sep 29  5:06:00 2023,AbstractVariableSupportTest.java,Patrick Ziegler
Fri Sep 29  5:06:00 2023,LocalUniqueTest.java,Patrick Ziegler
Fri Sep 29  5:06:00 2023,NamesManagerTest.java,Patrick Ziegler
Fri Sep 29  5:06:00 2023,EditableSupportTest.java,Patrick Ziegler
Fri Sep 29  5:06:00 2023,GenericsUtilsTest.java,Patrick Ziegler
Fri Sep 29  5:06:00 2023,ReflectionUtilsTest.java,Patrick Ziegler
Fri Sep 29  5:06:00 2023,MenuIntersectorTest.java,Patrick Ziegler
Fri Sep 29  5:06:00 2023,CodeGenerationTest.java,Patrick Ziegler
Fri Sep 29  5:06:00 2023,UiConfigurationTest.java,Patrick Ziegler
Fri Sep 29  5:06:00 2023,TableWrapLayoutSelectionActionsTest.java,Patrick Ziegler
Fri Sep 29  5:06:00 2023,ActionTest.java,Patrick Ziegler
Fri Sep 29  5:06:00 2023,DialogTest.java,Patrick Ziegler
Fri Sep 29  5:06:00 2023,FieldEditorLabelsConstantsPropertyEditorTest.java,Patrick Ziegler
Fri Sep 29  5:06:00 2023,FormLayoutAlignmentTest.java,Patrick Ziegler
Fri Sep 29  5:06:00 2023,PageLayoutTest.java,Patrick Ziegler
Fri Sep 29  5:06:00 2023,SurroundSupportTest.java,Patrick Ziegler
Fri Sep 29  5:06:00 2023,ActionTest.java,Patrick Ziegler
Fri Sep 29  5:06:00 2023,AbsoluteLayoutSelectionActionsTest.java,Patrick Ziegler
Fri Sep 29  5:06:00 2023,FormLayoutGroupsTest.java,Patrick Ziegler
Fri Sep 29  5:06:00 2023,FormLayoutSelectionActionsTest.java,Patrick Ziegler
Fri Sep 29  5:06:00 2023,FormLayoutTest.java,Patrick Ziegler
Fri Sep 29  5:06:00 2023,MigLayoutSelectionActionsTest.java,Patrick Ziegler
Fri Sep 29  5:06:00 2023,MigLayoutSurroundSupportTest.java,Patrick Ziegler
Fri Sep 29  5:06:00 2023,GridBagLayoutSelectionActionsTest.java,Patrick Ziegler
Fri Sep 29  5:06:00 2023,SurroundSupportTest.java,Patrick Ziegler
Fri Sep 29  5:06:00 2023,AbsoluteLayoutSelectionActionsTest.java,Patrick Ziegler
Fri Sep 29  5:06:00 2023,DesignerTestCase.java,Patrick Ziegler
Fri Sep 29  5:06:00 2023,FigureTest.java,Patrick Ziegler
Fri Sep 29  5:06:00 2023,EditPartTest.java,Patrick Ziegler
Fri Sep 29  5:06:00 2023,GefCursorTestCase.java,Patrick Ziegler
Fri Sep 29  5:06:00 2023,GraphicalViewerTest.java,Patrick Ziegler
Fri Sep 29  5:06:00 2023,RequestsLogger.java,Patrick Ziegler
Fri Sep 29  5:06:00 2023,RequestsTest.java,Patrick Ziegler
Fri Sep 29  5:06:00 2023,TestLogger.java,Patrick Ziegler
Fri Sep 29  5:06:00 2023,TreeRobot.java,Patrick Ziegler
Fri Sep 29  5:06:00 2023,UiContext.java,Patrick Ziegler
Fri Sep 29  5:06:00 2023,ProjectClassLoaderTest.java,Patrick Ziegler
Fri Sep 29  5:06:00 2023,LayoutEditPolicyFactory.java,Patrick Ziegler
Fri Sep 29  5:06:00 2023,LayoutEditPolicyFactory.java,Patrick Ziegler
Fri Sep 29  5:06:00 2023,TableWrapLayoutInfo.java,Patrick Ziegler
Fri Sep 29  5:06:00 2023,LayoutInfo.java,Patrick Ziegler
Fri Sep 29  5:06:00 2023,ControlSelectionPropertyEditor.java,Patrick Ziegler
Fri Sep 29  5:06:00 2023,FormDataInfo.java,Patrick Ziegler
Fri Sep 29  5:06:00 2023,GridLayoutInfo.java,Patrick Ziegler
Fri Sep 29  5:06:00 2023,FontDialog.java,Patrick Ziegler
Fri Sep 29  5:06:00 2023,StylePropertyEditor.java,Patrick Ziegler
Fri Sep 29  5:06:00 2023,XwtListenerProperties.java,Patrick Ziegler
Fri Sep 29  5:06:00 2023,MenuInfo.java,Patrick Ziegler
Fri Sep 29  5:06:00 2023,ExecutionFlowDescription.java,Patrick Ziegler
Fri Sep 29  5:06:00 2023,ExecutionFlowUtils.java,Patrick Ziegler
Fri Sep 29  5:06:00 2023,JavaInfo.java,Patrick Ziegler
Fri Sep 29  5:06:00 2023,ChildTargetCalculator.java,Patrick Ziegler
Fri Sep 29  5:06:00 2023,JavaInfoEvaluationHelper.java,Patrick Ziegler
Fri Sep 29  5:06:00 2023,ComponentDescriptionHelper.java,Patrick Ziegler
Fri Sep 29  5:06:00 2023,AbstractArrayObjectInfo.java,Patrick Ziegler
Fri Sep 29  5:06:00 2023,CollectorObjectInfo.java,Patrick Ziegler
Fri Sep 29  5:06:00 2023,ItemCollectorObjectInfo.java,Patrick Ziegler
Fri Sep 29  5:06:00 2023,AbstractSimpleVariableSupport.java,Patrick Ziegler
Fri Sep 29  5:06:00 2023,ComponentDescriptionHelper.java,Patrick Ziegler
Fri Sep 29  5:06:00 2023,ObjectInfo.java,Patrick Ziegler
Fri Sep 29  5:06:00 2023,AbstractControlActionsManager.java,Patrick Ziegler
Fri Sep 29  5:06:00 2023,LafSupport.java,Patrick Ziegler
Fri Sep 29  5:06:00 2023,AbstractGridBagLayoutInfo.java,Patrick Ziegler
Fri Sep 29  5:06:00 2023,BorderField.java,Patrick Ziegler
Fri Sep 29  5:06:00 2023,TableModelDescription.java,Patrick Ziegler
Fri Sep 29  5:06:00 2023,FormLayoutEditPolicyClassic.java,Patrick Ziegler
Fri Sep 29  5:06:00 2023,FormSelectionEditPolicyClassic.java,Patrick Ziegler
Fri Sep 29  5:06:00 2023,AstNodeUtilsTest.java,Patrick Ziegler
Fri Sep 29  5:06:00 2023,UiContext.java,Patrick Ziegler
Fri Sep 29  5:06:00 2023,DesignPageActions.java,Patrick Ziegler
Fri Sep 29  5:06:00 2023,PaletteManager.java,Patrick Ziegler
Fri Sep 29  5:06:00 2023,TypeParametersDialog.java,Patrick Ziegler
Fri Sep 29  5:06:00 2023,PropertiesClipboardCommand.java,Patrick Ziegler
Fri Sep 29  5:06:00 2023,AbstractDescription.java,Patrick Ziegler
Fri Sep 29  5:06:00 2023,ComponentDescription.java,Patrick Ziegler
Fri Sep 29  5:06:00 2023,CreationDescription.java,Patrick Ziegler
Fri Sep 29  5:06:00 2023,FactoryMethodDescription.java,Patrick Ziegler
Fri Sep 29  5:06:00 2023,ComponentPresentationHelper.java,Patrick Ziegler
Fri Sep 29  5:06:00 2023,DescriptionHelper.java,Patrick Ziegler
Fri Sep 29  5:06:00 2023,FactoryDescriptionHelper.java,Patrick Ziegler
Fri Sep 29  5:06:00 2023,GenerationSettings.java,Patrick Ziegler
Fri Sep 29  5:06:00 2023,DatePropertyEditor.java,Patrick Ziegler
Fri Sep 29  5:06:00 2023,ExpressionListPropertyEditor.java,Patrick Ziegler
Fri Sep 29  5:06:00 2023,ListenerMethodProperty.java,Patrick Ziegler
Fri Sep 29  5:06:00 2023,NamesManager.java,Patrick Ziegler
Fri Sep 29  5:06:00 2023,NlsSupport.java,Patrick Ziegler
Fri Sep 29  5:06:00 2023,EditableSource.java,Patrick Ziegler
Fri Sep 29  5:06:00 2023,KeyToComponentsSupport.java,Patrick Ziegler
Fri Sep 29  5:06:00 2023,AbstractFieldsSourceNewComposite.java,Patrick Ziegler
Fri Sep 29  5:06:00 2023,AstEditor.java,Patrick Ziegler
Fri Sep 29  5:06:00 2023,AstNodeUtils.java,Patrick Ziegler
Fri Sep 29  5:06:00 2023,AstParser.java,Patrick Ziegler
Fri Sep 29  5:06:00 2023,CodeUtils.java,Patrick Ziegler
Fri Sep 29  5:06:00 2023,AbstractImageDialog.java,Patrick Ziegler
Fri Sep 29  5:06:00 2023,FileImagePage.java,Patrick Ziegler
Fri Sep 29  5:06:00 2023,DesignPageActions.java,Patrick Ziegler
Fri Sep 29  5:06:00 2023,PaletteManager.java,Patrick Ziegler
Fri Sep 29  5:06:00 2023,PropertiesClipboardCommand.java,Patrick Ziegler
Fri Sep 29  5:06:00 2023,AbstractDescription.java,Patrick Ziegler
Fri Sep 29  5:06:00 2023,ComponentDescription.java,Patrick Ziegler
Fri Sep 29  5:06:00 2023,CreationDescription.java,Patrick Ziegler
Fri Sep 29  5:06:00 2023,AbstractLiveManager.java,Patrick Ziegler
Fri Sep 29  5:06:00 2023,CompatibleLayoutRequestValidator.java,Patrick Ziegler
Fri Sep 29  5:06:00 2023,BundleResourceProvider.java,Patrick Ziegler
Fri Sep 29  5:06:00 2023,ZipFileErrorReport.java,Patrick Ziegler
Fri Sep 29  5:06:00 2023,ContainerObjectValidators.java,Patrick Ziegler
Fri Sep 29  5:06:00 2023,PropertyManager.java,Patrick Ziegler
Fri Sep 29  5:06:00 2023,GenericTypeResolver.java,Patrick Ziegler
Fri Sep 29  5:06:00 2023,DesignerExceptionUtils.java,Patrick Ziegler
Fri Sep 29  5:06:00 2023,IntrospectionHelper.java,Patrick Ziegler
Fri Sep 29  5:06:00 2023,ReflectionUtils.java,Patrick Ziegler
Fri Sep 29  5:06:00 2023,AbstractBindingComposite.java,Patrick Ziegler
Fri Sep 29  5:06:00 2023,PdeUtils.java,Patrick Ziegler
Fri Sep 29  5:06:00 2023,ActionFactoryNewEntryInfo.java,Patrick Ziegler
Fri Sep 29  5:06:00 2023,LafSupport.java,Patrick Ziegler
Fri Sep 29  5:06:00 2023,JTabbedPaneInfo.java,Patrick Ziegler
Fri Sep 29  5:06:00 2023,LayoutNameSupport.java,Patrick Ziegler
Fri Sep 29  5:06:00 2023,GridBagConstraintsNameSupport.java,Patrick Ziegler
Fri Sep 29  5:06:00 2023,KeyStrokePropertyEditor.java,Patrick Ziegler
Fri Sep 29  5:06:00 2023,TreeModelEvaluator.java,Patrick Ziegler
Fri Sep 29  5:06:00 2023,DescriptionProcessor.java,Patrick Ziegler
Fri Sep 29  5:06:00 2023,LayoutDataNameSupport.java,Patrick Ziegler
Fri Sep 29  5:06:00 2023,LayoutNameSupport.java,Patrick Ziegler
Fri Sep 29  5:06:00 2023,AcceleratorPropertyEditor.java,Patrick Ziegler
Fri Sep 29  5:06:00 2023,SwtInvocationEvaluatorInterceptor.java,Patrick Ziegler
Fri Sep 29  5:06:00 2023,PreferencesRepairer.java,Patrick Ziegler
Fri Sep 29  5:06:00 2023,ReflectionUtilsTest.java,Patrick Ziegler
Fri Sep 29  5:06:00 2023,PdeUtilsTest.java,Patrick Ziegler
Fri Sep 29  5:06:00 2023,UiContext.java,Patrick Ziegler
Fri Sep 29  5:06:00 2023,Activator.java,Patrick Ziegler
Fri Sep 29  5:06:00 2023,DatabindingRootProcessor.java,Patrick Ziegler
Fri Sep 29  5:06:00 2023,Activator.java,Patrick Ziegler
Fri Sep 29  5:06:00 2023,SynchronizeManager.java,Patrick Ziegler
Fri Sep 29  5:06:00 2023,DatabindingRootProcessor.java,Patrick Ziegler
Fri Sep 29  5:06:00 2023,ObserveElementsComposite.java,Patrick Ziegler
Fri Sep 29  5:06:00 2023,ChooseClassUiContentProvider.java,Patrick Ziegler
Fri Sep 29  5:06:00 2023,DefaultAutomaticDatabindingProvider.java,Patrick Ziegler
Fri Sep 29  5:06:00 2023,DescriptorContainer.java,Patrick Ziegler
Fri Sep 29  5:06:00 2023,EvaluationContext.java,Patrick Ziegler
Fri Sep 29  5:06:00 2023,ExecutionFlowDescription.java,Patrick Ziegler
Fri Sep 29  5:06:00 2023,ExecutionFlowUtils.java,Patrick Ziegler
Fri Sep 29  5:06:00 2023,ExecutionFlowUtils2.java,Patrick Ziegler
Fri Sep 29  5:06:00 2023,JavaInfo.java,Patrick Ziegler
Fri Sep 29  5:06:00 2023,DesignPage.java,Patrick Ziegler
Fri Sep 29  5:06:00 2023,SourcePage.java,Patrick Ziegler
Fri Sep 29  5:06:00 2023,DesignerPalette.java,Patrick Ziegler
Fri Sep 29  5:06:00 2023,PaletteManager.java,Patrick Ziegler
Fri Sep 29  5:06:00 2023,JavaInfoEvaluationHelper.java,Patrick Ziegler
Fri Sep 29  5:06:00 2023,JavaInfoUtils.java,Patrick Ziegler
Fri Sep 29  5:06:00 2023,ThisCreationSupport.java,Patrick Ziegler
Fri Sep 29  5:06:00 2023,ComponentDescription.java,Patrick Ziegler
Fri Sep 29  5:06:00 2023,ComponentPresentationHelper.java,Patrick Ziegler
Fri Sep 29  5:06:00 2023,DescriptionHelper.java,Patrick Ziegler
Fri Sep 29  5:06:00 2023,FactoryDescriptionHelper.java,Patrick Ziegler
Fri Sep 29  5:06:00 2023,LayoutDescriptionHelper.java,Patrick Ziegler
Fri Sep 29  5:06:00 2023,AbstractConfigurableDescription.java,Patrick Ziegler
Fri Sep 29  5:06:00 2023,GenerationSettings.java,Patrick Ziegler
Fri Sep 29  5:06:00 2023,GenericTypeResolverJavaInfo.java,Patrick Ziegler
Fri Sep 29  5:06:00 2023,AbstractLiveManager.java,Patrick Ziegler
Fri Sep 29  5:06:00 2023,AbstractNamedVariableSupport.java,Patrick Ziegler
Fri Sep 29  5:06:00 2023,AbstractBundleSource.java,Patrick Ziegler
Fri Sep 29  5:06:00 2023,RenameKeyCommand.java,Patrick Ziegler
Fri Sep 29  5:06:00 2023,EditableSource.java,Patrick Ziegler
Fri Sep 29  5:06:00 2023,EditableSupport.java,Patrick Ziegler
Fri Sep 29  5:06:00 2023,FlagImagesRepository.java,Patrick Ziegler
Fri Sep 29  5:06:00 2023,AbstractFieldsSourceNewComposite.java,Patrick Ziegler
Fri Sep 29  5:06:00 2023,CodeGenerationPreferencePage.java,Patrick Ziegler
Fri Sep 29  5:06:00 2023,AstEditor.java,Patrick Ziegler
Fri Sep 29  5:06:00 2023,BindingContext.java,Patrick Ziegler
Fri Sep 29  5:06:00 2023,RefactoringUtils.java,Patrick Ziegler
Fri Sep 29  5:06:00 2023,EditorState.java,Patrick Ziegler
Fri Sep 29  5:06:00 2023,JarImageContainer.java,Patrick Ziegler
Fri Sep 29  5:06:00 2023,XmlDesignPage.java,Patrick Ziegler
Fri Sep 29  5:06:00 2023,DesignerPalette.java,Patrick Ziegler
Fri Sep 29  5:06:00 2023,PaletteManager.java,Patrick Ziegler
Fri Sep 29  5:06:00 2023,EditorContext.java,Patrick Ziegler
Fri Sep 29  5:06:00 2023,XmlLoadingContext.java,Patrick Ziegler
Fri Sep 29  5:06:00 2023,XmlObjectInfo.java,Patrick Ziegler
Fri Sep 29  5:06:00 2023,AbstractDescription.java,Patrick Ziegler
Fri Sep 29  5:06:00 2023,ComponentDescription.java,Patrick Ziegler
Fri Sep 29  5:06:00 2023,ComponentPresentationHelper.java,Patrick Ziegler
Fri Sep 29  5:06:00 2023,AbstractConfigurableDescription.java,Patrick Ziegler
Fri Sep 29  5:06:00 2023,FlowContainerFactory.java,Patrick Ziegler
Fri Sep 29  5:06:00 2023,SimpleContainerFactory.java,Patrick Ziegler
Fri Sep 29  5:06:00 2023,NamespacesHelper.java,Patrick Ziegler
Fri Sep 29  5:06:00 2023,XmlObjectUtils.java,Patrick Ziegler
Fri Sep 29  5:06:00 2023,ScriptUtils.java,Patrick Ziegler
Fri Sep 29  5:06:00 2023,GroupLayoutClipboardCommand.java,Patrick Ziegler
Fri Sep 29  5:06:00 2023,GroupLayoutSupport.java,Patrick Ziegler
Fri Sep 29  5:06:00 2023,Activator.java,Patrick Ziegler
Fri Sep 29  5:06:00 2023,OSSupportLinux.java,Patrick Ziegler
Fri Sep 29  5:06:00 2023,CreatorManager.java,Patrick Ziegler
Fri Sep 29  5:06:00 2023,HierarchySupport.java,Patrick Ziegler
Fri Sep 29  5:06:00 2023,PropertiesSupport.java,Patrick Ziegler
Fri Sep 29  5:06:00 2023,ValidationInfo.java,Patrick Ziegler
Fri Sep 29  5:06:00 2023,BeansObserveTypeContainer.java,Patrick Ziegler
Fri Sep 29  5:06:00 2023,DatabindingParser.java,Patrick Ziegler
Fri Sep 29  5:06:00 2023,DatabindingsProvider.java,Patrick Ziegler
Fri Sep 29  5:06:00 2023,CreatorManager.java,Patrick Ziegler
Fri Sep 29  5:06:00 2023,BeanSupport.java,Patrick Ziegler
Fri Sep 29  5:06:00 2023,BindingUiContentProviderContext.java,Patrick Ziegler
Fri Sep 29  5:06:00 2023,UpdateValueStrategyInfo.java,Patrick Ziegler
Fri Sep 29  5:06:00 2023,SwtProperties.java,Patrick Ziegler
Fri Sep 29  5:06:00 2023,ViewerInputParser.java,Patrick Ziegler
Fri Sep 29  5:06:00 2023,BindingContextClassLoaderInitializer.java,Patrick Ziegler
Fri Sep 29  5:06:00 2023,TableWrapLayout2.java,Patrick Ziegler
Fri Sep 29  5:06:00 2023,TableWrapLayoutInfo.java,Patrick Ziegler
Fri Sep 29  5:06:00 2023,GridLayout2.java,Patrick Ziegler
Fri Sep 29  5:06:00 2023,PdeUtils.java,Patrick Ziegler
Fri Sep 29  5:06:00 2023,PageLayoutInfo.java,Patrick Ziegler
Fri Sep 29  5:06:00 2023,FormLayoutInfo.java,Patrick Ziegler
Fri Sep 29  5:06:00 2023,DimensionEditDialog.java,Patrick Ziegler
Fri Sep 29  5:06:00 2023,MigLayoutInfo.java,Patrick Ziegler
Fri Sep 29  5:06:00 2023,Activator.java,Patrick Ziegler
Fri Sep 29  5:06:00 2023,DatabindingsProvider.java,Patrick Ziegler
Fri Sep 29  5:06:00 2023,BeanSupport.java,Patrick Ziegler
Fri Sep 29  5:06:00 2023,DecorationUtils.java,Patrick Ziegler
Fri Sep 29  5:06:00 2023,GroupLayoutInfo.java,Patrick Ziegler
Fri Sep 29  5:06:00 2023,LafSupport.java,Patrick Ziegler
Fri Sep 29  5:06:00 2023,BoxLayoutInfo.java,Patrick Ziegler
Fri Sep 29  5:06:00 2023,GridLayoutConverter.java,Patrick Ziegler
Fri Sep 29  5:06:00 2023,ConstraintsAbsoluteLayoutInfo.java,Patrick Ziegler
Fri Sep 29  5:06:00 2023,AbstractGridBagLayoutInfo.java,Patrick Ziegler
Fri Sep 29  5:06:00 2023,KeyStrokePropertyEditor.java,Patrick Ziegler
Fri Sep 29  5:06:00 2023,AlignmentPropertyEditor.java,Patrick Ziegler
Fri Sep 29  5:06:00 2023,AwtColors.java,Patrick Ziegler
Fri Sep 29  5:06:00 2023,SwingScreenshotMaker.java,Patrick Ziegler
Fri Sep 29  5:06:00 2023,FormLayoutEditPolicyClassic.java,Patrick Ziegler
Fri Sep 29  5:06:00 2023,FormSelectionEditPolicyClassic.java,Patrick Ziegler
Fri Sep 29  5:06:00 2023,GridLayoutInfo.java,Patrick Ziegler
Fri Sep 29  5:06:00 2023,AcceleratorPropertyEditor.java,Patrick Ziegler
Fri Sep 29  5:06:00 2023,WorkspacePluginInfo.java,Patrick Ziegler
Fri Sep 29  5:06:00 2023,StylePresentation.java,Patrick Ziegler
Fri Sep 29  5:06:00 2023,ContainerSupport.java,Patrick Ziegler
Fri Sep 29  5:06:00 2023,Expectations.java,Patrick Ziegler
Fri Sep 29  5:06:00 2023,ModelMethodPropertyChildTest.java,Patrick Ziegler
Fri Sep 29  5:06:00 2023,RefactoringTestUtils.java,Patrick Ziegler
Fri Sep 29  5:06:00 2023,DatePropertyEditorTest.java,Patrick Ziegler
Fri Sep 29  5:06:00 2023,ExpressionListPropertyEditorTest.java,Patrick Ziegler
Fri Sep 29  5:06:00 2023,InstanceListPropertyEditorTest.java,Patrick Ziegler
Fri Sep 29  5:06:00 2023,InstanceObjectPropertyEditorTest.java,Patrick Ziegler
Fri Sep 29  5:06:00 2023,StringListPropertyEditorTest.java,Patrick Ziegler
Fri Sep 29  5:06:00 2023,ModelMethodPropertyChildTest.java,Patrick Ziegler
Fri Sep 29  5:06:00 2023,NlsTestUtils.java,Patrick Ziegler
Fri Sep 29  5:06:00 2023,PdeUtilsTest.java,Patrick Ziegler
Fri Sep 29  5:06:00 2023,TableWrapLayoutInfo.java,Patrick Ziegler
Fri Sep 29  5:06:00 2023,GridLayoutInfo.java,Patrick Ziegler
Fri Sep 29  5:06:00 2023,StylePresentation.java,Patrick Ziegler
Fri Sep 29  5:06:00 2023,XwtParser.java,Patrick Ziegler
Fri Sep 29  5:06:00 2023,XwtRenderer.java,Patrick Ziegler
Fri Sep 29  5:06:00 2023,CodeGenerationSupport.java,Patrick Ziegler
Fri Sep 29  5:06:00 2023,BindingContentProvider.java,Patrick Ziegler
Fri Sep 29  5:06:00 2023,ComponentEntryInfo.java,Patrick Ziegler
Fri Sep 29  5:06:00 2023,ExecutionFlowUtils.java,Patrick Ziegler
Fri Sep 29  5:06:00 2023,ExecutionFlowUtils2.java,Patrick Ziegler
Fri Sep 29  5:06:00 2023,VisitedLinesHighlighter.java,Patrick Ziegler
Fri Sep 29  5:06:00 2023,DesignerPalette.java,Patrick Ziegler
Fri Sep 29  5:06:00 2023,PaletteManager.java,Patrick Ziegler
Fri Sep 29  5:06:00 2023,ImportArchiveDialog.java,Patrick Ziegler
Fri Sep 29  5:06:00 2023,JavaInfoEvaluationHelper.java,Patrick Ziegler
Fri Sep 29  5:06:00 2023,JavaInfoUtils.java,Patrick Ziegler
Fri Sep 29  5:06:00 2023,ThisCreationSupport.java,Patrick Ziegler
Fri Sep 29  5:06:00 2023,ComponentPresentationHelper.java,Patrick Ziegler
Fri Sep 29  5:06:00 2023,DescriptionHelper.java,Patrick Ziegler
Fri Sep 29  5:06:00 2023,GenerationSettings.java,Patrick Ziegler
Fri Sep 29  5:06:00 2023,ConstantSelectionPropertyEditor.java,Patrick Ziegler
Fri Sep 29  5:06:00 2023,MorphingSupport.java,Patrick Ziegler
Fri Sep 29  5:06:00 2023,SurroundSupport.java,Patrick Ziegler
Fri Sep 29  5:06:00 2023,AbstractSimpleVariableSupport.java,Patrick Ziegler
Fri Sep 29  5:06:00 2023,FieldUniqueVariableSupport.java,Patrick Ziegler
Fri Sep 29  5:06:00 2023,NlsSupport.java,Patrick Ziegler
Fri Sep 29  5:06:00 2023,AbstractBundleSource.java,Patrick Ziegler
Fri Sep 29  5:06:00 2023,InternalizeKeyCommand.java,Patrick Ziegler
Fri Sep 29  5:06:00 2023,EditableSource.java,Patrick Ziegler
Fri Sep 29  5:06:00 2023,KeyToComponentsSupport.java,Patrick Ziegler
Fri Sep 29  5:06:00 2023,LocalePartInfos.java,Patrick Ziegler
Fri Sep 29  5:06:00 2023,JavaInfoParser.java,Patrick Ziegler
Fri Sep 29  5:06:00 2023,JavaInfoResolver.java,Patrick Ziegler
Fri Sep 29  5:06:00 2023,AstEditor.java,Patrick Ziegler
Fri Sep 29  5:06:00 2023,AstNodeUtils.java,Patrick Ziegler
Fri Sep 29  5:06:00 2023,SetGatherer.java,Patrick Ziegler
Fri Sep 29  5:06:00 2023,CodeUtils.java,Patrick Ziegler
Fri Sep 29  5:06:00 2023,ProjectUtils.java,Patrick Ziegler
Fri Sep 29  5:06:00 2023,SubtypesScope.java,Patrick Ziegler
Fri Sep 29  5:06:00 2023,ProjectClassLoader.java,Patrick Ziegler
Fri Sep 29  5:06:00 2023,EditorState.java,Patrick Ziegler
Fri Sep 29  5:06:00 2023,VisitedNodes.java,Patrick Ziegler
Fri Sep 29  5:06:00 2023,DesignerPalette.java,Patrick Ziegler
Fri Sep 29  5:06:00 2023,PaletteManager.java,Patrick Ziegler
Fri Sep 29  5:06:00 2023,ComponentEntryInfo.java,Patrick Ziegler
Fri Sep 29  5:06:00 2023,ComponentPresentationHelper.java,Patrick Ziegler
Fri Sep 29  5:06:00 2023,NamespacesHelper.java,Patrick Ziegler
Fri Sep 29  5:06:00 2023,SelectSupport.java,Patrick Ziegler
Fri Sep 29  5:06:00 2023,AbstractAlignmentActionsSupport.java,Patrick Ziegler
Fri Sep 29  5:06:00 2023,PlacementsSupport.java,Patrick Ziegler
Fri Sep 29  5:06:00 2023,CompositeClassLoader.java,Patrick Ziegler
Fri Sep 29  5:06:00 2023,ReflectionUtils.java,Patrick Ziegler
Fri Sep 29  5:06:00 2023,MenuIntersector.java,Patrick Ziegler
Fri Sep 29  5:06:00 2023,OSSupportLinux.java,Patrick Ziegler
Fri Sep 29  5:06:00 2023,HierarchySupport.java,Patrick Ziegler
Fri Sep 29  5:06:00 2023,ConverterInfo.java,Patrick Ziegler
Fri Sep 29  5:06:00 2023,XmlObjectReferenceProvider.java,Patrick Ziegler
Fri Sep 29  5:06:00 2023,ControllerSupport.java,Patrick Ziegler
Fri Sep 29  5:06:00 2023,BeansObserveTypeContainer.java,Patrick Ziegler
Fri Sep 29  5:06:00 2023,SwtDatabindingProvider.java,Patrick Ziegler
Fri Sep 29  5:06:00 2023,TableWrapLayoutInfo.java,Patrick Ziegler
Fri Sep 29  5:06:00 2023,FieldEditorLabelsConstantsPropertyEditor.java,Patrick Ziegler
Fri Sep 29  5:06:00 2023,AbstractPositionCompositeInfo.java,Patrick Ziegler
Fri Sep 29  5:06:00 2023,FormLayoutConverter.java,Patrick Ziegler
Fri Sep 29  5:06:00 2023,MigLayoutConverter.java,Patrick Ziegler
Fri Sep 29  5:06:00 2023,SwingDatabindingProvider.java,Patrick Ziegler
Fri Sep 29  5:06:00 2023,GridBagLayoutConverter.java,Patrick Ziegler
Fri Sep 29  5:06:00 2023,FormLayoutInfoImplClassic.java,Patrick Ziegler
Fri Sep 29  5:06:00 2023,GridLayoutInfo.java,Patrick Ziegler
Fri Sep 29  5:06:00 2023,ToolkitDescriptionTest.java,Patrick Ziegler
Fri Sep 29  5:06:00 2023,ConstantSelectionPropertyEditorTest.java,Patrick Ziegler
Fri Sep 29  5:06:00 2023,AbstractNamedTest.java,Patrick Ziegler
Fri Sep 29  5:06:00 2023,ProjectClassLoaderTest.java,Patrick Ziegler
Fri Sep 29  5:06:00 2023,TableWrapLayoutInfo.java,Patrick Ziegler
Fri Sep 29  5:06:00 2023,GridLayoutInfo.java,Patrick Ziegler
Fri Sep 29  5:06:00 2023,AbstractPositionCompositeInfo.java,Patrick Ziegler
Fri Sep 29  5:06:00 2023,XwtParser.java,Patrick Ziegler
Fri Sep 29  5:06:00 2023,XwtRenderer.java,Patrick Ziegler
Fri Sep 29  5:06:00 2023,SelectSupport.java,Patrick Ziegler
Fri Sep 29  5:06:00 2023,JavaInfoUtils.java,Patrick Ziegler
Fri Sep 29  5:06:00 2023,ConstructorCreationSupport.java,Patrick Ziegler
Fri Sep 29  5:06:00 2023,FactoryCreateAction.java,Patrick Ziegler
Fri Sep 29  5:06:00 2023,StandardPropertiesAccessor.java,Patrick Ziegler
Fri Sep 29  5:06:00 2023,AbstractSource.java,Patrick Ziegler
Fri Sep 29  5:06:00 2023,AstCodeGeneration.java,Patrick Ziegler
Fri Sep 29  5:06:00 2023,AstEditor.java,Patrick Ziegler
Fri Sep 29  5:06:00 2023,AstNodeUtils.java,Patrick Ziegler
Fri Sep 29  5:06:00 2023,PackageSelectionDialogField.java,Patrick Ziegler
Fri Sep 29  5:06:00 2023,ProjectClassLoader.java,Patrick Ziegler
Fri Sep 29  5:06:00 2023,PropertyTable.java,Patrick Ziegler
Fri Sep 29  5:06:00 2023,ReflectionUtils.java,Patrick Ziegler
Fri Sep 29  5:06:00 2023,PdeUtils.java,Patrick Ziegler
Fri Sep 29  5:06:00 2023,PageLayoutInfo.java,Patrick Ziegler
Fri Sep 29  5:06:00 2023,FormLayoutPreferencePage.java,Patrick Ziegler
Fri Sep 29  5:06:00 2023,ToolkitSupportImpl.java,Patrick Ziegler
Fri Sep 29  5:06:00 2023,AbstractGridBagLayoutInfo.java,Patrick Ziegler
Fri Sep 29  5:06:00 2023,SwingBorderComposite.java,Patrick Ziegler
Fri Sep 29  5:06:00 2023,AwtColors.java,Patrick Ziegler
Fri Sep 29  5:06:00 2023,UiManagerFontPage.java,Patrick Ziegler
Fri Sep 29  5:06:00 2023,FormLayoutPreferences.java,Patrick Ziegler
Fri Sep 29  5:06:00 2023,FontSupport.java,Patrick Ziegler
Fri Sep 29  5:06:00 2023,AstNodeUtilsTest.java,Patrick Ziegler
Fri Sep 29  5:06:00 2023,FontSupport.java,Patrick Ziegler
Fri Sep 29  5:06:00 2023,NameSupport.java,Patrick Ziegler
Fri Sep 29  5:06:00 2023,CreationDescription.java,Patrick Ziegler
Fri Sep 29  5:06:00 2023,RenameConvertSupport.java,Patrick Ziegler
Fri Sep 29  5:06:00 2023,DocumentElement.java,Patrick Ziegler
Sat Sep 30 10:43:52 2023,ColorRegistryInfo.java,Patrick Ziegler
Sat Sep 30 10:43:52 2023,FontRegistryInfo.java,Patrick Ziegler
Sat Sep 30 10:43:52 2023,ResourceRegistryInfo.java,Patrick Ziegler
Sat Sep 30 10:43:52 2023,ResourceRegistryRootProcessor.java,Patrick Ziegler
Sat Sep 30 10:43:52 2023,ResourceRegistryTest.java,Patrick Ziegler
Sun Oct  1 17:44:55 2023,ParseFactory.java,Patrick Ziegler
Sun Oct  1 17:44:55 2023,LocalResourceManager.wbp-component.xml,Patrick Ziegler
Sun Oct  1 17:44:55 2023,ResourceManager.wbp-component.xml,Patrick Ziegler
Sun Oct  1 17:44:55 2023,plugin.xml,Patrick Ziegler
Sun Oct  1 17:44:55 2023,ModelMessages.java,Patrick Ziegler
Sun Oct  1 17:44:55 2023,ModelMessages.properties,Patrick Ziegler
Sun Oct  1 17:44:55 2023,AbstractContainerInfo.java,Patrick Ziegler
Sun Oct  1 17:44:55 2023,LocalResourceManagerInfo.java,Patrick Ziegler
Sun Oct  1 17:44:55 2023,ManagerContainerInfo.java,Patrick Ziegler
Sun Oct  1 17:44:55 2023,RegistryContainerInfo.java,Patrick Ziegler
Sun Oct  1 17:44:55 2023,ResourceManagerInfo.java,Patrick Ziegler
Sun Oct  1 17:44:55 2023,ResourceManagerRootProcessor.java,Patrick Ziegler
Sun Oct  1 17:44:55 2023,LocalResourceManagerTest.java,Patrick Ziegler
Sun Oct  1 17:44:55 2023,PropertiesTests.java,Patrick Ziegler
Fri Oct  6  4:08:20 2023,AbstractRelativeLocator.java,Patrick Ziegler
Fri Oct  6  4:08:20 2023,Figure.java,Patrick Ziegler
Fri Oct  6  4:08:20 2023,TextFeedback.java,Patrick Ziegler
Fri Oct  6  4:08:20 2023,FigurePaintingTest.java,Patrick Ziegler
Fri Oct  6  4:08:20 2023,FigureTest.java,Patrick Ziegler
Fri Oct  6  4:08:20 2023,LayerTest.java,Patrick Ziegler
