date/time,link,type,status
Thu Mar 08 08:07:42 2018,https://github.com/eclipse/paho.mqtt.python/issues/276,issue,closed
