date_time,file,committer_name
Tue May 17  0:12:14 2011,MANIFEST.MF,Steffen Pingel
Tue May 17  0:12:14 2011,RestfulHudsonClient.java,Steffen Pingel
Tue May 17 21:52:38 2011,RunBuildOperation.java,Steffen Pingel
Tue May 17 22:11:01 2011,feature.xml,Steffen Pingel
Tue May 17 22:11:01 2011,feature.xml,Steffen Pingel
Tue May 17 22:11:01 2011,MANIFEST.MF,Steffen Pingel
Tue May 17 22:11:01 2011,RestfulHudsonClient.java,Steffen Pingel
Sun May 22 13:46:39 2011,plugin.xml,Steffen Pingel
Sun May 22 13:46:39 2011,NewTaskFromBuildAction.java,Steffen Pingel
Sun May 22 13:46:39 2011,NewTaskFromTestHandler.java,Steffen Pingel
Sun May 22 13:46:39 2011,ArtifactsPart.java,Steffen Pingel
Sun May 22 13:46:39 2011,ChangesPart.java,Steffen Pingel
Sun May 22 13:46:39 2011,TestResultPart.java,Steffen Pingel
Tue May 24  0:09:12 2011,MANIFEST.MF,Steffen Pingel
Tue May 24  0:09:12 2011,plugin.xml,Steffen Pingel
Tue May 24  0:09:12 2011,BuildNavigatorActionProvider.java,Steffen Pingel
Tue May 24  0:30:10 2011,RepositoryWebLocation.java,Steffen Pingel
Mon May 30 22:32:44 2011,BuildsUiConstants.java,Steffen Pingel
Mon May 30 22:32:44 2011,NewBuildServerAction.java,Steffen Pingel
Fri Jun  3 15:43:35 2011,ChangesLabelProvider.java,Steffen Pingel
