date_time,file,committer_name
Thu Oct 13  6:44:05 2022,HealthCheckChecker.java,Karengineering
