date_time,file,committer_name
Thu Mar 10 10:02:04 2022,DefaultWorkbenchBrowserSupport.java,Alexander Kurtakov
Thu Mar 10 10:53:08 2022,.api_filters,Alexander Kurtakov
Thu Mar 10 10:53:08 2022,MANIFEST.MF,Alexander Kurtakov
Thu Mar 10 10:53:08 2022,AddBookmarkAction.java,Alexander Kurtakov
Thu Mar 10 10:53:08 2022,plugin.properties,Alexander Kurtakov
Thu Mar 10 10:53:08 2022,plugin.xml,Alexander Kurtakov
Thu Mar 10 10:53:08 2022,pom.xml,Alexander Kurtakov
Thu Mar 10 10:53:08 2022,BookmarkAction.java,Alexander Kurtakov
Thu Mar 10 10:53:08 2022,BookmarkContentProvider.java,Alexander Kurtakov
Thu Mar 10 10:53:08 2022,BookmarkLabelProvider.java,Alexander Kurtakov
Thu Mar 10 10:53:08 2022,BookmarkMessages.java,Alexander Kurtakov
Thu Mar 10 10:53:08 2022,BookmarkNavigator.java,Alexander Kurtakov
Thu Mar 10 10:53:08 2022,BookmarkPropertiesDialog.java,Alexander Kurtakov
Thu Mar 10 10:53:08 2022,BookmarkSorter.java,Alexander Kurtakov
Thu Mar 10 10:53:08 2022,CopyBookmarkAction.java,Alexander Kurtakov
Thu Mar 10 10:53:08 2022,EditBookmarkAction.java,Alexander Kurtakov
Thu Mar 10 10:53:08 2022,IBookmarkHelpContextIds.java,Alexander Kurtakov
Thu Mar 10 10:53:08 2022,MarkerUtil.java,Alexander Kurtakov
Thu Mar 10 10:53:08 2022,OpenBookmarkAction.java,Alexander Kurtakov
Thu Mar 10 10:53:08 2022,PasteBookmarkAction.java,Alexander Kurtakov
Thu Mar 10 10:53:08 2022,RemoveBookmarkAction.java,Alexander Kurtakov
Thu Mar 10 10:53:08 2022,SelectAllAction.java,Alexander Kurtakov
Thu Mar 10 10:53:08 2022,package.html,Alexander Kurtakov
Thu Mar 10 14:42:37 2022,SelectionAdapterFactory.java,Alexander Kurtakov
Thu Mar 10 15:37:44 2022,MANIFEST.MF,Alexander Kurtakov
Thu Mar 10 15:37:44 2022,pom.xml,Alexander Kurtakov
Thu Mar 10 15:37:44 2022,ListDetailValueObservableListTest.java,Alexander Kurtakov
Thu Mar 10 15:55:58 2022,MANIFEST.MF,Alexander Kurtakov
Thu Mar 10 15:55:58 2022,pom.xml,Alexander Kurtakov
Thu Mar 10 15:55:58 2022,EventDetailsDialog.java,Alexander Kurtakov
Thu Mar 10 15:55:58 2022,WorkbenchWindow.java,Alexander Kurtakov
Thu Mar 10 15:55:58 2022,WorkbenchBrowserSupport.java,Alexander Kurtakov
Fri Apr  1 21:54:24 2022,MANIFEST.MF,Alexander Kurtakov
Fri Apr  1 21:54:24 2022,MANIFEST.MF,Alexander Kurtakov
Fri Apr  1 21:54:24 2022,pom.xml,Alexander Kurtakov
Fri Apr  1 21:54:24 2022,ModelServiceImplTest.java,Alexander Kurtakov
Fri Apr  1 21:54:24 2022,IEditorRegistryTest.java,Alexander Kurtakov
Fri Apr  1 21:54:24 2022,WorkbenchPageTest.java,Alexander Kurtakov
Fri Apr  1 21:54:24 2022,MultiPageEditorPartTest.java,Alexander Kurtakov
Fri Apr  1 21:54:24 2022,ContentMatchesTest.java,Alexander Kurtakov
Fri Apr  1 21:54:24 2022,MANIFEST.MF,Alexander Kurtakov
Sat Apr  2  4:05:48 2022,NotificationPopupTest.java,Alexander Kurtakov
Sat Apr  2 15:22:27 2022,PluginActivationTests.java,Alexander Kurtakov
