date_time,file,committer_name
Mon Mar 21 14:50:37 2005,VariablesView.java,Darin Wright
Mon Mar 21 22:50:13 2005,IMemoryBlockExtension.java,Darin Wright
Mon Mar 21 22:50:13 2005,IMemoryBlockRetrievalExtension.java,Darin Wright
Mon Mar 21 22:50:13 2005,MemoryByte.java,Darin Wright
Mon Mar 21 22:50:13 2005,MemoryBlockManager.java,Darin Wright
Mon Mar 21 22:50:13 2005,MemoryRenderingManager.java,Darin Wright
Mon Mar 21 22:50:13 2005,RenderingBindings.java,Darin Wright
Mon Mar 21 22:50:13 2005,AddMemoryBlockAction.java,Darin Wright
Mon Mar 21 22:50:13 2005,MemoryBlocksTreeViewPane.java,Darin Wright
Mon Mar 21 22:50:13 2005,MemoryView.java,Darin Wright
Mon Mar 21 22:50:13 2005,MemoryViewSynchronizationService.java,Darin Wright
Mon Mar 21 22:50:13 2005,MemoryViewTab.java,Darin Wright
Mon Mar 21 22:50:13 2005,MonitorMemoryBlockDialog.java,Darin Wright
Mon Mar 21 22:50:13 2005,RenderingViewPane.java,Darin Wright
Mon Mar 21 22:50:13 2005,CopyTableRenderingToClipboardAction.java,Darin Wright
Mon Mar 21 22:50:13 2005,CreateRendering.java,Darin Wright
Mon Mar 21 22:50:13 2005,GoToAddressAction.java,Darin Wright
Mon Mar 21 22:50:13 2005,HexRendering.java,Darin Wright
Mon Mar 21 22:50:13 2005,PrintTableRenderingAction.java,Darin Wright
Mon Mar 21 22:50:13 2005,SignedIntegerRendering.java,Darin Wright
Mon Mar 21 22:50:13 2005,TableRenderingCellModifier.java,Darin Wright
Mon Mar 21 22:50:13 2005,TableRenderingContentInput.java,Darin Wright
Mon Mar 21 22:50:13 2005,TableRenderingContentProvider.java,Darin Wright
Mon Mar 21 22:50:13 2005,TableRenderingLine.java,Darin Wright
Mon Mar 21 22:50:13 2005,UnsignedIntegerRendering.java,Darin Wright
Mon Mar 21 22:50:13 2005,AbstractMemoryRendering.java,Darin Wright
Mon Mar 21 22:50:13 2005,AbstractTableRendering.java,Darin Wright
Mon Mar 21 22:50:13 2005,AbstractTextRendering.java,Darin Wright
Mon Mar 21 22:50:13 2005,IMemoryRendering.java,Darin Wright
Mon Mar 21 22:50:13 2005,IMemoryRenderingBindingsListener.java,Darin Wright
Mon Mar 21 22:50:13 2005,IMemoryRenderingBindingsProvider.java,Darin Wright
Mon Mar 21 22:50:13 2005,IMemoryRenderingSite.java,Darin Wright
Mon Mar 21 22:50:13 2005,IMemoryRenderingSynchronizationService.java,Darin Wright
Tue Mar 22  2:53:59 2005,IMemoryBlockExtension.java,Darin Wright
Tue Mar 22  2:53:59 2005,IMemoryBlockRetrievalExtension.java,Darin Wright
Tue Mar 22  3:07:09 2005,IMemoryRenderingBindingsListener.java,Darin Wright
Tue Mar 22  3:07:09 2005,IMemoryRenderingBindingsProvider.java,Darin Wright
Tue Mar 22  3:07:09 2005,IMemoryRenderingSynchronizationService.java,Darin Wright
Tue Mar 22  3:36:18 2005,MemoryRenderingManager.java,Darin Wright
Tue Mar 22  3:36:18 2005,RenderingBindings.java,Darin Wright
Tue Mar 22  3:36:18 2005,AbstractMemoryRenderingBindingsProvider.java,Darin Wright
Tue Mar 22 19:00:47 2005,IMemoryBlockExtension.java,Darin Wright
Tue Mar 22 19:41:19 2005,IMemoryBlockExtension.java,Darin Wright
Wed Mar 23  3:53:29 2005,DelegatingModelPresentation.java,Darin Wright
Wed Mar 23  3:53:29 2005,LazyModelPresentation.java,Darin Wright
Wed Mar 23  3:53:29 2005,TableRenderingLabelProvider.java,Darin Wright
Wed Mar 23  3:53:29 2005,TableRenderingLabelProviderEx.java,Darin Wright
Wed Mar 23  3:53:29 2005,AbstractMemoryRendering.java,Darin Wright
Wed Mar 23  3:53:29 2005,AbstractTableRendering.java,Darin Wright
Wed Mar 23  3:53:29 2005,IMemoryRendering.java,Darin Wright
Wed Mar 23  3:53:29 2005,MemoryRenderingElement.java,Darin Wright
Wed Mar 23 13:38:54 2005,IMemoryBlockExtension.java,Darin Wright
Wed Mar 23 14:15:58 2005,AbstractTableRenderingLabelProvider.java,Darin Wright
Wed Mar 23 14:15:58 2005,TableRenderingLabelProvider.java,Darin Wright
Wed Mar 23 14:15:58 2005,TableRenderingLabelProviderEx.java,Darin Wright
Wed Mar 23 14:16:13 2005,AddMemoryBlockAction.java,Darin Wright
Wed Mar 23 17:09:29 2005,DebugElement.java,Darin Wright
Wed Mar 23 22:59:06 2005,plugin.properties,Darin Wright
Wed Mar 23 22:59:06 2005,plugin.xml,Darin Wright
Wed Mar 23 22:59:06 2005,DebugUIMessages.properties,Darin Wright
Wed Mar 23 22:59:06 2005,DebugUIPreferenceInitializer.java,Darin Wright
Wed Mar 23 22:59:06 2005,IDebugPreferenceConstants.java,Darin Wright
Wed Mar 23 22:59:06 2005,CodePagesPrefDialog.java,Darin Wright
Wed Mar 23 22:59:06 2005,MemoryBlocksTreeViewPane.java,Darin Wright
Wed Mar 23 22:59:06 2005,SelectCodePagesAction.java,Darin Wright
Wed Mar 23 22:59:06 2005,ASCIIRendering.java,Darin Wright
Wed Mar 23 22:59:06 2005,HexRendering.java,Darin Wright
Wed Mar 23 22:59:06 2005,SetPaddedStringDialog.java,Darin Wright
Wed Mar 23 22:59:06 2005,SignedIntegerRendering.java,Darin Wright
Wed Mar 23 22:59:06 2005,TableRenderingCellModifier.java,Darin Wright
Wed Mar 23 22:59:06 2005,TableRenderingContentProvider.java,Darin Wright
Wed Mar 23 22:59:06 2005,UnsignedIntegerRendering.java,Darin Wright
Wed Mar 23 22:59:06 2005,IDebugUIConstants.java,Darin Wright
Wed Mar 23 22:59:06 2005,AbstractTableRendering.java,Darin Wright
Wed Mar 23 22:59:06 2005,AbstractTextRendering.java,Darin Wright
Wed Mar 23 23:05:11 2005,IDebugPreferenceConstants.java,Darin Wright
Wed Mar 23 23:31:14 2005,LaunchConfigurationsDialog.java,Darin Wright
Thu Mar 24 20:25:03 2005,plugin.properties,Darin Wright
Thu Mar 24 20:25:03 2005,plugin.xml,Darin Wright
Thu Mar 24 20:25:03 2005,AddMemoryBlockAction.java,Darin Wright
Thu Mar 24 20:25:03 2005,MemoryBlocksTreeViewPane.java,Darin Wright
Thu Mar 24 20:25:03 2005,MemoryView.java,Darin Wright
Thu Mar 24 20:25:03 2005,MemoryViewIdRegistry.java,Darin Wright
Thu Mar 24 20:25:03 2005,NewMemoryViewAction.java,Darin Wright
Thu Mar 24 20:25:03 2005,PinMemoryBlockAction.java,Darin Wright
Thu Mar 24 20:25:03 2005,RenderingViewPane.java,Darin Wright
Thu Mar 24 20:25:03 2005,ViewPaneRenderingMgr.java,Darin Wright
Thu Mar 24 22:24:13 2005,RenderingViewPane.java,Darin Wright
Tue Mar 29  0:03:17 2005,AddMemoryRenderingDialog.java,Darin Wright
Tue Mar 29  0:03:17 2005,MemoryBlocksTreeViewPane.java,Darin Wright
Tue Mar 29  0:03:17 2005,RenderingViewPane.java,Darin Wright
Tue Mar 29  0:03:17 2005,CreateRendering.java,Darin Wright
Tue Mar 29  0:03:17 2005,GoToAddressAction.java,Darin Wright
Wed Mar 30 23:58:38 2005,ExternalToolsBuilderTab.java,Darin Wright
Wed Mar 30 23:59:45 2005,ExternalToolsBuilderTab.java,Darin Wright
Thu Mar 31  0:01:25 2005,ExternalToolsBuilderTab.java,Darin Wright
Thu Mar 31 14:16:41 2005,RenderingViewPane.java,Darin Wright
Thu Mar 31 14:16:41 2005,TableRenderingContentInput.java,Darin Wright
Thu Mar 31 14:16:41 2005,TableRenderingContentProvider.java,Darin Wright
Thu Mar 31 14:16:41 2005,AbstractTableRendering.java,Darin Wright
Thu Mar 31 20:32:17 2005,ConsoleView.java,Darin Wright
Tue Apr  5 16:39:24 2005,ContainerSourceContainer.java,Darin Wright
Tue Apr  5 20:04:14 2005,RemoteTreeViewer.java,Darin Wright
Tue Apr  5 22:01:52 2005,SourceLookupPanel.java,Darin Wright
Wed Apr  6 15:53:42 2005,StatusDialog.java,Darin Wright
Wed Apr  6 15:53:42 2005,WatchExpressionDialog.java,Darin Wright
Wed Apr  6 18:48:25 2005,IDebugPreferenceConstants.java,Darin Wright
Wed Apr  6 18:48:25 2005,CodePagesPrefDialog.java,Darin Wright
Fri Apr  8 14:39:54 2005,MemoryBlocksTreeViewPane.java,Darin Wright
Fri Apr  8 14:39:54 2005,NewMemoryViewAction.java,Darin Wright
Fri Apr  8 14:39:54 2005,RenderingViewPane.java,Darin Wright
Fri Apr  8 14:43:58 2005,HexRendering.java,Darin Wright
Fri Apr  8 15:14:48 2005,IProcessFactory.java,Darin Wright
Fri Apr  8 15:28:11 2005,IWatchExpressionResult.java,Darin Wright
Fri Apr  8 15:28:11 2005,AbstractSourceLookupDirector.java,Darin Wright
Fri Apr  8 15:28:11 2005,ISourceContainerType.java,Darin Wright
Fri Apr  8 15:28:11 2005,ISourcePathComputer.java,Darin Wright
Fri Apr  8 15:46:16 2005,component.xml,Darin Wright
Fri Apr  8 15:46:16 2005,IDynamicVariable.java,Darin Wright
Fri Apr  8 15:46:16 2005,IDynamicVariableResolver.java,Darin Wright
Fri Apr  8 15:46:16 2005,IStringVariable.java,Darin Wright
Fri Apr  8 15:46:16 2005,IStringVariableManager.java,Darin Wright
Fri Apr  8 15:46:16 2005,IValueVariable.java,Darin Wright
Fri Apr  8 15:46:16 2005,IValueVariableListener.java,Darin Wright
Fri Apr  8 16:08:20 2005,component.xml,Darin Wright
Fri Apr  8 16:08:20 2005,ILaunchGroup.java,Darin Wright
Fri Apr  8 16:08:20 2005,AbstractLaunchToolbarAction.java,Darin Wright
Fri Apr  8 16:08:20 2005,LaunchAsAction.java,Darin Wright
Fri Apr  8 16:08:20 2005,LaunchShortcutsAction.java,Darin Wright
Fri Apr  8 16:38:03 2005,component.xml,Darin Wright
Fri Apr  8 16:38:03 2005,IConsoleDocumentPartitioner.java,Darin Wright
Fri Apr  8 16:38:03 2005,IOConsoleInputStream.java,Darin Wright
Fri Apr  8 16:38:03 2005,IOConsoleOutputStream.java,Darin Wright
Fri Apr  8 16:38:03 2005,MessageConsole.java,Darin Wright
Fri Apr  8 16:38:03 2005,MessageConsoleStream.java,Darin Wright
Fri Apr  8 16:38:03 2005,PatternMatchEvent.java,Darin Wright
Fri Apr  8 16:38:03 2005,CloseConsoleAction.java,Darin Wright
Mon Apr 11 15:49:23 2005,VariablesView.java,Darin Wright
Mon Apr 11 15:49:23 2005,VariablesViewMessages.properties,Darin Wright
Mon Apr 11 15:59:34 2005,plugin.xml,Darin Wright
Mon Apr 11 15:59:34 2005,FindVariableAction.java,Darin Wright
Mon Apr 11 21:53:14 2005,DebugPluginImages.java,Darin Wright
Mon Apr 11 21:53:14 2005,ConsolePluginImages.java,Darin Wright
Tue Apr 12 16:37:23 2005,ExternalToolsImages.java,Darin Wright
Wed Apr 13 18:30:58 2005,IConsoleManager.java,Darin Wright
Wed Apr 13 20:10:30 2005,ConsoleManager.java,Darin Wright
Thu Apr 14 22:11:08 2005,AbstractListenerActionDelegate.java,Darin Wright
Fri Apr 15 15:55:42 2005,DebugUIViewsMessages.java,Darin Wright
Fri Apr 15 15:55:42 2005,DebugUIViewsMessages.properties,Darin Wright
Fri Apr 15 15:55:42 2005,DebugViewLabelDecorator.java,Darin Wright
Fri Apr 15 16:36:25 2005,DebugViewLabelDecorator.java,Darin Wright
Fri Apr 15 18:08:45 2005,DebugPlugin.java,Darin Wright
Fri Apr 15 19:14:48 2005,RemoteTreeContentManager.java,Darin Wright
Fri Apr 15 20:29:32 2005,ConsolePlugin.java,Darin Wright
