date_time,file,committer_name
Tue Aug 19 20:58:13 2014,MarkdownDocumentBuilder.java,Leo Dos Santos
Tue Aug 19 20:58:13 2014,MarkdownLanguage.java,Leo Dos Santos
Tue Aug 19 20:58:13 2014,MarkdownDocumentBuilderTest.java,Leo Dos Santos
Tue Aug 19 20:58:13 2014,MarkdownLanguageTest.java,Leo Dos Santos
Tue Sep  2 17:53:01 2014,MarkdownDocumentBuilder.java,Leo Dos Santos
Tue Sep  2 17:53:01 2014,MarkdownDocumentBuilderTest.java,Leo Dos Santos
