date_time,file,committer_name
Sun May 22 15:36:43 2022,application.yml,amvanbaren
Sun May 22 15:36:43 2022,ExtensionProcessor.java,amvanbaren
Sun May 22 15:36:43 2022,RegistryApplication.java,amvanbaren
Sun May 22 15:36:43 2022,V1_23__FileResource_Extract_Resources.java,amvanbaren
Sun May 22 15:36:43 2022,Extension.java,amvanbaren
Sun May 22 15:36:43 2022,FileResource.java,amvanbaren
