date_time,file,committer_name
Tue Sep  8 16:05:39 2009,.checkstyle,ylussaud
Tue Sep  8 16:05:39 2009,.classpath,ylussaud
Tue Sep  8 16:05:39 2009,.project,ylussaud
Tue Sep  8 16:05:39 2009,org.eclipse.jdt.core.prefs,ylussaud
Tue Sep  8 16:05:39 2009,org.eclipse.jdt.ui.prefs,ylussaud
Tue Sep  8 16:05:39 2009,MANIFEST.MF,ylussaud
Tue Sep  8 16:05:39 2009,build.properties,ylussaud
Tue Sep  8 16:05:39 2009,plugin.properties,ylussaud
Tue Sep  8 16:05:39 2009,plugin.xml,ylussaud
Tue Sep  8 16:05:39 2009,BlockItemProvider.java,ylussaud
Tue Sep  8 16:05:39 2009,FileBlockItemProvider.java,ylussaud
Tue Sep  8 16:05:39 2009,ForBlockItemProvider.java,ylussaud
Tue Sep  8 16:05:39 2009,IfBlockItemProvider.java,ylussaud
Tue Sep  8 16:05:39 2009,InitSectionItemProvider.java,ylussaud
Tue Sep  8 16:05:39 2009,LetBlockItemProvider.java,ylussaud
Tue Sep  8 16:05:39 2009,MacroInvocationItemProvider.java,ylussaud
Tue Sep  8 16:05:39 2009,MacroItemProvider.java,ylussaud
Tue Sep  8 16:05:39 2009,ModuleElementItemProvider.java,ylussaud
Tue Sep  8 16:05:39 2009,ModuleItemProvider.java,ylussaud
Tue Sep  8 16:05:39 2009,MtlEditPlugin.java,ylussaud
Tue Sep  8 16:05:39 2009,MtlItemProviderAdapterFactory.java,ylussaud
Tue Sep  8 16:05:39 2009,ProtectedAreaBlockItemProvider.java,ylussaud
Tue Sep  8 16:05:39 2009,QueryInvocationItemProvider.java,ylussaud
Tue Sep  8 16:05:39 2009,QueryItemProvider.java,ylussaud
Tue Sep  8 16:05:39 2009,TemplateExpressionItemProvider.java,ylussaud
Tue Sep  8 16:05:39 2009,TemplateInvocationItemProvider.java,ylussaud
Tue Sep  8 16:05:39 2009,TemplateItemProvider.java,ylussaud
Tue Sep  8 16:05:39 2009,TraceBlockItemProvider.java,ylussaud
Tue Sep  8 16:05:39 2009,TypedModelItemProvider.java,ylussaud
Tue Sep  8 16:05:39 2009,FileBlockItemProviderSpec.java,ylussaud
Tue Sep  8 16:05:39 2009,ForBlockItemProviderSpec.java,ylussaud
Tue Sep  8 16:05:39 2009,IfBlockItemProviderSpec.java,ylussaud
Tue Sep  8 16:05:39 2009,LetBlockItemProviderSpec.java,ylussaud
Tue Sep  8 16:05:39 2009,MacroInvocationItemProviderSpec.java,ylussaud
Tue Sep  8 16:05:39 2009,MtlItemProviderAdapterFactorySpec.java,ylussaud
Tue Sep  8 16:05:39 2009,QueryInvocationItemProviderSpec.java,ylussaud
Tue Sep  8 16:05:39 2009,TemplateInvocationItemProviderSpec.java,ylussaud
Tue Sep  8 16:05:39 2009,TemplateItemProviderSpec.java,ylussaud
Tue Sep  8 16:05:39 2009,OclItemProviderSpec.java,ylussaud
Tue Sep  8 16:10:03 2009,.checkstyle,ylussaud
Tue Sep  8 16:10:03 2009,.classpath,ylussaud
Tue Sep  8 16:10:03 2009,.project,ylussaud
Tue Sep  8 16:10:03 2009,org.eclipse.jdt.core.prefs,ylussaud
Tue Sep  8 16:10:03 2009,org.eclipse.jdt.ui.prefs,ylussaud
Tue Sep  8 16:10:03 2009,MANIFEST.MF,ylussaud
Tue Sep  8 16:10:03 2009,build.properties,ylussaud
Tue Sep  8 16:10:03 2009,profiler.ecore,ylussaud
Tue Sep  8 16:10:03 2009,profiler.genmodel,ylussaud
Tue Sep  8 16:10:03 2009,plugin.properties,ylussaud
Tue Sep  8 16:10:03 2009,plugin.xml,ylussaud
Tue Sep  8 16:10:03 2009,Internal.java,ylussaud
Tue Sep  8 16:10:03 2009,LoopProfileEntry.java,ylussaud
Tue Sep  8 16:10:03 2009,ProfileEntry.java,ylussaud
Tue Sep  8 16:10:03 2009,ProfileResource.java,ylussaud
Tue Sep  8 16:10:03 2009,ProfilerFactory.java,ylussaud
Tue Sep  8 16:10:03 2009,ProfilerPackage.java,ylussaud
Tue Sep  8 16:10:03 2009,InternalImpl.java,ylussaud
Tue Sep  8 16:10:03 2009,LoopProfileEntryImpl.java,ylussaud
Tue Sep  8 16:10:03 2009,ProfileEntryImpl.java,ylussaud
Tue Sep  8 16:10:03 2009,ProfileResourceImpl.java,ylussaud
Tue Sep  8 16:10:03 2009,ProfilerFactoryImpl.java,ylussaud
Tue Sep  8 16:10:03 2009,ProfilerPackageImpl.java,ylussaud
Tue Sep  8 16:10:03 2009,ProfilerAdapterFactory.java,ylussaud
Tue Sep  8 16:10:03 2009,ProfilerSwitch.java,ylussaud
Tue Sep  8 16:10:03 2009,Profiler.java,ylussaud
Tue Sep  8 16:10:03 2009,LoopProfileEntrySpec.java,ylussaud
Tue Sep  8 16:10:03 2009,ProfileEntrySpec.java,ylussaud
Tue Sep  8 16:13:08 2009,.checkstyle,ylussaud
Tue Sep  8 16:13:08 2009,.classpath,ylussaud
Tue Sep  8 16:13:08 2009,.project,ylussaud
Tue Sep  8 16:13:08 2009,org.eclipse.jdt.core.prefs,ylussaud
Tue Sep  8 16:13:08 2009,org.eclipse.jdt.ui.prefs,ylussaud
Tue Sep  8 16:13:08 2009,MANIFEST.MF,ylussaud
Tue Sep  8 16:13:08 2009,build.properties,ylussaud
Tue Sep  8 16:13:08 2009,plugin.properties,ylussaud
Tue Sep  8 16:13:08 2009,plugin.xml,ylussaud
Tue Sep  8 16:13:08 2009,InternalItemProvider.java,ylussaud
Tue Sep  8 16:13:08 2009,LoopProfileEntryItemProvider.java,ylussaud
Tue Sep  8 16:13:08 2009,ProfileEntryItemProvider.java,ylussaud
Tue Sep  8 16:13:08 2009,ProfileResourceItemProvider.java,ylussaud
Tue Sep  8 16:13:08 2009,ProfilerEditPlugin.java,ylussaud
Tue Sep  8 16:13:08 2009,ProfilerItemProviderAdapterFactory.java,ylussaud
Tue Sep  8 16:13:08 2009,LoopProfileEntryItemProviderSpec.java,ylussaud
Tue Sep  8 16:13:08 2009,ProfileEntryItemProviderSpec.java,ylussaud
Tue Sep  8 16:13:08 2009,ProfilerItemProviderAdapterFactorySpec.java,ylussaud
Tue Sep  8 16:20:17 2009,.checkstyle,ylussaud
Tue Sep  8 16:20:17 2009,.classpath,ylussaud
Tue Sep  8 16:20:17 2009,.project,ylussaud
Tue Sep  8 16:20:17 2009,org.eclipse.jdt.core.prefs,ylussaud
Tue Sep  8 16:20:17 2009,org.eclipse.jdt.ui.prefs,ylussaud
Tue Sep  8 16:20:17 2009,MANIFEST.MF,ylussaud
Tue Sep  8 16:20:17 2009,build.properties,ylussaud
Tue Sep  8 16:20:17 2009,plugin.properties,ylussaud
Tue Sep  8 16:20:17 2009,plugin.xml,ylussaud
Tue Sep  8 16:20:17 2009,AcceleoProfilerEditorMessages.java,ylussaud
Tue Sep  8 16:20:17 2009,acceleoprofilereditormessages.properties,ylussaud
Tue Sep  8 16:20:17 2009,ProfilerActionBarContributor.java,ylussaud
Tue Sep  8 16:20:17 2009,ProfilerEditor.java,ylussaud
Tue Sep  8 16:20:17 2009,ProfilerEditorPlugin.java,ylussaud
Tue Sep  8 16:20:17 2009,ProfilerOutlineContentProvider.java,ylussaud
Tue Sep  8 16:20:17 2009,ProfilerSortAction.java,ylussaud
Tue Sep  8 16:20:17 2009,ProfilerSortStatus.java,ylussaud
Wed Sep  9  9:05:45 2009,MANIFEST.MF,ylussaud
Wed Sep  9  9:05:45 2009,AcceleoEvaluationVisitor.java,ylussaud
Wed Sep  9  9:05:50 2009,MANIFEST.MF,ylussaud
Wed Sep  9  9:05:50 2009,plugin.properties,ylussaud
Wed Sep  9  9:05:50 2009,plugin.xml,ylussaud
Wed Sep  9  9:05:50 2009,AcceleoPluginLaunchingStrategy.java,ylussaud
Wed Sep  9  9:05:50 2009,acceleouimessages.properties,ylussaud
Wed Sep  9  9:05:50 2009,FileTreeContentProvider.java,ylussaud
Wed Sep  9  9:05:50 2009,ResourceSelectionDialog.java,ylussaud
Wed Sep  9  9:05:50 2009,TreeSelectionComposite.java,ylussaud
Wed Sep  9  9:05:50 2009,AcceleoMainTab.java,ylussaud
Wed Sep  9  9:05:50 2009,IAcceleoLaunchConfigurationConstants.java,ylussaud
Wed Sep  9 12:45:24 2009,AcceleoMainTab.java,ylussaud
Wed Sep  9 12:56:13 2009,AcceleoMainTab.java,ylussaud
Tue Sep 29 14:19:43 2009,AcceleoWorkspaceUtil.java,ylussaud
Wed Sep 30 16:07:20 2009,.checkstyle,ylussaud
Wed Sep 30 16:07:20 2009,.classpath,ylussaud
Wed Sep 30 16:07:20 2009,.project,ylussaud
Wed Sep 30 16:07:20 2009,org.eclipse.jdt.core.prefs,ylussaud
Wed Sep 30 16:07:20 2009,org.eclipse.jdt.ui.prefs,ylussaud
Wed Sep 30 16:07:20 2009,MANIFEST.MF,ylussaud
Wed Sep 30 16:07:20 2009,about.html,ylussaud
Wed Sep 30 16:07:20 2009,build.properties,ylussaud
Wed Sep 30 16:07:20 2009,plugin.properties,ylussaud
Wed Sep 30 16:07:20 2009,AcceleoCompatibilityTestPlugin.java,ylussaud
Wed Sep 30 16:07:20 2009,AllTests.java,ylussaud
Wed Sep 30 16:07:20 2009,ParserTests.java,ylussaud
Wed Sep 30 16:07:20 2009,AbstractAcceleoTest.java,ylussaud
Wed Sep 30 16:07:20 2009,CallParserTest.java,ylussaud
Wed Sep 30 16:07:20 2009,CallSetParserTest.java,ylussaud
Wed Sep 30 16:07:20 2009,ExpressionParserTest.java,ylussaud
Wed Sep 30 16:07:20 2009,LiteralParserTest.java,ylussaud
Wed Sep 30 16:07:20 2009,NotParserTest.java,ylussaud
Wed Sep 30 16:07:20 2009,OperatorParserTest.java,ylussaud
Wed Sep 30 16:07:20 2009,ParenthesisParserTest.java,ylussaud
Wed Sep 30 16:07:20 2009,CommentParserTest.java,ylussaud
Wed Sep 30 16:07:20 2009,FeatureParserTest.java,ylussaud
Wed Sep 30 16:07:20 2009,ForParserTest.java,ylussaud
Wed Sep 30 16:07:20 2009,IfParserTest.java,ylussaud
Wed Sep 30 16:07:20 2009,TextParserTest.java,ylussaud
Wed Sep 30 16:07:20 2009,test.xml,ylussaud
Thu Oct  1 10:07:55 2009,CSTParserTests.java,ylussaud
Thu Oct  1 10:07:58 2009,acceleoparsermessages.properties,ylussaud
Thu Oct  1 10:07:58 2009,CSTParser.java,ylussaud
Thu Oct  1 15:30:46 2009,FileContentTests.java,ylussaud
