date_time,file,committer_name
Fri Jan 14 11:49:55 2022,org.eclipse.jdt.ui.prefs,Alexander Kurtakov
Fri Jan 14 11:49:55 2022,Bug577042_DarkButton.java,Alexander Kurtakov
Fri Jan 14 21:00:33 2022,WebKit.java,Alexander Kurtakov
Mon Jan 17 13:53:31 2022,WebkitGDBus.java,Alexander Kurtakov
Thu Jan 20  8:56:32 2022,Bug577858_macOS_DragStartsWhenCanceled.java,Alexander Kurtakov
Tue Jan 25  8:42:34 2022,Button.java,Alexander Kurtakov
Sun Jan 30  8:03:43 2022,WebkitGDBus.java,Alexander Kurtakov
Thu Feb 10 11:09:45 2022,Readme.Win32.md,Alexander Kurtakov
Thu Feb 10 11:09:45 2022,MANIFEST.MF,Alexander Kurtakov
Thu Feb 10 11:09:45 2022,pom.xml,Alexander Kurtakov
Thu Feb 10 11:09:45 2022,browser-content.html,Alexander Kurtakov
Thu Feb 10 11:09:45 2022,Bug525946_DownloadFunction.java,Alexander Kurtakov
Fri Feb 11 13:32:54 2022,ImageAnalyzer.java,Alexander Kurtakov
