date_time,file,committer_name
Wed May 17 15:10:00 2017,Scanner.hpp,Jason Hall
Wed May 17 15:10:00 2017,DwarfScanner.hpp,Jason Hall
Wed May 17 15:10:00 2017,PdbScanner.hpp,Jason Hall
Wed May 17 15:10:00 2017,Makefile,Jason Hall
Wed May 17 15:10:00 2017,Scanner.cpp,Jason Hall
Wed May 17 15:10:00 2017,DwarfScanner.cpp,Jason Hall
Wed May 17 15:10:00 2017,PdbScanner.cpp,Jason Hall
Wed May 17 15:10:00 2017,ddrgen.cpp,Jason Hall
Tue May 23 15:06:21 2017,TypedefUDT.hpp,Jason Hall
Tue May 23 15:06:21 2017,genBinaryBlob.cpp,Jason Hall
Tue May 23 15:06:21 2017,genSuperset.cpp,Jason Hall
Tue May 23 15:06:21 2017,Field.cpp,Jason Hall
Tue May 23 15:06:21 2017,TypedefUDT.cpp,Jason Hall
Tue May 23 15:06:21 2017,DwarfScanner.cpp,Jason Hall
Tue May 23 15:36:41 2017,DwarfScanner.hpp,Jason Hall
Tue May 23 15:36:41 2017,DwarfScanner.cpp,Jason Hall
Tue May 23 18:13:34 2017,ClassType.hpp,Jason Hall
Tue May 23 18:13:34 2017,ClassUDT.hpp,Jason Hall
Tue May 23 18:13:34 2017,EnumUDT.hpp,Jason Hall
Tue May 23 18:13:34 2017,Field.hpp,Jason Hall
Tue May 23 18:13:34 2017,Type.hpp,Jason Hall
Tue May 23 18:13:34 2017,UDT.hpp,Jason Hall
Tue May 23 18:13:34 2017,genBinaryBlob.cpp,Jason Hall
Tue May 23 18:13:34 2017,genSuperset.cpp,Jason Hall
Tue May 23 18:13:34 2017,ClassType.cpp,Jason Hall
Tue May 23 18:13:34 2017,ClassUDT.cpp,Jason Hall
Tue May 23 18:13:34 2017,EnumUDT.cpp,Jason Hall
Tue May 23 18:13:34 2017,Field.cpp,Jason Hall
Tue May 23 18:13:34 2017,Type.cpp,Jason Hall
Tue May 23 18:13:34 2017,UDT.cpp,Jason Hall
Tue May 23 18:31:58 2017,Symbol_IR.cpp,Jason Hall
Tue May 23 19:01:38 2017,Scanner.cpp,Jason Hall
Wed May 24 19:46:44 2017,ClassType.hpp,Jason Hall
Wed May 24 19:46:44 2017,ClassUDT.hpp,Jason Hall
Wed May 24 19:46:44 2017,EnumUDT.hpp,Jason Hall
Wed May 24 19:46:44 2017,NamespaceUDT.hpp,Jason Hall
Wed May 24 19:46:44 2017,Type.hpp,Jason Hall
Wed May 24 19:46:44 2017,TypedefUDT.hpp,Jason Hall
Wed May 24 19:46:44 2017,UDT.hpp,Jason Hall
Wed May 24 19:46:44 2017,ClassType.cpp,Jason Hall
Wed May 24 19:46:44 2017,ClassUDT.cpp,Jason Hall
Wed May 24 19:46:44 2017,EnumUDT.cpp,Jason Hall
Wed May 24 19:46:44 2017,NamespaceUDT.cpp,Jason Hall
Wed May 24 19:46:44 2017,Type.cpp,Jason Hall
Wed May 24 19:46:44 2017,TypedefUDT.cpp,Jason Hall
Wed May 24 19:46:44 2017,UDT.cpp,Jason Hall
Thu May 25 14:40:35 2017,Scanner.cpp,Jason Hall
Thu May 25 14:40:35 2017,DwarfScanner.cpp,Jason Hall
Thu May 25 14:40:35 2017,blackList.txt,Jason Hall
Thu May 25 14:40:35 2017,blacklist,Jason Hall
Thu May 25 15:15:37 2017,genSuperset.hpp,Jason Hall
Thu May 25 15:15:37 2017,ClassUDT.hpp,Jason Hall
Thu May 25 15:15:37 2017,EnumUDT.hpp,Jason Hall
Thu May 25 15:15:37 2017,NamespaceUDT.hpp,Jason Hall
Thu May 25 15:15:37 2017,Symbol_IR.hpp,Jason Hall
Thu May 25 15:15:37 2017,Type.hpp,Jason Hall
Thu May 25 15:15:37 2017,TypedefUDT.hpp,Jason Hall
Thu May 25 15:15:37 2017,UDT.hpp,Jason Hall
Thu May 25 15:15:37 2017,UnionUDT.hpp,Jason Hall
Thu May 25 15:15:37 2017,genSuperset.cpp,Jason Hall
Thu May 25 15:15:37 2017,ClassUDT.cpp,Jason Hall
Thu May 25 15:15:37 2017,EnumUDT.cpp,Jason Hall
Thu May 25 15:15:37 2017,NamespaceUDT.cpp,Jason Hall
Thu May 25 15:15:37 2017,Symbol_IR.cpp,Jason Hall
Thu May 25 15:15:37 2017,Type.cpp,Jason Hall
Thu May 25 15:15:37 2017,TypedefUDT.cpp,Jason Hall
Thu May 25 15:15:37 2017,UDT.cpp,Jason Hall
Thu May 25 15:15:37 2017,UnionUDT.cpp,Jason Hall
Thu May 25 15:15:37 2017,ddrgen.cpp,Jason Hall
Thu May 25 19:44:50 2017,ClassType.hpp,Jason Hall
Thu May 25 19:44:50 2017,NamespaceUDT.hpp,Jason Hall
Thu May 25 19:44:50 2017,Symbol_IR.hpp,Jason Hall
Thu May 25 19:44:50 2017,Type.hpp,Jason Hall
Thu May 25 19:44:50 2017,TypedefUDT.hpp,Jason Hall
Thu May 25 19:44:50 2017,UDT.hpp,Jason Hall
Thu May 25 19:44:50 2017,UnionUDT.hpp,Jason Hall
Thu May 25 19:44:50 2017,genBinaryBlob.cpp,Jason Hall
Thu May 25 19:44:50 2017,genSuperset.cpp,Jason Hall
Thu May 25 19:44:50 2017,ClassType.cpp,Jason Hall
Thu May 25 19:44:50 2017,EnumUDT.cpp,Jason Hall
Thu May 25 19:44:50 2017,NamespaceUDT.cpp,Jason Hall
Thu May 25 19:44:50 2017,Symbol_IR.cpp,Jason Hall
Thu May 25 19:44:50 2017,Type.cpp,Jason Hall
Thu May 25 19:44:50 2017,TypedefUDT.cpp,Jason Hall
Thu May 25 19:44:50 2017,UDT.cpp,Jason Hall
Thu May 25 19:44:50 2017,UnionUDT.cpp,Jason Hall
Thu May 25 19:44:50 2017,MacroTool.cpp,Jason Hall
Thu May 25 19:44:50 2017,DwarfScanner.cpp,Jason Hall
Thu May 25 19:44:50 2017,ddrgen.cpp,Jason Hall
Fri May 26 16:21:07 2017,sample2.cpp,Jason Hall
Fri May 26 16:23:59 2017,genBinaryBlob.cpp,Jason Hall
Fri May 26 16:23:59 2017,genSuperset.cpp,Jason Hall
Fri May 26 16:23:59 2017,DwarfScanner.cpp,Jason Hall
Fri May 26 16:30:37 2017,NamespaceUDT.cpp,Jason Hall
Fri May 26 16:30:37 2017,MacroTool.cpp,Jason Hall
Fri May 26 19:30:12 2017,genBinaryBlob.cpp,Jason Hall
Fri May 26 19:30:50 2017,DwarfScanner.cpp,Jason Hall
Fri May 26 21:20:51 2017,PdbScanner.cpp,Jason Hall
Fri May 26 21:21:59 2017,genBlob.hpp,Jason Hall
Fri May 26 21:21:59 2017,genSuperset.hpp,Jason Hall
Fri May 26 21:21:59 2017,ClassUDT.hpp,Jason Hall
Fri May 26 21:21:59 2017,EnumUDT.hpp,Jason Hall
Fri May 26 21:21:59 2017,NamespaceUDT.hpp,Jason Hall
Fri May 26 21:21:59 2017,Type.hpp,Jason Hall
Fri May 26 21:21:59 2017,TypedefUDT.hpp,Jason Hall
Fri May 26 21:21:59 2017,UnionUDT.hpp,Jason Hall
Fri May 26 21:21:59 2017,genSuperset.cpp,Jason Hall
Fri May 26 21:21:59 2017,ClassUDT.cpp,Jason Hall
Fri May 26 21:21:59 2017,EnumUDT.cpp,Jason Hall
Fri May 26 21:21:59 2017,NamespaceUDT.cpp,Jason Hall
Fri May 26 21:21:59 2017,Type.cpp,Jason Hall
Fri May 26 21:21:59 2017,TypedefUDT.cpp,Jason Hall
Fri May 26 21:21:59 2017,UnionUDT.cpp,Jason Hall
Mon May 29 15:49:50 2017,genBlob.hpp,Jason Hall
Mon May 29 15:49:50 2017,genBinaryBlob.hpp,Jason Hall
Mon May 29 15:49:50 2017,ClassUDT.hpp,Jason Hall
Mon May 29 15:49:50 2017,EnumUDT.hpp,Jason Hall
Mon May 29 15:49:50 2017,NamespaceUDT.hpp,Jason Hall
Mon May 29 15:49:50 2017,Type.hpp,Jason Hall
Mon May 29 15:49:50 2017,TypedefUDT.hpp,Jason Hall
Mon May 29 15:49:50 2017,UnionUDT.hpp,Jason Hall
Mon May 29 15:49:50 2017,Scanner.hpp,Jason Hall
Mon May 29 15:49:50 2017,DwarfScanner.hpp,Jason Hall
Mon May 29 15:49:50 2017,PdbScanner.hpp,Jason Hall
Mon May 29 15:49:50 2017,genBinaryBlob.cpp,Jason Hall
Mon May 29 15:49:50 2017,ClassUDT.cpp,Jason Hall
Mon May 29 15:49:50 2017,EnumUDT.cpp,Jason Hall
Mon May 29 15:49:50 2017,NamespaceUDT.cpp,Jason Hall
Mon May 29 15:49:50 2017,Type.cpp,Jason Hall
Mon May 29 15:49:50 2017,TypedefUDT.cpp,Jason Hall
Mon May 29 15:49:50 2017,UnionUDT.cpp,Jason Hall
Mon May 29 15:49:50 2017,DwarfScanner.cpp,Jason Hall
Mon May 29 15:49:50 2017,PdbScanner.cpp,Jason Hall
Tue May 30 19:46:20 2017,genSuperset.hpp,Jason Hall
Tue May 30 19:46:20 2017,Field.hpp,Jason Hall
Tue May 30 19:46:20 2017,Type.hpp,Jason Hall
Tue May 30 19:46:20 2017,TypedefUDT.hpp,Jason Hall
Tue May 30 19:46:20 2017,genBinaryBlob.cpp,Jason Hall
Tue May 30 19:46:20 2017,genSuperset.cpp,Jason Hall
Tue May 30 19:46:20 2017,Field.cpp,Jason Hall
Tue May 30 19:46:20 2017,Type.cpp,Jason Hall
Tue May 30 19:46:20 2017,TypedefUDT.cpp,Jason Hall
Tue May 30 19:46:20 2017,DwarfScanner.cpp,Jason Hall
Tue May 30 19:58:09 2017,ClassType.hpp,Jason Hall
Tue May 30 19:58:09 2017,Type.hpp,Jason Hall
Tue May 30 19:58:09 2017,UDT.hpp,Jason Hall
Tue May 30 19:58:09 2017,ClassType.cpp,Jason Hall
Tue May 30 19:58:09 2017,ClassUDT.cpp,Jason Hall
Tue May 30 19:58:09 2017,EnumUDT.cpp,Jason Hall
Tue May 30 19:58:09 2017,NamespaceUDT.cpp,Jason Hall
Tue May 30 19:58:09 2017,Symbol_IR.cpp,Jason Hall
Tue May 30 19:58:09 2017,Type.cpp,Jason Hall
Tue May 30 19:58:09 2017,TypedefUDT.cpp,Jason Hall
Tue May 30 19:58:09 2017,UDT.cpp,Jason Hall
Tue May 30 19:58:09 2017,UnionUDT.cpp,Jason Hall
Tue May 30 19:58:09 2017,DwarfScanner.cpp,Jason Hall
Tue May 30 19:58:09 2017,PdbScanner.cpp,Jason Hall
Wed May 31 15:39:49 2017,TypeVisitor.hpp,Jason Hall
Thu Jun  1 17:57:48 2017,Modifiers.hpp,Jason Hall
Thu Jun  1 17:57:48 2017,Type.hpp,Jason Hall
Thu Jun  1 17:57:48 2017,TypedefUDT.hpp,Jason Hall
Thu Jun  1 17:57:48 2017,genBinaryBlob.cpp,Jason Hall
Thu Jun  1 17:57:48 2017,genSuperset.cpp,Jason Hall
Thu Jun  1 17:57:48 2017,Modifiers.cpp,Jason Hall
Thu Jun  1 17:57:48 2017,Type.cpp,Jason Hall
Thu Jun  1 17:57:48 2017,TypedefUDT.cpp,Jason Hall
Thu Jun  1 17:57:48 2017,Scanner.cpp,Jason Hall
Thu Jun  1 17:57:48 2017,PdbScanner.cpp,Jason Hall
Thu Jun  1 17:57:48 2017,makefile,Jason Hall
Fri Jun  2 15:00:51 2017,PdbScanner.cpp,Jason Hall
Fri Jun  2 15:02:03 2017,PdbScanner.cpp,Jason Hall
